,종목명,시가,고가,저가,종가,거래량,거래대금,BPS,PER,PBR,EPS,DIV,DPS
068400,AJ렌터카,10150,10300,9960,10200,155298,1566278500,6883.0,11.37,1.4813841620659596,897.0,0.0,0.0
006840,AK홀딩스,22050,22600,21750,22450,31989,717825050,38797.0,3.27,0.5781955797162152,6861.0,3.34,750.0
138930,BS금융지주,15750,15750,14950,15150,781623,11857231600,15281.0,7.15,0.9917340160984229,2120.0,2.31,350.0
001460,BYC,194500,194500,189500,191000,417,79913000,367590.0,4.45,0.5196746566317092,42935.0,0.45,850.0
001465,BYC우,68000,68000,66500,67300,165,11006000,0.0,0.0,0.0,0.0,1.34,900.0
001040,CJ,127500,132000,127000,132000,108081,14042721000,97949.0,10.04,1.3474722017325342,13147.0,0.49,650.0
079160,CJ CGV,40200,40200,39150,39250,142833,5624820650,14832.0,43.8,2.6467098166127294,896.0,0.76,300.0
000120,CJ대한통운,113000,114000,110500,114000,65243,7337787500,96993.0,23.47,1.1754578938686298,4858.0,0.0,0.0
011150,CJ씨푸드,2700,2740,2690,2730,103031,280479130,925.0,24.16,2.9509797297297298,113.0,0.0,0.0
011155,CJ씨푸드1우,4800,4830,4700,4750,290,1382050,0.0,0.0,0.0,0.0,0.0,0.0
001045,CJ우,27800,28300,27750,28300,33991,945699800,0.0,0.0,0.0,0.0,2.47,700.0
097950,CJ제일제당,364000,366500,361500,365000,25829,9419893000,188796.0,16.7,1.933463069927329,21854.0,0.49,1800.0
097955,CJ제일제당 우,69400,70300,69200,70300,3868,268944200,0.0,0.0,0.0,0.0,2.63,1850.0
037560,CJ헬로비전,14750,14750,14400,14450,233994,3384716800,10947.0,11.0,1.3203617429432721,1314.0,0.0,0.0
000590,CS홀딩스,32400,32600,32400,32550,150,4873000,141010.0,3.03,0.23106954958868164,10756.0,0.0,0.0
139130,DGB금융지주,16200,16200,15950,16000,141468,2265232700,17093.0,0.0,0.0,0.0,2.19,350.0
004840,DRB동일,6050,6100,5990,6020,34368,206960070,9973.0,4.61,0.6031519477589492,1305.0,0.5,30.0
069730,DSR제강,2855,2880,2830,2860,11400,32568950,6957.0,4.37,0.41153750269512723,655.0,1.05,30.0
017940,E1,63500,64400,63500,63800,4598,294043500,148057.0,5.81,0.43112204569017337,10989.0,2.35,1500.0
007700,F&F,5850,6060,5850,6050,850,5030200,10709.0,4.73,0.5649705417172471,1279.0,2.48,150.0
114090,GKL,28500,28800,27400,27800,789700,21980169750,3578.0,27.8,7.76883035215204,1000.0,1.84,512.0
078930,GS,68700,68900,68300,68600,227066,15566277600,63523.0,8.4,1.080295842647545,8171.0,1.97,1350.0
006360,GS건설,53400,54100,53100,53700,302686,16252893400,73237.0,6.27,0.7330447191139724,8563.0,1.86,1000.0
001250,GS글로벌,10800,11150,10800,11150,85012,937674300,9969.0,0.0,0.0,0.0,1.12,125.0
007070,GS리테일,29000,29200,28600,29000,101674,2943915500,18574.0,23.9,1.5612297431894044,1213.0,1.03,300.0
078935,GS우,23050,23150,23050,23150,720,16619500,0.0,0.0,0.0,0.0,6.05,1400.0
035000,GⅡR,6950,7000,6910,7000,7700,53736600,6553.0,15.05,1.0677242293605982,465.0,2.86,200.0
001500,HMC투자증권,13900,13900,13600,13750,44562,611852000,22706.0,10.96,0.6058300256540121,1255.0,1.09,150.0
011420,IB스포츠,1585,1595,1575,1590,18780,29771750,1215.0,10.13,1.3093428497942388,157.0,0.0,0.0
003560,IHQ,2285,2285,2215,2230,277171,619716780,727.0,41.3,3.0686038514442915,54.0,0.0,0.0
005560,JS전선,8690,8720,8560,8600,21913,189476500,10389.0,0.0,0.0,0.0,0.0,0.0
001060,JW중외제약,13850,13850,13600,13700,28304,388035800,15047.0,0.0,0.0,0.0,1.46,200.0
001067,JW중외제약2우B,0,0,0,15950,0,0,0.0,0.0,0.0,0.0,1.25,200.0
001065,JW중외제약우,10700,10900,10700,10850,190,2039500,0.0,0.0,0.0,0.0,2.07,225.0
096760,JW홀딩스,2350,2370,2300,2300,61683,143772850,2001.0,0.0,0.0,0.0,1.74,40.0
105560,KB금융,37250,37600,37250,37550,1240348,45992070150,59319.0,5.81,0.6326695362152093,6461.0,1.92,720.0
002380,KCC,282000,283000,280500,282000,9435,2658575500,474737.0,8.48,0.5937238012836581,33252.0,2.84,8000.0
009070,KCTC,15150,15300,15000,15300,840,12778500,48434.0,15.35,0.31600751151050915,997.0,1.31,200.0
009440,KC그린홀딩스,3640,3810,3600,3790,442692,1659569640,5136.0,8.65,0.7375419830607477,438.0,1.32,50.0
119650,KC코트렐,11550,12300,11500,12150,90200,1083747100,6005.0,11.64,2.0237822647793506,1044.0,3.46,420.0
092220,KEC,424,429,414,415,1597122,669087160,1132.0,0.0,0.0,0.0,0.0,0.0
109070,KGP,1880,1970,1815,1900,21340,40808750,5789.0,0.0,0.0,0.0,0.0,0.0
001390,KG케미칼,11750,11950,11650,11800,29763,351128400,16246.0,25.31,0.7260633386679798,466.0,2.12,250.0
001940,KISCO홀딩스,33600,33650,33600,33600,2731,91766100,167796.0,0.0,0.0,0.0,2.68,900.0
083420,KPX그린케미칼,4515,4635,4515,4635,46450,212915350,4513.0,8.47,1.0264582871703967,547.0,3.24,150.0
025000,KPX케미칼,46300,46800,46050,46800,4784,222822200,62418.0,4.45,0.7488784034653465,10506.0,3.21,1500.0
092230,KPX홀딩스,40700,40850,40700,40800,233,9501900,122781.0,4.55,0.3325030631266238,8971.0,4.41,1800.0
025850,KPX화인케미칼,25350,25400,25050,25400,5671,143184400,36011.0,0.0,0.0,0.0,1.97,500.0
044450,KSS해운,8260,8260,8180,8190,2820,23124000,11498.0,3.78,0.7129322422921378,2169.0,1.1,90.0
030200,KT,35500,35550,34800,35050,1406121,49308799150,44825.0,5.89,0.7813866424986057,5946.0,5.71,2000.0
033780,KT&G,79400,79400,78200,78400,153730,12099394700,34875.0,12.15,2.2471561379928318,6451.0,4.08,3200.0
030210,KTB투자증권,2870,2870,2750,2755,921294,2565318370,6702.0,19.95,0.4108521709937332,138.0,0.0,0.0
058850,KTcs,2200,2225,2190,2215,52617,116037905,2487.0,5.15,0.8901600824286289,430.0,3.16,70.0
003550,LG,63200,63600,62800,63200,228066,14446055900,59984.0,11.36,1.0538630613997066,5565.0,1.58,1000.0
034220,LG디스플레이,29100,29600,29100,29350,1064184,31285430700,28271.0,0.0,0.0,0.0,0.0,0.0
001120,LG상사,43900,44400,43750,44400,90055,3978583900,34555.0,6.93,1.2852660161337,6409.0,1.13,500.0
068870,LG생명과학,57300,58000,56900,57000,75285,4306710800,14732.0,168.1,3.868746606027695,339.0,0.0,0.0
068875,LG생명과학우,22800,23000,22700,23000,640,14593500,0.0,0.0,0.0,0.0,0.0,0.0
051900,LG생활건강,611000,611000,602000,608000,21196,12853730000,56295.0,38.53,10.80476618705036,15786.0,0.58,3500.0
051905,LG생활건강우,182000,182000,175500,178000,218,38721500,0.0,0.0,0.0,0.0,1.99,3550.0
003555,LG우,21800,22050,21800,22050,1895,41579750,0.0,0.0,0.0,0.0,4.76,1050.0
032640,LG유플러스,8800,8850,8650,8720,1812223,15855878430,7494.0,44.5,1.163864424873232,196.0,1.72,150.0
011070,LG이노텍,71200,73800,71200,73000,95073,6935038000,65717.0,0.0,0.0,0.0,0.0,0.0
066570,LG전자,75100,76200,75000,75400,973726,73710856100,71303.0,0.0,0.0,0.0,0.27,200.0
066575,LG전자우,20150,20450,20150,20350,32619,664015650,0.0,0.0,0.0,0.0,1.23,250.0
093050,LG패션,28950,29100,28650,28950,117038,3381347300,28101.0,8.79,1.0299413833137612,3293.0,1.38,400.0
108670,LG하우시스,74800,76600,74400,75000,92490,6747394000,72146.0,16.1,1.0392922857816096,4659.0,1.33,1000.0
108675,LG하우시스우,20200,20400,20200,20400,205,4162000,0.0,0.0,0.0,0.0,5.15,1050.0
051910,LG화학,304500,306000,300000,301500,180213,54380749500,129276.0,10.37,2.331165672185866,29069.0,1.33,4000.0
051915,LG화학우,97000,97200,96400,96600,10005,965697700,0.0,0.0,0.0,0.0,4.19,4050.0
002550,LIG손해보험,24100,24300,23950,24100,193735,4669196500,21960.0,5.89,1.0968472506830602,4089.0,3.32,800.0
006260,LS,87600,88100,86800,87100,53222,4646657000,69755.0,20.56,1.248990215755143,4237.0,1.44,1250.0
000680,LS네트웍스,4335,4335,4275,4335,23214,99908740,10406.0,28.7,0.41650700317124734,151.0,1.15,50.0
000685,LS네트웍스우,0,0,0,26650,0,0,0.0,0.0,0.0,0.0,0.38,100.0
000687,LS네트웍스전환상환2우B,4355,4680,4355,4680,20,90350,0.0,0.0,0.0,0.0,3.74,175.0
010120,LS산전,65500,65900,64900,65400,49636,3237944600,25718.0,27.25,2.5429660160199083,2400.0,0.92,600.0
023150,MH에탄올,3265,3265,3185,3235,11750,37660200,5994.0,0.0,0.0,0.0,0.0,0.0
035420,NHN,247000,249000,244000,248000,139704,34525619500,32778.0,24.47,7.565022652388797,10134.0,0.22,536.0
016420,NH농협증권,5340,5410,5300,5340,91525,488506300,10107.0,7.43,0.528539162214307,719.0,0.94,50.0
034310,NICE,70900,72000,69000,70000,5555,388008700,86725.0,7.42,0.8070994883251658,9431.0,0.93,650.0
008260,NI스틸,1685,1685,1650,1665,43591,72368625,2025.0,7.37,0.822650462962963,226.0,3.0,50.0
004250,NPC,2455,2480,2445,2470,52090,128166750,2847.0,6.88,0.8674138896206534,359.0,2.63,65.0
004255,NPC우,1250,1260,1250,1260,590,742500,0.0,0.0,0.0,0.0,5.56,70.0
010060,OCI,170500,172000,170000,171000,95785,16371184500,139821.0,5.25,1.2236144785118115,32588.0,1.29,2200.0
005490,POSCO,363000,367000,362500,364000,48985,17859903000,439933.0,7.71,0.8277199312167989,47224.0,2.75,10000.0
100840,S&TC,16300,16450,16100,16400,6960,113369500,22668.0,0.0,0.0,0.0,0.0,0.0
000040,S&T모터스,476,483,473,474,178350,84915920,594.0,29.62,0.797979797979798,16.0,0.0,0.0
064960,S&T모티브,22350,22950,22350,22850,9810,222173000,29884.0,6.54,0.7645390300829875,3494.0,1.75,400.0
003570,S&T중공업,11900,12200,11900,12200,139714,1693190600,20226.0,6.98,0.6036210740507267,1749.0,3.28,400.0
036530,S&T홀딩스,9810,9930,9810,9900,5905,58351850,31414.0,4.64,0.3149491468771885,2132.0,4.04,400.0
010950,S-Oil,98500,100500,98200,99300,270183,26941006500,44812.0,9.71,2.2166647256873158,10229.0,4.83,4800.0
010955,S-Oil우,59900,60700,59700,60600,4472,270205800,0.0,0.0,0.0,0.0,7.96,4825.0
950100,SBI모기지,10000,10350,10000,10150,85240,867819500,,,,,,
034120,SBS,44950,46050,44900,45800,158584,7215886750,29101.0,14.15,1.5732910810625065,3236.0,1.64,750.0
101060,SBS미디어홀딩스,5760,5840,5670,5750,1951093,11267529590,4111.0,12.78,1.3990665288251034,450.0,1.04,60.0
004060,SG세계물산,1070,1115,997,1020,25244756,26886174950,1035.0,102.0,0.9855072463768116,10.0,0.0,0.0
001380,SG충남방적,1430,1430,1350,1370,37170,51281150,3132.0,195.8,0.4375,7.0,0.0,0.0
001385,SG충남방적우,0,0,0,1575000,0,0,0.0,0.0,0.0,0.0,0.0,0.0
002360,SH에너지화학,1115,1120,1085,1085,4026774,4418020060,568.0,57.12,1.9108714788732395,19.0,0.0,0.0
002365,SH에너지화학우,50500,51300,50000,51300,67,3372500,0.0,0.0,0.0,0.0,0.0,0.0
009160,SIMPAC,6410,6470,6230,6250,353489,2226326020,5809.0,6.76,1.0767068073248407,925.0,1.6,100.0
123700,SJM,8130,8200,8000,8180,16180,131148800,6980.0,5.58,1.1715660816618911,1466.0,2.44,200.0
025530,SJM홀딩스,3940,4150,3940,4050,11890,48146900,7545.0,5.09,0.5369802021206097,796.0,3.7,150.0
003600,SK,176500,178500,175500,177500,76590,13530230500,226463.0,4.3,0.7846172546674292,41315.0,1.1,1950.0
034730,SK C&C,105000,105500,103500,105500,40297,4211605000,45147.0,11.44,2.3373064655458835,9226.0,0.95,1000.0
011790,SKC,34550,36350,34400,36350,343695,12248642100,31121.0,10.35,1.1681722149031202,3512.0,1.38,500.0
018670,SK가스,77100,78300,76400,78300,27493,2121696700,94825.0,5.42,0.8262748813604007,14451.0,2.17,1700.0
001740,SK네트웍스,7650,7710,7630,7690,369948,2840759010,13013.0,13.1,0.5909949425574426,587.0,1.95,150.0
001745,SK네트웍스우,0,0,0,9800,0,0,0.0,0.0,0.0,0.0,1.79,175.0
003605,SK우,50600,50600,50600,50600,31,1568600,0.0,0.0,0.0,0.0,3.95,2000.0
096770,SK이노베이션,177000,180500,176500,177500,243462,43398156000,155551.0,5.22,1.1408372495194503,34004.0,1.58,2800.0
096775,SK이노베이션우,52900,53100,51600,53000,557,29490800,0.0,0.0,0.0,0.0,5.38,2850.0
001510,SK증권,1090,1105,1085,1090,1335508,1460871560,1397.0,0.0,0.0,0.0,0.92,10.0
001515,SK증권우,980,984,980,984,7231,7107904,0.0,0.0,0.0,0.0,1.52,15.0
006120,SK케미칼,54500,55600,54500,55200,67182,3703074300,51979.0,6.38,1.0625169840223936,8658.0,0.72,400.0
006125,SK케미칼우,13650,13800,13650,13750,1750,23923000,0.0,0.0,0.0,0.0,3.27,450.0
017670,SK텔레콤,176000,176000,172500,174000,111302,19420418500,144427.0,7.62,1.2056384886482445,22848.0,5.4,9400.0
000660,SK하이닉스,25800,26100,25750,25850,1779504,46084882700,13300.0,0.0,0.0,0.0,0.0,0.0
011810,STX,7630,7720,7630,7700,91448,702671550,28518.0,1.88,0.2695434750092047,4089.0,3.25,250.0
077970,STX엔진,8030,8050,7930,8020,51624,413384190,24568.0,3.36,0.3265299373168349,2388.0,3.12,250.0
067250,STX조선해양,6670,6920,6660,6900,691989,4703908630,17394.0,7.62,0.39695935020696793,906.0,2.9,200.0
071970,STX중공업,4960,5040,4955,5030,37171,185179160,16375.0,15.24,0.30717080152671755,330.0,2.98,150.0
028670,STX팬오션,5020,5070,4995,5050,1271473,6392520490,11759.0,0.0,0.0,0.0,1.58,80.0
002710,TCC동양,4250,4325,4240,4285,18252,77726170,13317.0,14.53,0.32189823158369,295.0,3.5,150.0
011000,VGX인터,1485,1515,1480,1500,455594,681365900,661.0,0.0,0.0,0.0,0.0,0.0
024070,WISCOM,4350,4365,4320,4360,7980,34706700,7669.0,6.95,0.5681523218476985,627.0,6.88,300.0
000500,가온전선,21450,21450,21050,21300,6196,131847300,62495.0,0.0,0.0,0.0,2.35,500.0
035250,강원랜드,31700,31900,30900,31300,491850,15390076150,10551.0,16.69,2.965506823997725,1875.0,2.91,910.0
000860,건설화학,22000,22400,21850,22150,2980,65708000,46709.0,5.81,0.4739247421535464,3811.0,1.81,400.0
000800,경남기업,6600,6780,6450,6780,85004,562414820,26313.0,1.34,0.25678683659217877,5043.0,1.47,100.0
008020,경남에너지,4600,4600,4510,4550,43790,199470950,8568.0,4.81,0.5303596047794118,945.0,2.75,125.0
002100,경농,3295,3300,3235,3250,9825,32173250,6579.0,112.06,0.4939675482596139,29.0,6.15,200.0
012320,경동가스,73500,74300,73500,74200,3395,251789600,116067.0,8.53,0.6391068843857427,8695.0,1.48,1100.0
009450,경동나비엔,11400,11800,11400,11800,12012,139393100,13044.0,15.75,0.9043813247470102,749.0,0.85,100.0
000050,경방,84800,86000,84500,85500,854,72723400,252845.0,0.0,0.0,0.0,0.0,0.0
012610,경인양행,2805,2815,2790,2790,62500,174752750,4289.0,38.75,0.6505012823501982,72.0,1.79,50.0
009140,경인전자,13600,14900,13600,14800,1930,28054000,35320.0,22.36,0.419080018403171,662.0,3.38,500.0
013580,계룡건설,9270,9270,9100,9170,15771,144408870,51688.0,8.49,0.17744084700510757,1080.0,1.09,100.0
012200,계양전기,2405,2410,2390,2395,69280,166164150,4076.0,11.8,0.5875283672718351,203.0,2.09,50.0
012205,계양전기우,1500,1500,1480,1480,220,325800,0.0,0.0,0.0,0.0,3.72,55.0
004200,고려개발,2115,2180,2075,2160,30307,64699810,6147.0,0.0,0.0,0.0,0.0,0.0
002140,고려산업,5690,5800,5610,5690,1750,9896800,11219.0,6.18,0.5073083329619396,921.0,2.64,150.0
010130,고려아연,387000,394000,383500,385000,57491,22244513500,179655.0,9.66,2.1428592301912,39868.0,1.3,5000.0
002240,고려제강,28250,28400,27900,28250,15404,433782750,88629.0,3.9,0.31866238494877525,7241.0,1.24,350.0
009810,고려포리머,587,603,579,589,97870,57598200,1655.0,0.0,0.0,0.0,0.0,0.0
009815,고려포리머우,750000,750000,750000,750000,1,750000,0.0,0.0,0.0,0.0,0.0,0.0
119250,골든나래리츠,345,356,342,344,3025935,1051491764,,,,,,
001290,골든브릿지증권,1235,1245,1215,1240,26874,33066720,4018.0,0.0,0.0,0.0,4.84,60.0
009290,광동제약,6860,7020,6760,6770,531294,3674806230,4733.0,9.91,1.4295306887809,683.0,0.74,50.0
017040,광명전기,2455,2465,2425,2445,458072,1117460655,1288.0,0.0,0.0,0.0,0.0,0.0
017900,광전자,1810,1820,1790,1795,171917,309771060,3897.0,0.0,0.0,0.0,0.0,0.0
037710,광주신세계,244000,245500,243500,244000,780,190835500,193884.0,7.47,1.258736538342514,32676.0,0.51,1250.0
140910,광희리츠,3880,3885,3715,3870,6660,25192150,,,,,,
030610,교보증권,5640,5720,5590,5670,73372,414986500,16122.0,9.28,0.3517456736136956,611.0,1.76,100.0
007690,국도화학,41350,41950,41300,41950,10170,422714500,52866.0,10.02,0.7934794752298263,4185.0,1.91,800.0
005320,국동,1680,1680,1565,1590,32257,51718780,1454.0,0.0,0.0,0.0,0.0,0.0
001140,국보,12050,12100,11950,12100,2770,33239500,33475.0,0.0,0.0,0.0,0.41,50.0
002720,국제약품,2395,2425,2360,2370,202381,482597170,4956.0,0.0,0.0,0.0,0.84,20.0
014530,극동유화,20550,20800,20550,20750,930,19204000,26562.0,7.5,0.7807205782697086,2765.0,3.37,700.0
002250,근화제약,21800,22400,21500,22050,48330,1063202150,22747.0,19.78,0.969626489207368,1115.0,2.72,600.0
012410,글로스텍,1640,1680,1625,1640,478313,789268780,761.0,0.0,0.0,0.0,0.0,0.0
014280,금강공업,14400,14600,14350,14600,28410,413382000,38744.0,442.5,0.3768970679330993,33.0,1.71,250.0
014285,금강공업우,10050,10250,10000,10250,280,2809000,0.0,0.0,0.0,0.0,2.93,300.0
008870,금비,27300,28450,27300,27600,340,9466900,78735.0,47.03,0.35063623229821556,587.0,4.35,1200.0
001570,금양,1045,1055,1030,1035,65890,68191700,1148.0,11.76,0.901295731707317,88.0,2.42,25.0
002990,금호산업,2565,2700,2415,2550,1415631,3625760130,1087.0,0.0,0.0,0.0,0.0,0.0
002995,금호산업우,1200,1200,1125,1155,22920,26333525,0.0,0.0,0.0,0.0,0.0,0.0
011780,금호석유,122000,122000,118500,119500,184016,22040749500,43226.0,4.83,2.761433729121362,24723.0,1.67,2000.0
011785,금호석유우,26300,26400,26150,26350,540,14196500,0.0,0.0,0.0,0.0,7.78,2050.0
001210,금호전기,35850,36650,35500,35700,142603,5124819100,33667.0,28.58,1.0602096452015326,1249.0,1.26,450.0
010050,금호종금,575,640,568,585,8051942,4780755988,277.0,0.0,0.0,0.0,0.0,0.0
073240,금호타이어,11200,11250,11000,11150,258280,2877584000,4219.0,0.0,0.0,0.0,0.0,0.0
092440,기신정기,6950,7130,6900,7050,55310,387893520,6253.0,24.06,1.1275087957780265,293.0,2.84,200.0
000270,기아차,52700,53800,52600,53700,1167598,61285705700,33441.0,6.26,1.6052664347283274,8573.0,1.12,600.0
024110,기업은행,12550,12850,12500,12700,2392656,30493824450,20388.0,5.76,0.6234231686531293,2206.0,4.57,580.0
004540,깨끗한나라,4750,4860,4745,4775,15700,75309800,4247.0,97.44,1.124190605133035,49.0,0.0,0.0
004545,깨끗한나라우,4855,5060,4855,4990,150,734750,0.0,0.0,0.0,0.0,0.0,0.0
001260,남광토건,28950,32400,28300,28700,37977,1143934000,0.0,0.0,0.0,0.0,0.0,0.0
008350,남선알미늄,497,504,491,497,489128,241779476,672.0,2.01,0.73870849609375,247.0,0.0,0.0
008355,남선알미우,2955,3000,2915,3000,440,1296000,0.0,0.0,0.0,0.0,0.0,0.0
004270,남성,6920,7090,6910,6940,1141,7941940,23927.0,0.0,0.0,0.0,5.76,400.0
003920,남양유업,985000,989000,966000,982000,348,342073000,923656.0,14.01,1.0626244037282278,70068.0,0.1,1000.0
003925,남양유업우,243000,245500,241500,245500,73,17765000,0.0,0.0,0.0,0.0,0.43,1050.0
002070,남영비비안,7250,7250,7160,7190,3030,21781300,22245.0,8.53,0.3233015846257586,843.0,4.17,300.0
025860,남해화학,7400,7500,7400,7480,37860,283236600,7391.0,0.0,0.0,0.0,0.4,30.0
005720,넥센,71900,73000,71600,72600,530,38484300,105168.0,4.97,0.6899781777727065,14604.0,0.48,350.0
005725,넥센우,0,0,0,19850,0,0,0.0,0.0,0.0,0.0,2.02,400.0
002350,넥센타이어,13050,13150,13000,13050,339030,4437497100,5571.0,14.86,2.341865239633818,878.0,0.46,60.0
002355,넥센타이어1우B,2690,2690,2635,2680,15280,40902600,0.0,0.0,0.0,0.0,2.43,65.0
110570,넥솔론,1445,1480,1445,1460,574561,841225860,1903.0,0.0,0.0,0.0,0.0,0.0
090350,노루페인트,4970,4995,4885,4935,284648,1402722570,10950.0,11.37,0.450535102739726,434.0,4.05,200.0
090355,노루페인트우,3635,3640,3610,3630,280,1015100,0.0,0.0,0.0,0.0,5.65,205.0
000320,노루홀딩스,9100,9220,9100,9130,6352,58093810,17492.0,9.91,0.5215902269608964,921.0,4.38,400.0
000327,노루홀딩스2우B,8780,8980,8610,8840,430,3746000,0.0,0.0,0.0,0.0,4.58,405.0
000325,노루홀딩스우,7860,8390,7860,8390,180,1460000,0.0,0.0,0.0,0.0,4.83,405.0
006280,녹십자,147000,147000,145000,146000,16473,2408134000,61016.0,26.33,2.3922106496656617,5544.0,1.03,1500.0
005250,녹십자홀딩스,14100,14550,14100,14500,26252,377450500,11288.0,25.39,1.2843769378986534,571.0,1.72,250.0
005255,녹십자홀딩스1우,14950,15000,14950,14950,200,2992500,0.0,0.0,0.0,0.0,1.71,255.0
005257,녹십자홀딩스2우,16600,17000,16550,17000,4270,70887500,0.0,0.0,0.0,0.0,1.47,250.0
004370,농심,278500,278500,270500,271000,24778,6744197000,246150.0,18.48,1.1010274476944952,14662.0,1.48,4000.0
072710,농심홀딩스,64600,64600,63600,64100,622,40056300,149777.0,7.08,0.42772995436549005,9051.0,3.12,2000.0
023590,다우기술,17350,17500,17100,17300,381168,6598846150,14270.0,12.08,1.2120444989488437,1432.0,0.75,130.0
020120,다우인큐브,2150,2150,2100,2140,5003,10550170,615.0,0.0,0.0,0.0,0.0,0.0
009280,다함이텍,17600,17600,17500,17500,1060,18654000,75808.0,4.99,0.23070011163069862,3506.0,2.29,400.0
015590,대경기계,2145,2145,2080,2110,55251,116181615,1117.0,0.0,0.0,0.0,0.0,0.0
019680,대교,6330,6360,6210,6260,262922,1648034120,6124.0,11.16,1.021988283801437,561.0,4.15,260.0
019685,대교우B,3805,3815,3790,3815,12980,49413000,0.0,0.0,0.0,0.0,7.08,270.0
006375,대구백화우,75900,79800,75900,76400,23,1766600,0.0,0.0,0.0,0.0,0.59,450.0
006370,대구백화점,14300,14400,14100,14250,6400,90907500,36524.0,7.3,0.3903851106464243,1953.0,2.81,400.0
004130,대덕GDS,19100,20100,18900,20050,462795,9077913500,15052.0,26.34,1.3318890346797767,761.0,1.5,300.0
004135,대덕GDS우,5410,5520,5360,5520,1450,7912900,0.0,0.0,0.0,0.0,5.53,305.0
008060,대덕전자,10350,10500,10250,10500,449562,4682293800,8023.0,9.44,1.3080518509285803,1112.0,2.86,300.0
000490,대동공업,6050,6100,5930,6070,24004,144557380,9682.0,21.3,0.6268962378640777,285.0,0.82,50.0
008110,대동전자,2850,2925,2815,2815,4466,12656790,9612.0,0.0,0.0,0.0,3.55,100.0
005750,대림B&Co,2480,2480,2405,2425,166828,407470200,9915.0,31.1,0.2446104387291982,78.0,4.12,100.0
000210,대림산업,92500,92700,91900,92700,161790,14950769400,114427.0,9.79,0.8100591015450899,9469.0,0.11,100.0
000215,대림산업우,20000,20400,19950,20400,4893,98422400,0.0,0.0,0.0,0.0,0.74,150.0
006570,대림통상,4030,4030,3965,4030,1410,5639750,9692.0,0.0,0.0,0.0,2.98,120.0
001680,대상,30900,31400,30450,30700,273109,8435343900,14513.0,19.98,2.1150692482601805,1536.0,0.33,100.0
001689,대상3우B,0,0,0,21000,0,0,0.0,0.0,0.0,0.0,0.48,100.0
001685,대상우,5610,5710,5610,5710,230,1300200,0.0,0.0,0.0,0.0,1.93,110.0
084690,대상홀딩스,7440,7450,7310,7370,9810,72570700,10524.0,10.77,0.7002120153933865,684.0,2.04,150.0
084695,대상홀딩스우,3700,3765,3700,3710,850,3156800,0.0,0.0,0.0,0.0,4.31,160.0
128820,대성산업,15550,17350,15550,16400,58836,973593650,120896.0,0.0,0.0,0.0,0.0,0.0
117580,대성에너지,5180,5330,5180,5290,47223,248040970,9618.0,8.94,0.5501143688916614,592.0,5.67,300.0
005620,대성합동지주,34250,37250,33950,35650,7443,267049950,338691.0,0.0,0.0,0.0,2.81,1000.0
016710,대성홀딩스,7300,7550,7280,7500,11270,83507700,20252.0,3.61,0.36981301229508196,2075.0,2.67,200.0
003540,대신증권,10600,10750,10550,10750,114502,1221974100,19975.0,9.43,0.5381648936170212,1140.0,6.05,650.0
003547,대신증권2우B,6340,6350,6320,6320,8583,54318960,0.0,0.0,0.0,0.0,10.28,650.0
003545,대신증권우,6950,6970,6940,6950,45310,315015200,0.0,0.0,0.0,0.0,10.07,700.0
009190,대양금속,1450,1470,1440,1460,79532,115377590,5630.0,0.0,0.0,0.0,0.0,0.0
014160,대영포장,1075,1080,1065,1075,3946078,4233965300,1049.0,0.0,0.0,0.0,0.0,0.0
047040,대우건설,9020,9040,8950,9040,240303,2161771100,8046.0,20.97,1.1232328175490927,431.0,0.0,0.0
009320,대우부품,720,731,713,721,62684,44956516,567.0,0.0,0.0,0.0,0.0,0.0
047050,대우인터내셔널,37850,38250,37700,38000,194920,7407370250,18485.0,18.34,2.0561671625642415,2072.0,0.53,200.0
042660,대우조선해양,29800,30750,29800,30500,1018038,31116465900,23939.0,8.4,1.2738513121893145,3631.0,1.64,500.0
006800,대우증권,12100,12150,11950,12100,859191,10349520450,11658.0,19.16,1.038492880425459,632.0,1.32,160.0
006805,대우증권우,4650,4690,4605,4620,17022,79183990,0.0,0.0,0.0,0.0,3.81,176.0
003090,대웅,23550,23750,23350,23700,3120,73491500,27940.0,4.56,0.8472719163833214,5193.0,2.32,550.0
069620,대웅제약,49200,50900,48900,50800,13995,701310500,31775.0,10.13,1.5998841955153422,5017.0,1.57,800.0
000430,대원강업,8350,8350,7630,8320,21350,174503700,5677.0,13.94,1.465683899947155,597.0,1.32,110.0
006340,대원전선,833,834,820,827,610392,503117684,953.0,35.97,0.8680810598111228,23.0,0.0,0.0
006345,대원전선우,721,730,720,729,680,493210,0.0,0.0,0.0,0.0,0.0,0.0
003220,대원제약,11200,11300,10700,11050,296924,3234349200,7324.0,16.34,1.5085165210267613,676.0,0.45,50.0
024890,대원화성,1295,1315,1255,1295,173532,221083340,1235.0,0.0,0.0,0.0,0.0,0.0
000300,대유신소재,1630,1680,1610,1615,1492020,2438373570,1338.0,0.0,0.0,0.0,1.11,18.0
002880,대유에이텍,1615,1615,1545,1550,730201,1149533245,964.0,14.76,1.607438083506224,105.0,1.29,20.0
012800,대창,1415,1445,1400,1415,1545169,2192312785,2266.0,0.0,0.0,0.0,0.0,0.0
015230,대창단조,42200,42900,42000,42200,8042,339976900,39162.0,3.88,1.0785780460012258,10884.0,2.37,1000.0
012805,대창우,75400,79500,70300,79200,9,678500,0.0,0.0,0.0,0.0,0.0,0.0
001070,대한방직,21050,21050,20500,20850,1550,31909000,81440.0,0.0,0.0,0.0,0.0,0.0
006650,대한유화,49350,49450,48550,48800,33253,1624236200,117295.0,10.03,0.41597681060573766,4864.0,3.07,1500.0
001440,대한전선,4035,4165,3985,4120,1355373,5524447935,5537.0,0.0,0.0,0.0,0.0,0.0
084010,대한제강,7820,7970,7820,7890,82960,657083400,13722.0,19.48,0.575074469829471,405.0,1.27,100.0
001790,대한제당,26300,27150,26300,27000,4630,124739000,50572.0,9.69,0.5336821759076169,2786.0,1.39,375.0
001799,대한제당3우B,19850,20000,19850,20000,130,2598500,0.0,0.0,0.0,0.0,2.0,400.0
001795,대한제당우,9200,9350,9200,9320,3710,34640200,0.0,0.0,0.0,0.0,4.29,400.0
001130,대한제분,132000,133500,130500,132500,1493,197034000,329557.0,42.8,0.4019391941303022,3094.0,2.45,3250.0
003490,대한항공,44100,44450,44100,44200,201160,8899264500,33541.0,0.0,0.0,0.0,0.0,0.0
003495,대한항공우,12400,12400,12400,12400,10,124000,0.0,0.0,0.0,0.0,0.0,0.0
005880,대한해운,0,0,0,6900,0,0,5824.0,0.0,0.0,0.0,0.0,0.0
003830,대한화섬,57200,58400,57200,58000,375,21675700,262568.0,5.34,0.22096143606132507,10865.0,1.29,750.0
016090,대현,1305,1395,1305,1325,2801004,3779058455,2112.0,7.05,0.6276263612689394,188.0,1.66,22.0
069460,대호에이엘,2375,2420,2375,2420,105841,253652270,1520.0,14.24,1.5928762335526316,170.0,0.0,0.0
012510,더존비즈온,11950,12050,11800,11900,279337,3332636200,2174.0,66.9,5.475505979760809,178.0,0.0,0.0
004830,덕성,4200,4385,4180,4320,329006,1410083495,3336.0,288.0,1.2949640287769784,15.0,0.46,20.0
004835,덕성우,1410,1420,1385,1415,9060,12671900,0.0,0.0,0.0,0.0,1.77,25.0
024900,덕양산업,13100,13600,13050,13500,11630,155073000,20943.0,6.22,0.6446500620732464,2171.0,36.62,4945.0
002150,도화엔지니어링,7480,7660,7390,7570,253018,1908475940,6695.0,14.56,1.1310679611650485,520.0,1.98,150.0
001620,동국실업,3080,3105,2970,3000,628342,1902373895,5590.0,3.6,0.5363997512298748,833.0,0.0,0.0
001230,동국제강,12650,12750,12600,12600,104545,1324180000,45259.0,101.6,0.2784308093417884,124.0,5.95,750.0
023450,동남합성,33950,35550,33950,35000,420,14519000,34623.0,19.66,1.011113457817058,1781.0,0.57,200.0
004140,동방,3395,3415,3350,3360,206237,695514000,5687.0,160.0,0.5908211710919641,21.0,0.89,30.0
007590,동방아그로,6220,6220,6210,6210,251,1560010,8270.0,12.2,0.7510750453446191,509.0,2.98,185.0
007595,동방아그우,0,0,0,450000,0,0,0.0,0.0,0.0,0.0,0.04,190.0
012030,동부CNI,6560,6660,6550,6640,27579,182197460,22356.0,14.1,0.29709411064143854,471.0,2.26,150.0
005960,동부건설,4220,4280,4190,4250,16021,67710750,16305.0,0.0,0.0,0.0,0.0,0.0
005965,동부건설우,2240,2245,2110,2110,1120,2444400,0.0,0.0,0.0,0.0,0.0,0.0
016380,동부제철,3855,3880,3820,3820,83952,322362090,27896.0,0.0,0.0,0.0,0.0,0.0
016385,동부제철우,1965,2015,1965,1995,200,398200,0.0,0.0,0.0,0.0,0.0,0.0
016610,동부증권,3960,3995,3940,3990,71761,285487690,14209.0,26.78,0.2808365296642973,149.0,1.25,50.0
000990,동부하이텍,6750,6870,6680,6760,147891,1006651860,7177.0,0.0,0.0,0.0,0.0,0.0
000995,동부하이텍1우,6800,6830,6800,6830,250,1702600,0.0,0.0,0.0,0.0,0.0,0.0
000997,동부하이텍2우B,0,0,0,13100,0,0,0.0,0.0,0.0,0.0,0.0,0.0
005830,동부화재,46250,46800,45650,46150,170359,7834993500,31983.0,7.37,1.4425061995825907,6259.0,2.6,1200.0
083350,동북아10호,4760,4760,4750,4750,7710,36622600,,,,,,
083360,동북아11호,0,0,0,4815,0,0,,,,,,
083370,동북아12호,4840,4840,4840,4840,30,145200,,,,,,
083380,동북아13호,4760,4760,4750,4755,9060,43079300,,,,,,
083390,동북아14호,4800,4800,4800,4800,910,4368000,,,,,,
080030,동북아2호,0,0,0,5040,0,0,,,,,,
080960,동북아3호,5000,5000,4990,4990,3280,16389800,,,,,,
080970,동북아4호,4990,4990,4990,4990,2250,11227500,,,,,,
080980,동북아5호,5000,5000,4990,4990,2250,11233500,,,,,,
002210,동성제약,4280,4345,4200,4230,542400,2319002180,2849.0,44.06,1.4847314847314848,96.0,0.71,30.0
102260,동성홀딩스,5800,5830,5720,5720,112911,649695520,6684.0,0.0,0.0,0.0,0.0,0.0
005190,동성화학,23800,24150,23800,23800,23994,573300250,14245.0,21.06,1.6708055458055457,1130.0,0.67,160.0
058730,동아에스텍,2925,3000,2910,2990,113010,335045800,4597.0,10.95,0.6504683761148575,273.0,1.67,50.0
008040,동아원,3130,3160,3085,3150,97624,303893930,2698.0,0.0,0.0,0.0,0.63,20.0
000640,동아제약,125000,125500,123000,125500,60098,7496024000,70586.0,19.72,1.7781124266851784,6365.0,0.8,1000.0
028100,동아지질,10750,11100,10600,11100,66105,721906000,11002.0,18.31,1.008668878385748,606.0,1.58,175.0
007340,동아타이어,15200,15200,14950,15000,7820,117632000,21136.0,5.8,0.7100028905067184,2587.0,0.67,100.0
001520,동양,1455,1490,1400,1420,1830870,2628078890,1034.0,0.0,0.0,0.0,0.0,0.0
001527,동양2우B,3240,3240,3000,3155,1490,4547150,0.0,0.0,0.0,0.0,0.0,0.0
001529,동양3우B,1680,1730,1650,1650,60,100550,0.0,0.0,0.0,0.0,0.0,0.0
001780,동양강철,1980,2010,1980,1990,60931,121336740,2419.0,0.0,0.0,0.0,0.0,0.0
005900,동양건설,2635,2780,2510,2685,718543,1906092075,40496.0,0.0,0.0,0.0,0.0,0.0
084670,동양고속,21200,21200,21000,21150,2840,59800500,40500.0,80.1,0.5222962962962963,264.0,5.91,1250.0
013570,동양기전,11650,11900,11500,11600,458249,5370558900,9396.0,8.54,1.2350559746168583,1359.0,1.72,200.0
030790,동양네트웍스,1330,1360,1290,1295,484404,637305525,1530.0,22.72,0.8463848039215687,57.0,1.93,25.0
002900,동양물산,12300,12500,12050,12100,140161,1710786900,21862.0,0.0,0.0,0.0,1.24,150.0
082640,동양생명,11000,11100,10900,11000,50030,549969550,10835.0,12.01,1.0151505537609598,916.0,3.18,350.0
001525,동양우,602,659,602,640,17060,10605860,0.0,0.0,0.0,0.0,0.0,0.0
003470,동양증권,4135,4175,4125,4175,310896,1290878150,9598.0,0.0,0.0,0.0,1.2,50.0
003475,동양증권1우,2000,2035,2000,2035,12800,25858700,0.0,0.0,0.0,0.0,4.91,100.0
008970,동양철관,1875,1875,1825,1835,1677586,3099866655,1303.0,57.34,1.4082885648503454,32.0,0.0,0.0
008975,동양철관우,10200,10550,9850,10350,580,5934300,0.0,0.0,0.0,0.0,0.0,0.0
003580,동원,4545,4545,4400,4470,6933,30802360,7458.0,0.0,0.0,0.0,0.0,0.0
049770,동원F&B,79100,80500,77400,78100,1970,154027900,99907.0,7.93,0.7819600353328595,9852.0,3.2,2500.0
018500,동원금속,1580,1610,1580,1610,26700,42460750,1872.0,2.81,0.8587782118055556,572.0,3.11,50.0
006040,동원산업,271500,273500,270500,272500,3660,995287000,140208.0,13.4,1.9428537088646867,20331.0,1.1,3000.0
030720,동원수산,12800,12800,12650,12650,13448,171074700,13759.0,8.71,0.9192732938440293,1452.0,3.95,500.0
014820,동원시스템즈,10300,10300,10050,10200,22604,229351000,6980.0,0.0,0.0,0.0,0.0,0.0
014825,동원시스템즈우,7430,7460,7430,7430,130,966700,0.0,0.0,0.0,0.0,0.0,0.0
163560,동일고무벨트,7640,7650,7500,7580,27278,206257420,0.0,0.0,0.0,0.0,0.0,0.0
001530,동일방직,43500,44000,43500,43800,903,39548800,249433.0,8.93,0.17556292671779597,4904.0,3.42,1500.0
004890,동일산업,52500,53400,51900,52500,7566,398378600,118119.0,3.3,0.4451285951561561,15929.0,2.86,1500.0
019300,동일제지,1910,1910,1850,1880,109400,204679550,4911.0,2.99,0.38298868293117494,629.0,1.06,20.0
000020,동화약품,6040,6120,6000,6090,29420,178492200,8221.0,9.62,0.7405035503588371,633.0,1.64,100.0
000150,두산,125000,126000,124500,125500,34241,4294154000,102200.0,8.19,1.228125,15330.0,2.39,3000.0
000157,두산2우B,37750,38450,37750,38450,30,1144500,0.0,0.0,0.0,0.0,7.8,3000.0
011160,두산건설,2840,2900,2805,2860,113484,323669090,7036.0,0.0,0.0,0.0,0.0,0.0
082740,두산엔진,7850,7970,7850,7970,97164,768632090,8254.0,2.46,0.9642199993942331,3234.0,0.0,0.0
000155,두산우,39200,39200,38850,39000,1308,51147500,0.0,0.0,0.0,0.0,7.82,3050.0
042670,두산인프라코어,15450,15600,15250,15450,1554301,23906179500,10946.0,8.73,1.4103132708295267,1769.0,0.0,0.0
034020,두산중공업,42300,42400,42150,42400,236474,9995333000,45072.0,13.84,0.94079264842918,3063.0,1.77,750.0
024090,디씨엠,10100,10250,10000,10150,44694,450263600,11378.0,6.49,0.8918678040956232,1564.0,5.91,600.0
003160,디아이,5020,5310,4970,5140,2344593,12100914690,3380.0,0.0,0.0,0.0,0.0,0.0
092200,디아이씨,4250,4285,4185,4185,130072,549110970,6538.0,21.23,0.639824392015907,197.0,1.19,50.0
007120,디올메디바이오,3900,3945,3870,3885,172952,677138970,1023.0,53.22,3.797623411534702,73.0,0.0,0.0
026890,디피씨,3750,3960,3700,3940,1118359,4288578895,2256.0,17.44,1.7468417553191489,226.0,1.27,50.0
115390,락앤락,28100,28250,27500,27700,466621,12987632050,10227.0,27.52,2.709321831915518,1007.0,0.58,160.0
006490,로엔케이,1990,2015,1960,1990,187600,372396650,266.0,0.0,0.0,0.0,0.0,0.0
000420,로케트전기,10200,10250,9880,9990,69869,699104720,6130.0,0.0,0.0,0.0,0.0,0.0
000425,로케트전우,11750,12200,11750,12150,538,6441200,0.0,0.0,0.0,0.0,0.0,0.0
032350,롯데관광개발,12350,12900,12100,12800,16814,211042700,8058.0,0.0,0.0,0.0,0.0,0.0
002270,롯데삼강,667000,680000,661000,680000,5019,3379615000,415497.0,17.8,1.63668183073524,38211.0,0.18,1250.0
000400,롯데손해보험,3500,3540,3500,3500,28450,100138350,4528.0,12.2,0.7734754582597173,287.0,0.0,0.0
023530,롯데쇼핑,383500,384000,378000,379000,39531,15033926500,480875.0,11.81,0.7881304912919158,32084.0,0.4,1500.0
004990,롯데제과,1735000,1735000,1686000,1719000,933,1589647000,1780431.0,24.77,0.965375185137756,69402.0,0.23,4000.0
005300,롯데칠성,1432000,1448000,1419000,1448000,1214,1735489000,1576619.0,25.6,0.9183185268603258,56570.0,0.21,3000.0
005305,롯데칠성우,335000,339000,335000,339000,89,30053000,0.0,0.0,0.0,0.0,0.9,3050.0
011170,롯데케미칼,258000,259000,256000,258500,78645,20299572000,171456.0,8.42,1.5080252914741974,30701.0,0.68,1750.0
071840,롯데하이마트,72600,73300,72300,73000,58852,4285611300,60485.0,10.65,1.2068287850293462,6855.0,1.21,880.0
079430,리바트,6140,6160,5980,6140,8479,51687080,10923.0,14.28,0.5622024626933992,430.0,1.63,100.0
027740,마니커,652,658,650,654,168098,109806010,1711.0,0.0,0.0,0.0,0.0,0.0
060980,만도,125500,128000,124500,128000,53028,6741092500,74805.0,10.37,1.711441727658579,12349.0,0.98,1250.0
001080,만호제강,14200,14200,14050,14100,4121,58105600,49711.0,5.08,0.28337226670153487,2774.0,1.28,180.0
088980,맥쿼리인프라,6840,6930,6840,6930,460566,3175078990,,,,,,
094800,맵스리얼티1,3255,3270,3250,3260,70330,229169000,,,,,,
138040,메리츠금융지주,3875,4005,3850,3880,102541,403015980,7367.0,1.22,0.5258384094611104,3176.0,0.0,0.0
008560,메리츠종금증권,1360,1360,1330,1350,605413,812845695,2192.0,7.8,0.6156638486541971,173.0,5.56,75.0
000060,메리츠화재,11900,11900,11650,11700,290677,3415301500,9300.0,6.09,1.2585677083333333,1922.0,4.7,550.0
017180,명문제약,3065,3075,3020,3025,159399,485168025,4568.0,9.31,0.6625574649737302,325.0,0.99,30.0
012690,모나리자,4500,4570,4430,4480,2580159,11603453455,1116.0,30.69,4.014672939068101,146.0,0.83,37.0
005360,모나미,3630,3670,3480,3500,1102344,3963721300,4403.0,21.47,0.7947777083806495,163.0,1.43,50.0
009680,모토닉,11400,11650,11300,11600,23725,271647500,10002.0,10.23,1.159460295440912,1134.0,2.16,250.0
009580,무림P&P,3655,3655,3600,3610,63941,231029710,8791.0,16.95,0.4107627829598453,213.0,6.93,250.0
009200,무림페이퍼,2340,2370,2300,2335,58594,136593060,8596.0,0.0,0.0,0.0,8.57,200.0
033920,무학,14350,14950,14150,14350,127442,1860485150,8660.0,8.89,1.658009165704388,1615.0,0.35,50.0
008420,문배철강,1735,1755,1725,1745,15020,25988550,3973.0,10.09,0.4395214573370249,173.0,2.87,50.0
025560,미래산업,507,520,490,504,63034134,31696984434,198.0,0.0,0.0,0.0,0.0,0.0
037620,미래에셋증권,39400,39900,39250,39650,56127,2223551550,47580.0,15.9,0.8330139698928121,2493.0,1.26,500.0
002840,미원상사,156500,182500,156500,167000,717,119986000,97415.0,10.47,1.7148267078991941,15957.0,1.32,2200.0
107590,미원에스씨,265500,266000,260000,265000,1250,330455500,126755.0,11.69,2.090758254112264,22675.0,0.0,0.0
134380,미원화학,24500,24500,24350,24500,420,10288000,19960.0,5.78,1.2269225951903808,4236.0,0.0,0.0
003650,미창석유,60200,60600,59800,60000,1525,91986900,85233.0,4.94,0.7034719350193,12134.0,3.33,2000.0
155900,바다로19호,0,0,0,4950,0,0,,,,,,
092630,바다로3호,0,0,0,5030,0,0,,,,,,
003610,방림,11500,11900,11500,11900,1043,12194200,40048.0,0.0,0.0,0.0,2.52,300.0
001340,백광산업,3830,3900,3830,3850,44570,171703400,6827.0,14.05,0.563767943459792,274.0,0.65,25.0
014580,백광소재,19100,19200,19100,19200,2990,57160500,35474.0,4.84,0.541641193197835,3970.0,5.21,1000.0
035150,백산,6220,6300,6130,6300,369556,2303894200,3444.0,25.7,1.8284743394308942,245.0,1.27,80.0
002410,범양건영,0,0,0,37800,0,0,14544.0,0.0,0.0,0.0,0.0,0.0
084870,베이직하우스,16800,17550,16600,17450,253801,4402457950,9046.0,20.55,1.9283989470484193,849.0,0.0,0.0
096300,베트남개발1,520,520,520,520,60,31200,,,,,,
007210,벽산,1800,1805,1780,1795,59490,106231000,2325.0,6.85,0.7720900537634409,262.0,0.0,0.0
002530,벽산건설,23100,24250,22000,24250,35983,835128250,53580.0,0.0,0.0,0.0,0.0,0.0
002535,벽산건설우,69800,71000,64200,69800,156,10611500,0.0,0.0,0.0,0.0,0.0,0.0
002760,보락,3460,3490,3420,3450,9692,33520250,3077.0,345.0,1.1212219694507637,10.0,0.0,0.0
003850,보령제약,27300,27300,26650,26800,11313,304062400,19803.0,29.52,1.3533397717517548,908.0,0.37,100.0
004740,보루네오,3270,3320,3230,3250,531696,1738781050,2223.0,0.0,0.0,0.0,0.0,0.0
000890,보해양조,758,760,753,759,18732,14146868,1198.0,0.9,0.6309832794240401,840.0,0.0,0.0
000895,보해양조우,18500,18550,18500,18500,3800,70305500,0.0,0.0,0.0,0.0,0.0,0.0
003000,부광약품,14000,14050,13800,13800,87480,1213116800,6752.0,0.0,0.0,0.0,1.45,200.0
001270,부국증권,16950,17000,16950,17000,40,679000,29587.0,8.52,0.5747205804069355,1995.0,5.88,1000.0
001275,부국증권우,11450,11450,11200,11400,560,6294000,0.0,0.0,0.0,0.0,9.21,1050.0
026940,부국철강,1985,1990,1970,1985,21224,42072140,5016.0,5.36,0.39532869816586924,370.0,3.78,75.0
015350,부산가스,22750,22800,22550,22750,3432,77820500,34847.0,6.85,0.6529698126811491,3321.0,4.4,1000.0
011390,부산산업,15350,15650,15350,15400,3713,57522550,29455.0,0.0,0.0,0.0,0.0,0.0
005030,부산주공,1480,1510,1480,1490,28637,42612905,3534.0,4.4,0.4219214240237691,339.0,4.7,70.0
100220,비상교육,14200,14950,13950,14950,241906,3509978650,9594.0,14.28,1.5585229049405878,1047.0,1.47,220.0
005180,빙그레,125000,126500,123500,126000,26700,3337547000,40004.0,26.52,3.1504041002149785,4753.0,0.95,1200.0
003960,사조대림,12900,13200,12900,13100,1030,13413500,24912.0,7.92,0.5259626384874759,1654.0,1.53,200.0
003965,사조대림우,50000,52900,50000,52900,28,1459200,0.0,0.0,0.0,0.0,0.47,250.0
007160,사조산업,48850,49350,48750,48750,12414,608953400,56909.0,4.57,0.8573000041733293,10675.0,0.41,200.0
014710,사조씨푸드,7010,7050,6860,6950,73189,508056920,7887.0,5.07,0.8820170850767085,1372.0,0.0,0.0
006090,사조오양,11000,11000,10750,11000,730,7954000,15590.0,7.35,0.7054482039769083,1496.0,0.0,0.0
079660,사조해표,10150,10200,9810,9910,101298,1009387680,16908.0,26.56,0.5859837059380175,373.0,0.0,0.0
005090,삼광유리,66900,67700,66900,67400,8847,594162300,45370.0,14.4,1.4852256446991403,4680.0,1.11,750.0
005610,삼립식품,22250,22400,21900,22100,9764,215759400,18291.0,29.86,1.2080223880597014,740.0,1.7,375.0
001470,삼부토건,4370,4540,4370,4415,13620,60869600,23836.0,0.0,0.0,0.0,0.0,0.0
006400,삼성SDI,140000,141500,140000,140000,91323,12827726000,129687.0,19.06,1.0790427143815495,7341.0,1.07,1500.0
006405,삼성SDI우,45100,45150,45000,45100,964,43430400,0.0,0.0,0.0,0.0,3.44,1550.0
006660,삼성공조,7090,7110,7090,7090,2198,15587120,19748.0,9.42,0.359260273192222,753.0,0.92,65.0
000830,삼성물산,65900,66300,65400,65900,317922,20918405900,58340.0,24.2,1.129257906239287,2722.0,0.76,500.0
000835,삼성물산우,18900,19050,18800,19000,1421,26884000,0.0,0.0,0.0,0.0,2.89,550.0
032830,삼성생명,107500,107500,105500,107000,101009,10759075500,90315.0,22.38,1.1844640978796435,4781.0,1.87,2000.0
028050,삼성엔지니어링,160000,160000,153500,156000,182852,28454733000,33766.0,11.23,4.61882977699461,13892.0,1.92,3000.0
009150,삼성전기,92700,93700,92600,93500,227659,21156193200,45198.0,20.73,2.068941794990929,4510.0,0.8,750.0
009155,삼성전기우,25450,25700,25450,25700,6344,161843750,0.0,0.0,0.0,0.0,3.11,800.0
005930,삼성전자,1480000,1499000,1479000,1492000,122645,182495003200,573668.0,16.75,2.60075993431741,89073.0,0.37,5500.0
005935,삼성전자우,892000,900000,886000,898000,6701,5996103000,0.0,0.0,0.0,0.0,0.62,5550.0
004000,삼성정밀화학,56700,57000,56100,56500,79513,4491433500,42198.0,19.56,1.3393066614531495,2889.0,1.15,650.0
001360,삼성제약,2995,2995,2915,2955,110440,324683050,4406.0,0.0,0.0,0.0,0.0,0.0
010140,삼성중공업,38300,38650,38150,38300,463048,17789377750,20103.0,9.75,1.9060587971944485,3930.0,1.31,500.0
010145,삼성중공우,25150,25150,25150,25150,30,754500,0.0,0.0,0.0,0.0,2.19,550.0
016360,삼성증권,56300,56400,55600,55700,228962,12807562700,42473.0,22.1,1.3113823782167495,2521.0,1.26,700.0
068290,삼성출판사,3640,3645,3610,3625,8420,30569750,6808.0,6.16,0.5320463976204466,588.0,2.76,100.0
029780,삼성카드,37850,38600,37600,38550,60510,2318254900,49865.0,12.58,0.7728742605033591,3064.0,1.82,700.0
012450,삼성테크윈,59100,59800,59100,59200,95105,5651273100,30513.0,13.7,1.9405238136204241,4321.0,0.84,500.0
000810,삼성화재,219500,221000,218500,220000,53799,11832767000,152727.0,12.21,1.4410676402993576,18024.0,1.7,3750.0
000815,삼성화재우,85300,86300,85000,85500,1137,97420600,0.0,0.0,0.0,0.0,4.39,3755.0
006110,삼아알미늄,2705,2740,2680,2730,7733,20919090,9860.0,11.52,0.27698323402636915,237.0,3.66,100.0
145990,삼양사,54400,54500,53300,53800,5567,299854200,90423.0,0.0,0.0,0.0,0.0,0.0
145995,삼양사우,26400,26900,26400,26900,110,2909000,0.0,0.0,0.0,0.0,0.0,0.0
003230,삼양식품,24700,25750,24650,25550,62596,1590703300,20569.0,18.58,1.2419136503962274,1375.0,0.59,150.0
008720,삼양엔텍,0,0,0,18600,0,0,40953.0,0.0,0.0,0.0,0.0,0.0
008080,삼양옵틱스,730,817,727,761,15182151,11818817031,553.0,0.0,0.0,0.0,0.0,0.0
003940,삼양제넥스,66100,67400,66100,67100,3633,242400100,144380.0,7.05,0.46451746259869786,9512.0,2.98,2000.0
003945,삼양제넥우,29300,29500,29300,29500,990,29129500,0.0,0.0,0.0,0.0,6.95,2050.0
002170,삼양통상,21100,21400,21100,21400,2465,52538500,69311.0,5.43,0.3085735173709801,3939.0,3.5,750.0
000070,삼양홀딩스,65100,66400,65100,66000,4935,324122000,167985.0,3.55,0.3925020509643718,18569.0,3.03,2000.0
000075,삼양홀딩스우,31350,31950,31350,31950,31,984450,0.0,0.0,0.0,0.0,6.42,2050.0
002810,삼영무역,12400,12600,12000,12000,71810,880465000,11687.0,12.06,1.0269690681954309,995.0,0.42,50.0
005680,삼영전자,8320,8360,8300,8310,8090,67386500,21367.0,8.28,0.38912224458276784,1004.0,2.41,200.0
004920,삼영홀딩스,1415,1450,1395,1435,163653,231734345,1365.0,0.0,0.0,0.0,0.0,0.0
003720,삼영화학,3370,3430,3360,3420,240441,819462370,3758.0,5.79,0.9104140333954232,591.0,4.39,150.0
023000,삼원강재,4200,4235,4180,4225,30365,127978100,3392.0,7.16,1.2454281213148586,590.0,2.6,110.0
004380,삼익THK,5900,5900,5830,5850,26552,155506100,5516.0,4.92,1.0609335342639594,1189.0,5.13,300.0
002450,삼익악기,1240,1250,1235,1235,428698,531280465,2045.0,39.84,0.6039883863080685,31.0,2.43,30.0
000520,삼일제약,4475,4530,4475,4500,1660,7478350,12110.0,0.0,0.0,0.0,3.33,150.0
009770,삼정펄프,45700,46100,45500,46050,1180,54090500,63216.0,5.46,0.7290925161351557,8440.0,2.61,1200.0
005500,삼진제약,10250,10550,10250,10450,46500,483957550,8624.0,19.28,1.2117854243970316,542.0,2.11,220.0
004690,삼천리,107000,111000,107000,111000,12080,1317814500,276344.0,11.88,0.4018786933134065,9346.0,2.7,3000.0
001880,삼호,1865,1895,1840,1880,9502,17662410,5291.0,0.0,0.0,0.0,0.0,0.0
010960,삼호개발,2270,2280,2200,2215,157400,349070555,4455.0,9.15,0.4969521604938272,242.0,3.16,70.0
004450,삼화왕관,20750,21000,20750,21000,125,2601000,45438.0,5.07,0.46264174534530567,4146.0,5.24,1100.0
009470,삼화전기,3300,3390,3280,3335,51590,171336950,4074.0,0.0,0.0,0.0,1.5,50.0
011230,삼화전자,1770,1945,1720,1900,861906,1579225450,1864.0,0.0,0.0,0.0,0.0,0.0
001820,삼화콘덴서,5830,5900,5830,5880,25089,147409820,4961.0,19.73,1.1854149868978028,298.0,0.85,50.0
000390,삼화페인트,4375,4390,4355,4390,12250,53566550,9360.0,6.99,0.46887186164529915,628.0,5.69,250.0
000360,삼환기업,3180,3180,3080,3120,22480,69919100,49742.0,0.0,0.0,0.0,0.0,0.0
000365,삼환기업우,1825,1825,1750,1795,1810,3237950,0.0,0.0,0.0,0.0,0.0,0.0
013700,삼환까뮤,2250,2270,2200,2235,75212,167665795,10206.0,0.0,0.0,0.0,0.0,0.0
041650,상신브레이크,3585,3585,3545,3560,13697,48759220,3710.0,10.08,0.9589159366576819,353.0,3.37,120.0
075180,새론오토모티브,5770,5790,5700,5790,70318,404655940,6830.0,7.89,0.8479822474377745,734.0,3.28,190.0
007540,샘표식품,27600,28000,27200,27750,11257,309223850,36826.0,34.3,0.7537829929940802,809.0,0.9,250.0
017390,서울가스,88000,93000,87500,93000,4224,383283100,133221.0,6.55,0.6980006143457113,14195.0,1.34,1250.0
004410,서울식품,2400,2400,2355,2380,55130,130512400,1670.0,0.0,0.0,0.0,0.0,0.0
004415,서울식품우,11300,11300,11300,11300,13,145700,0.0,0.0,0.0,0.0,0.0,0.0
021050,서원,3320,3330,3255,3290,66180,216639300,3991.0,0.0,0.0,0.0,1.06,35.0
008490,서흥캅셀,21000,21200,20750,20900,33033,691154700,16221.0,13.04,1.2885529367794835,1603.0,1.34,280.0
007610,선도전기,2430,2450,2415,2420,58211,141232170,4066.0,20.17,0.5953332513526808,120.0,1.03,25.0
136490,선진,14650,15000,14600,14950,18980,281277000,10537.0,7.79,1.4192844263072981,1920.0,0.33,50.0
002820,선창산업,6030,6050,6010,6050,7620,45975900,26414.0,10.32,0.22895824657378663,586.0,1.82,110.0
014910,성문전자,1715,1730,1695,1715,67191,114665910,2582.0,5.21,0.6639808046088304,329.0,1.75,30.0
014915,성문전자우,2010,2040,2010,2040,50,100900,0.0,0.0,0.0,0.0,1.72,35.0
003080,성보화학,25200,25300,25200,25300,260,6553000,42949.0,28.44,0.5892890404898834,890.0,2.37,600.0
004980,성신양회,7000,7060,6910,7030,128685,900810990,16538.0,0.0,0.0,0.0,0.0,0.0
004987,성신양회2우B,10250,10700,10250,10450,1390,14443500,0.0,0.0,0.0,0.0,0.0,0.0
004989,성신양회3우B,5000,5000,4655,4860,1840,8708550,0.0,0.0,0.0,0.0,0.0,0.0
004985,성신양회우,3100,3155,3070,3115,2470,7635550,0.0,0.0,0.0,0.0,0.0,0.0
011300,성안,985,988,955,963,970387,935341385,1364.0,14.37,0.705719620601173,67.0,0.0,0.0
005980,성지건설,5680,6530,5610,6530,66088,416087640,5185.0,0.14,1.2548390932000362,46469.0,0.0,0.0
051310,성진지오텍,10050,10250,9940,10250,53143,536239550,2332.0,0.0,0.0,0.0,0.0,0.0
000180,성창기업지주,17800,18500,17750,18300,29220,531566000,21646.0,7.56,0.8457412021851612,2422.0,2.73,500.0
002420,세기상사,30000,32950,30000,30200,410,12407500,76004.0,0.0,0.0,0.0,0.0,0.0
004360,세방,16950,17400,16900,17300,17500,301210500,24367.0,7.58,0.7093898766774737,2281.0,1.01,175.0
004367,세방2우B,0,0,0,14900,0,0,0.0,0.0,0.0,0.0,1.21,180.0
004365,세방우,4700,4700,4695,4700,1450,6814750,0.0,0.0,0.0,0.0,3.83,180.0
004490,세방전지,45200,45500,44800,45150,7111,320482650,35030.0,6.0,1.2892377961747075,7527.0,0.78,350.0
001430,세아베스틸,31600,32800,31200,32750,131093,4209569450,35916.0,5.18,0.9110169823337788,6317.0,3.66,1200.0
003030,세아제강,91000,91000,90000,90000,15040,1358488900,156177.0,5.43,0.5757637468225155,16561.0,1.67,1500.0
019440,세아특수강,19500,20800,19500,20800,38503,779897000,23579.0,5.73,0.8829379095275457,3633.0,3.37,700.0
058650,세아홀딩스,85500,85600,83000,85000,1225,103367500,335698.0,2.63,0.2529151015198184,32272.0,2.06,1750.0
013000,세우글로벌,1665,1705,1625,1645,2697352,4480693995,1177.0,0.0,0.0,0.0,0.0,0.0
013005,세우글로벌우,93200,96300,93000,94500,118,11070500,0.0,0.0,0.0,0.0,0.0,0.0
091090,세원셀론텍,3500,3565,3495,3540,61869,218904610,3061.0,0.0,0.0,0.0,0.0,0.0
021820,세원정공,17550,18800,17550,17800,3160,57084000,25259.0,3.56,0.7057942991854389,5007.0,0.56,100.0
067830,세이브존I&C,2905,2935,2890,2890,6419,18640660,6113.0,6.85,0.47298533862260755,422.0,1.73,50.0
033530,세종공업,11550,11650,11450,11550,60341,694437550,13711.0,5.5,0.8423893224418351,2100.0,1.95,225.0
027970,세하,1455,1480,1435,1455,293817,426710760,928.0,0.0,0.0,0.0,0.0,0.0
004430,송원산업,12700,12850,12600,12650,266896,3393389900,11459.0,30.27,1.1040257657736277,418.0,0.47,60.0
017550,수산중공업,1680,1685,1670,1675,134432,225653650,1359.0,7.1,1.2332367549668874,236.0,1.49,25.0
017555,수산중공우,200000,200000,200000,200000,10,2000000,0.0,0.0,0.0,0.0,0.02,30.0
002200,수출포장,19500,19850,19300,19550,20830,407801000,46827.0,9.13,0.4175657539987614,2141.0,2.56,500.0
093230,쉘라인,1295,1400,1270,1380,559678,758679960,2474.0,0.0,0.0,0.0,0.0,0.0
003060,슈넬생명과학,752,759,739,744,2140440,1598938516,748.0,0.0,0.0,0.0,0.0,0.0
053210,스카이라이프,32800,32800,32400,32550,62691,2044350550,6038.0,53.72,5.391447913216297,606.0,0.0,0.0
016590,신대양제지,21500,21600,21300,21500,7833,167501650,56657.0,6.71,0.37962748976295957,3205.0,2.33,500.0
029530,신도리코,65100,65300,63100,63300,8362,535702500,79895.0,9.38,0.7922454862632204,6746.0,4.34,2750.0
004970,신라교역,22100,23300,22000,22700,25930,587668000,21480.0,12.16,1.0565977071694599,1867.0,0.88,200.0
011930,신성솔라에너지,1600,1620,1580,1590,826345,1318802465,3526.0,0.0,0.0,0.0,0.0,0.0
104120,신성에프에이,783,784,774,782,33294,25958468,2131.0,8.15,0.3670811825434068,96.0,0.0,0.0
104110,신성이엔지,1225,1265,1225,1260,127490,158307930,2676.0,2.5,0.47085201793721976,504.0,3.97,50.0
005390,신성통상,951,957,948,955,472941,449997825,1447.0,23.88,0.6599861782999309,40.0,0.52,5.0
004170,신세계,211500,214500,211500,213500,5770,1231029000,199540.0,1.16,1.0731823232497244,184581.0,0.35,750.0
035510,신세계 I&C,56100,57000,56100,56700,654,37076700,74652.0,5.69,0.7600282498292075,9969.0,1.76,1000.0
034300,신세계건설,10650,10650,10500,10600,8300,87339000,40669.0,11.82,0.2607101308736384,897.0,4.72,500.0
031430,신세계인터내셔날,85000,86900,84500,85400,4285,366527900,50690.0,11.33,1.6841339514697178,7536.0,0.59,500.0
031440,신세계푸드,90100,90700,89100,90000,11896,1069953700,51409.0,9.86,1.7505957128129317,9128.0,0.83,750.0
005800,신영와코루,98900,99500,98900,99400,36,3568100,290102.0,5.82,0.3428363127451724,17088.0,1.51,1500.0
001720,신영증권,35800,35800,35550,35750,3590,128103500,53468.0,4.74,0.6688076717616144,7547.0,5.59,2000.0
001725,신영증권우,30000,30400,30000,30400,30,908000,0.0,0.0,0.0,0.0,6.74,2050.0
025620,신우,981,1060,920,929,5045521,4903990123,275.0,0.0,0.0,0.0,0.0,0.0
009270,신원,1425,1425,1370,1410,334030,467002400,3058.0,201.4,0.4609630477436233,7.0,0.0,0.0
009275,신원우,10100,10450,9940,9940,340,3432100,0.0,0.0,0.0,0.0,0.0,0.0
014350,신일건업,1335,1335,1150,1200,133325,164386675,29272.0,0.0,0.0,0.0,0.0,0.0
002700,신일산업,828,880,825,842,5178317,4413858486,509.0,24.77,1.6542853634577603,34.0,0.0,0.0
019170,신풍제약,4950,5120,4950,5050,225221,1136127435,4203.0,7.59,1.2008674979181537,665.0,1.19,60.0
019175,신풍제약우,3050,3055,3030,3050,1210,3690050,0.0,0.0,0.0,0.0,2.46,75.0
002870,신풍제지,7400,7610,7400,7580,2421,18088380,30659.0,0.0,0.0,0.0,0.0,0.0
005450,신한,4970,5200,4720,5100,395390,1964902250,16662.0,0.0,0.0,0.0,0.0,0.0
055550,신한지주,40900,41100,40500,40850,619673,25347251350,46117.0,6.86,0.8855892349892664,5954.0,1.84,750.0
001770,신화실업,13750,13950,12850,13200,15453,204472600,32694.0,18.88,0.4035488162965682,699.0,2.27,300.0
004080,신흥,7030,7030,6970,7000,1290,9040200,8006.0,23.03,0.8745316012990257,304.0,2.86,200.0
102280,쌍방울,1045,1050,1030,1030,627161,650365800,886.0,14.11,1.1625105812641083,73.0,0.0,0.0
047400,쌍용머티리얼,2080,2095,2065,2095,102555,212918165,2051.0,13.97,1.021605314480741,150.0,2.39,50.0
003410,쌍용양회,7430,7440,7210,7420,77980,573469700,13575.0,0.0,0.0,0.0,0.0,0.0
003417,쌍용양회2우B,0,0,0,16750,0,0,0.0,0.0,0.0,0.0,0.0,0.0
003419,쌍용양회3우B,5270,5420,5270,5420,1050,5539700,0.0,0.0,0.0,0.0,0.0,0.0
00341A,쌍용양회4우B,0,0,0,62100,0,0,0.0,0.0,0.0,0.0,0.0,0.0
00341D,쌍용양회5우B,0,0,0,8000,0,0,0.0,0.0,0.0,0.0,0.0,0.0
003415,쌍용양회우,2920,2950,2900,2920,8060,23394100,0.0,0.0,0.0,0.0,0.0,0.0
003620,쌍용차,6280,6280,6160,6180,275673,1707560260,7429.0,0.0,0.0,0.0,0.0,0.0
004770,써니전자,5470,5470,5470,5470,355608,1946203920,1007.0,0.0,0.0,0.0,0.0,0.0
008700,아남전자,622,623,610,610,497790,305687793,896.0,61.0,0.6808035714285714,10.0,0.0,0.0
008705,아남전자우,10650,11000,10000,10250,1410,14342000,0.0,0.0,0.0,0.0,0.0,0.0
002790,아모레G,415000,421000,405000,416000,10030,4164327000,208181.0,22.66,1.9987639962340464,18366.0,0.48,2000.0
002797,아모레G2우B,0,0,0,553000,0,0,0.0,0.0,0.0,0.0,0.36,2000.0
002795,아모레G우,122000,124500,117500,124500,220,26808500,0.0,0.0,0.0,0.0,1.65,2050.0
090430,아모레퍼시픽,1012000,1033000,1011000,1029000,19589,20116498000,308344.0,21.7,3.3365112808259605,47403.0,0.63,6500.0
090435,아모레퍼시픽우,364000,368500,352500,359000,414,149581000,0.0,0.0,0.0,0.0,1.82,6550.0
090370,아비스타,5950,5950,5700,5790,38918,225188700,7084.0,118.2,0.8175024703557312,49.0,0.69,40.0
002030,아세아시멘트,70400,73800,70400,73800,6624,481013900,173859.0,18.38,0.4246587752143979,4018.0,1.02,750.0
002310,아세아제지,16700,16950,16550,16800,28707,481689600,36494.0,26.75,0.46032224475256206,628.0,1.79,300.0
083570,아시아10호,4780,4780,4750,4750,250,1189000,,,,,,
083580,아시아11호,4780,4780,4700,4700,10500,49379750,,,,,,
083590,아시아12호,4800,4800,4780,4780,60,287800,,,,,,
083600,아시아13호,4815,4815,4815,4815,62,298530,,,,,,
083610,아시아14호,4760,4760,4760,4760,200,952000,,,,,,
083620,아시아15호,0,0,0,4875,0,0,,,,,,
080180,아시아1호,5000,5000,4995,4995,7900,39486500,,,,,,
081190,아시아2호,4980,5200,4980,5020,2060,10481200,,,,,,
081200,아시아3호,5000,5020,5000,5000,1990,9960000,,,,,,
081210,아시아4호,4995,5000,4995,5000,2530,12638450,,,,,,
082240,아시아5호,0,0,0,4965,0,0,,,,,,
082250,아시아6호,4915,4940,4915,4940,510,2519150,,,,,,
082260,아시아7호,0,0,0,4970,0,0,,,,,,
081930,아시아8호,0,0,0,4800,0,0,,,,,,
081940,아시아9호,0,0,0,4990,0,0,,,,,,
020560,아시아나항공,5940,5970,5920,5930,365741,2174518140,4680.0,0.0,0.0,0.0,0.0,0.0
122900,아이마켓코리아,23550,23600,23200,23250,86990,2034360500,7997.0,24.19,2.9066134175315743,961.0,0.86,200.0
010780,아이에스동서,9570,9610,9520,9550,29838,285121190,14197.0,15.33,0.6726366045643446,623.0,3.14,300.0
033660,아주캐피탈,4200,4245,4180,4185,62210,262125700,11522.0,4.12,0.363036812727825,1015.0,9.56,400.0
007190,아트원제지,1850,1960,1840,1910,78130,148232550,6436.0,0.0,0.0,0.0,0.0,0.0
007197,아트원제지2우B,2315,2320,2275,2290,1340,3091850,0.0,0.0,0.0,0.0,0.0,0.0
007195,아트원제지우,8830,8940,8690,8690,1340,11751300,0.0,0.0,0.0,0.0,0.0,0.0
101140,아티스,1380,1620,1380,1620,1107738,1764959910,1295.0,7.71,1.2504222972972974,210.0,0.0,0.0
003190,알앤엘바이오,2575,2675,2560,2640,1355310,3567147060,321.0,0.0,0.0,0.0,0.0,0.0
161000,애경유화,49800,50400,49450,49600,15043,746365850,0.0,0.0,0.0,0.0,0.0,0.0
011090,에넥스,483,483,473,474,394473,188130472,966.0,3.92,0.4910047069099379,121.0,0.0,0.0
093240,에리트베이직,2455,2530,2420,2500,63310,157134150,4516.0,5.61,0.5539816762621789,446.0,5.0,125.0
005850,에스엘,15800,16050,15400,15850,457030,7185563800,16188.0,0.0,0.0,0.0,0.95,150.0
012750,에스원,67400,67400,66400,67300,19487,1303823800,19384.0,17.97,3.4715728822740406,3745.0,1.86,1250.0
023960,에쓰씨엔지니어링,2245,2390,2245,2310,1790,4137850,4829.0,0.0,0.0,0.0,4.33,100.0
078520,에이블씨엔씨,71600,73200,71600,72700,56250,4087996900,10974.0,26.06,6.623684390377256,2789.0,0.55,400.0
015260,에이엔피,930,932,916,916,613710,565606125,1617.0,0.0,0.0,0.0,0.0,0.0
036570,엔씨소프트,133500,137500,133500,136500,306784,41626624000,39157.0,22.39,3.4863661829302552,6097.0,0.44,600.0
085310,엔케이,3550,3670,3475,3520,490198,1754883650,4732.0,0.0,0.0,0.0,1.42,50.0
069640,엠케이트렌드,8620,8700,8560,8670,6530,56464100,16255.0,4.57,0.5333671370347586,1897.0,3.46,300.0
014440,영보화학,3325,3475,3220,3225,1817763,6116322125,4233.0,10.86,0.7619263819985825,297.0,1.55,50.0
111770,영원무역,37150,38950,37100,38650,206313,7896753500,13454.0,13.47,2.872145365690501,2869.0,0.52,200.0
009970,영원무역홀딩스,67500,68400,60300,68000,2258,151916600,34865.0,7.16,1.949969413272623,9495.0,0.74,500.0
003520,영진약품,1665,1695,1665,1675,717774,1204768235,506.0,111.7,3.3108942687747036,15.0,0.0,0.0
000670,영풍,1046000,1046000,997000,1012000,742,749111000,1041261.0,7.5,0.9713414792256696,134856.0,0.86,8750.0
006740,영풍제지,17550,17600,17300,17550,15760,275919000,42203.0,6.71,0.41598494182877993,2616.0,1.42,250.0
012280,영화금속,1265,1285,1245,1250,4832344,6123328040,971.0,10.25,1.287847579814624,122.0,2.0,25.0
012160,영흥철강,1730,1745,1710,1725,586988,1013027970,3148.0,7.84,0.5478925111181703,220.0,2.9,50.0
015360,예스코,32600,32700,32300,32400,3116,101426400,92858.0,7.9,0.34899835299597237,4103.0,4.63,1500.0
007310,오뚜기,232500,237500,232500,235500,2545,599794000,170093.0,11.4,1.3844880080309008,20660.0,1.06,2500.0
002630,오리엔트바이오,645,645,626,633,231296,146593468,661.0,0.0,0.0,0.0,0.0,0.0
001800,오리온,1053000,1063000,1025000,1063000,26260,27680853000,146981.0,56.22,7.2321192875269595,18908.0,0.28,3000.0
010600,와이비로드,1295,1380,1280,1375,559781,755821720,3136.0,9.23,0.43837940449617346,149.0,0.0,0.0
004940,외환은행,7470,7490,7400,7470,503961,3759747720,13388.0,2.94,0.557240217452196,2538.0,20.2,1510.0
053000,우리금융,12400,12550,12400,12500,835123,10416714500,21742.0,4.72,0.5749226727072027,2649.0,2.0,250.0
118000,우리들생명과학,987,996,941,952,11464578,11058565394,298.0,0.0,0.0,0.0,0.0,0.0
004720,우리들제약,933,940,903,913,8410742,7706978376,280.0,0.0,0.0,0.0,0.0,0.0
005940,우리투자증권,12450,12500,12350,12500,575500,7158247650,15772.0,11.96,0.7924917377314228,1045.0,1.84,230.0
005945,우리투자증권우,4700,4735,4700,4730,7684,36201065,0.0,0.0,0.0,0.0,5.92,280.0
021960,우리파이낸셜,17400,17400,16850,16850,4102,70308200,15631.0,5.67,1.0780590253342717,2971.0,5.4,910.0
006980,우성사료,4345,4375,4085,4195,3375253,14171832030,5370.0,7.6,0.7813896648044693,552.0,1.43,60.0
017370,우신시스템,2325,2450,2310,2445,606940,1464741750,5060.0,3.96,0.48298388092885375,617.0,4.09,100.0
105840,우진,7980,8040,7850,7950,65472,520236550,5171.0,10.66,1.537335621736608,746.0,3.4,270.0
049800,우진플라임,5490,5530,5380,5530,201842,1097019280,6780.0,5.65,0.8156077157079646,979.0,0.0,0.0
095720,웅진씽크빅,7700,7710,7630,7650,142479,1093174150,10224.0,7.67,0.7481278731416275,997.0,5.36,410.0
103130,웅진에너지,2930,3170,2850,3080,6002254,18351961815,5159.0,8.85,0.5970815565031983,348.0,0.0,0.0
008000,웅진케미칼,946,953,941,941,1778749,1681707273,648.0,52.28,1.4522569444444444,18.0,0.0,0.0
016880,웅진홀딩스,1725,1780,1710,1730,388828,677758260,12653.0,0.0,0.0,0.0,0.0,0.0
005820,원림,16000,16000,15650,15900,2270,35575000,28476.0,11.81,0.5583517699115044,1346.0,1.89,300.0
008600,윌비스,1825,1905,1800,1880,8889461,16518651525,2317.0,34.8,0.8113400949503669,54.0,0.0,0.0
033270,유나이티드제약,11500,11800,11500,11800,218262,2550174050,7299.0,8.27,1.6163751027538018,1426.0,0.93,110.0
014830,유니드,35800,36650,35800,36300,5240,189239000,70901.0,3.53,0.5121141627057446,10288.0,2.07,750.0
000910,유니온,4500,4500,4460,4480,23459,105097020,15285.0,7.58,0.2930109175662414,591.0,0.89,40.0
003640,유니온스틸,12550,12600,12450,12550,320,4008500,69171.0,0.0,0.0,0.0,1.59,200.0
011330,유니켐,516,517,506,510,195213,99697368,345.0,0.0,0.0,0.0,0.0,0.0
077500,유니퀘스트,10500,10500,10000,10450,96900,987159000,7803.0,10.51,1.338557686146354,994.0,0.0,0.0
002920,유성기업,3100,3205,3095,3160,94600,297748900,7274.0,4.78,0.434479825405554,661.0,3.16,100.0
011690,유양디앤유,911,923,909,910,92380,84340050,1054.0,0.0,0.0,0.0,0.0,0.0
072130,유엔젤,4255,4365,4250,4270,59577,256333190,6059.0,34.16,0.704659390988612,125.0,3.51,150.0
000220,유유제약,7000,7130,6890,6900,8601,59993800,9436.0,21.44,0.7315467359050445,322.0,1.74,120.0
000225,유유제약1우,2490,2490,2470,2470,3010,7454750,0.0,0.0,0.0,0.0,5.26,130.0
000227,유유제약2우B,5330,5350,5330,5330,1010,5383500,0.0,0.0,0.0,0.0,2.44,130.0
001200,유진투자증권,2575,2590,2575,2580,113761,293666330,9379.0,0.0,0.0,0.0,0.0,0.0
000100,유한양행,179000,179000,174000,177000,18003,3161042000,98055.0,20.34,1.8052212406302586,8701.0,0.71,1250.0
000105,유한양행우,91200,94800,91200,94800,2,186000,0.0,0.0,0.0,0.0,1.37,1300.0
003460,유화증권,12400,12500,12350,12400,1450,17925500,31775.0,12.69,0.39010818253343826,977.0,4.44,550.0
003465,유화증권우,0,0,0,11100,0,0,0.0,0.0,0.0,0.0,5.41,600.0
008730,율촌화학,8480,8510,8450,8510,30897,262289410,11868.0,9.6,0.7168001664138861,886.0,5.88,500.0
008250,이건산업,8230,8300,8100,8250,18114,149363000,16604.0,0.0,0.0,0.0,0.0,0.0
025820,이구산업,1275,1275,1260,1260,55090,69660850,3700.0,36.0,0.34054054054054056,35.0,2.38,30.0
139480,이마트,230000,230500,226000,227500,16756,3814642500,196806.0,0.0,0.0,0.0,0.33,750.0
007660,이수페타시스,4520,4530,4465,4480,420418,1885667935,3832.0,23.33,1.1688413361169103,192.0,1.56,70.0
005950,이수화학,17750,17800,17600,17700,94550,1670288000,33229.0,12.26,0.5326757124800626,1444.0,3.39,600.0
015020,이스타코,571,588,561,561,585065,335543575,913.0,0.0,0.0,0.0,0.0,0.0
074610,이엔쓰리,1300,1550,1295,1390,2707915,3763246090,809.0,0.0,0.0,0.0,0.0,0.0
102460,이연제약,14650,15000,14650,14750,49281,730294250,8176.0,9.62,1.80322265625,1533.0,1.36,200.0
084680,이월드,669,671,660,668,62710,41669540,1445.0,0.0,0.0,0.0,0.0,0.0
138440,이코리아리츠,5240,5240,5040,5090,4869,24757310,,,,,,
000760,이화산업,6970,7170,6910,7140,3830,27132000,33504.0,0.0,0.0,0.0,0.0,0.0
014990,인디에프,706,724,697,707,330463,233425346,1776.0,0.0,0.0,0.0,0.0,0.0
023800,인지컨트롤스,6670,6680,6410,6610,57535,377298050,11447.0,4.61,0.5774302218921988,1434.0,1.51,100.0
034590,인천도시가스,22100,22500,22100,22450,1127,25192950,32089.0,7.71,0.6999894336844401,2913.0,5.57,1250.0
129260,인터지스,7420,7440,7290,7340,45470,333348500,14815.0,4.37,0.495380790161998,1679.0,1.36,100.0
023810,인팩,3510,3570,3505,3570,8150,28784600,5806.0,3.09,0.6157335891749914,1157.0,3.36,120.0
000230,일동제약,10800,10850,10700,10750,36470,392154500,12358.0,9.55,0.8698641568214921,1126.0,1.67,180.0
013360,일성건설,4700,4740,4495,4740,25732,118613230,27543.0,5.44,0.17227267363758486,872.0,4.22,200.0
013367,일성건설2우B,13700,13850,13700,13800,150,2064500,0.0,0.0,0.0,0.0,1.81,250.0
013365,일성건설우B,4800,4800,4400,4595,2930,13052550,0.0,0.0,0.0,0.0,5.44,250.0
003120,일성신약,75000,75400,74800,75200,447,33524900,124701.0,3.12,0.6033625244083849,24122.0,0.66,500.0
003200,일신방직,84000,84700,84000,84100,6283,530820200,246477.0,7.62,0.3413888358497953,11041.0,1.19,1000.0
007110,일신석재,938,940,920,920,1093600,1011402500,715.0,102.25,1.2870629370629372,9.0,0.0,0.0
007570,일양약품,27750,27900,27450,27500,58154,1606200000,9727.0,705.0,2.82666803742161,39.0,0.0,0.0
007575,일양약품우,16750,16750,16400,16500,950,15610500,0.0,0.0,0.0,0.0,0.0,0.0
008500,일정실업,14550,14950,14550,14900,80,1189000,40986.0,15.24,0.3637061283121066,978.0,8.39,1250.0
081000,일진다이아,5890,5900,5810,5870,34884,204179380,5517.0,5.51,1.063980509108211,1065.0,1.7,100.0
020760,일진디스플,19250,20100,19250,20100,533885,10591571450,3310.0,17.73,6.070406910876133,1133.0,0.5,100.0
020150,일진머티리얼즈,8800,8910,8700,8860,163035,1437271140,8342.0,24.34,1.0622302805082715,364.0,1.13,100.0
103590,일진전기,4060,4080,4010,4045,81722,329165620,9000.0,0.0,0.0,0.0,1.98,80.0
015860,일진홀딩스,1785,1815,1785,1800,22081,39766900,5382.0,0.0,0.0,0.0,2.78,50.0
033240,자화전자,19600,20250,19600,20000,237484,4747098350,8003.0,17.81,2.499492377858303,1123.0,1.0,200.0
000950,전방,0,0,0,24550,0,0,136227.0,0.0,0.0,0.0,0.0,0.0
006350,전북은행,4750,4775,4730,4735,176520,838418955,10487.0,2.39,0.4525022051110899,1985.0,2.11,100.0
030000,제일기획,23050,23050,22550,22750,272214,6184466750,6115.0,26.67,3.720541189697465,853.0,0.7,160.0
001300,제일모직,89300,89300,87900,88600,219385,19420822000,61333.0,16.8,1.4443565250354622,5274.0,0.85,750.0
002620,제일약품,13900,13900,13600,13700,13367,183487900,15582.0,6.78,0.8799696765498652,2022.0,0.66,90.0
001560,제일연마,5920,5980,5850,5980,1129,6652610,6992.0,7.93,0.8551179026029748,754.0,2.68,160.0
006220,제주은행,4655,4800,4620,4730,270,1262950,11201.0,4.67,0.4225166837782341,1013.0,0.0,0.0
004910,조광페인트,4710,4755,4520,4520,535667,2474914320,9071.0,7.87,0.4980716362584059,574.0,3.98,180.0
004700,조광피혁,21000,21400,20900,21000,18320,385202500,20129.0,7.97,1.0431544661930547,2635.0,0.48,100.0
001550,조비,11850,12000,11700,11850,3290,38824000,7031.0,0.0,0.0,0.0,0.0,0.0
000480,조선내화,61200,61600,60800,61500,1194,73029000,135802.0,5.78,0.4529146754097878,10639.0,4.88,3000.0
120030,조선선재,33450,34600,33300,33800,6243,212450900,25996.0,3.64,1.2992028821741806,9277.0,0.0,0.0
018470,조일알미늄,1170,1205,1165,1200,576232,682837255,2399.0,7.84,0.49999837171738226,153.0,1.67,20.0
002600,조흥,77000,77000,75100,75100,171,12933700,146591.0,5.49,0.5117593604399315,13669.0,3.33,2500.0
001630,종근당,43500,46000,43400,45500,117526,5287312000,25888.0,10.4,1.7573070172473733,4375.0,1.54,700.0
063160,종근당바이오,12400,12500,12300,12350,23377,290212450,22756.0,5.8,0.5427080014611531,2129.0,2.83,350.0
044380,주연테크,1080,1220,1055,1100,14106136,16151181010,690.0,0.0,0.0,0.0,0.0,0.0
950070,중국고섬,0,0,0,4165,0,0,,,,,,
900050,중국원양자원,3490,3580,3420,3490,433031,1518702580,,,,,,
007630,지에스인스트루,670,682,664,674,86010,58006790,782.0,0.0,0.0,0.0,0.0,0.0
013870,지엠비코리아,5050,5140,4985,5040,34316,173817540,8898.0,3.24,0.5666222395482131,1556.0,2.98,150.0
071320,지역난방공사,78400,80000,78400,79500,9932,789022200,119077.0,293.2,0.66738958824962,271.0,0.44,350.0
010580,지코,631,649,619,636,143750,90469536,770.0,0.0,0.0,0.0,0.0,0.0
088790,진도,4550,4550,4355,4450,12660,56263950,7654.0,6.08,0.5812891951920565,732.0,6.74,300.0
003780,진양산업,2265,2280,2260,2275,46225,104797725,2438.0,5.38,0.9332556783223954,423.0,8.79,200.0
010640,진양폴리,1705,1715,1685,1690,61461,104131950,1730.0,11.05,0.9769779624277457,153.0,8.88,150.0
100250,진양홀딩스,1540,1560,1540,1545,75130,116451100,5016.0,8.17,0.30791155801435405,189.0,5.5,85.0
051630,진양화학,1700,1715,1695,1710,24363,41469880,1996.0,13.68,0.8566938564629258,125.0,4.39,75.0
002780,진흥기업,629,630,622,623,213113,133154219,0.0,0.0,0.0,0.0,0.0,0.0
002787,진흥기업2우B,1985,1985,1760,1830,480,876950,0.0,0.0,0.0,0.0,0.0,0.0
002785,진흥기업우B,915,930,880,880,6070,5505670,0.0,0.0,0.0,0.0,0.0,0.0
009310,참엔지니어링,2020,2130,2020,2095,524644,1096883885,3165.0,3.99,0.6618872186018957,525.0,3.34,70.0
000650,천일고속,28500,28850,28500,28850,70,1998500,28759.0,15.31,1.003653204214333,1885.0,0.0,0.0
012600,청호컴넷,5980,6270,5980,6220,3100,18941500,13619.0,0.0,0.0,0.0,0.0,0.0
033250,체시스,1545,1550,1485,1500,479678,723513865,2000.0,5.32,0.7501640625,282.0,3.33,50.0
006380,카프로,12350,12450,12150,12250,367235,4497150700,12827.0,3.12,0.9541987847898963,3924.0,8.16,1000.0
149130,케이비부국위탁리츠,0,0,0,4090,0,0,,,,,,
029460,케이씨텍,3985,4160,3985,4140,317132,1305079500,5901.0,8.75,0.7013641755634639,473.0,0.72,30.0
007460,케이아이씨,517,517,508,514,961000,491587220,1623.0,0.0,0.0,0.0,0.0,0.0
145270,케이탑리츠,3830,3830,3755,3825,21020,80443400,,,,,,
058860,케이티스,3890,3910,3760,3835,228095,871726975,3484.0,6.2,1.1014111384184846,619.0,1.83,70.0
900140,코라오홀딩스,21350,21500,21100,21100,130632,2781230900,,,,,,
090970,코리아01호,4530,4530,4520,4520,700,3169500,,,,,,
090980,코리아02호,4565,4600,4520,4600,1970,8955000,,,,,,
090990,코리아03호,4550,4640,4505,4640,3540,16062100,,,,,,
091000,코리아04호,4500,4550,4500,4500,2000,9050000,,,,,,
093400,코리아05호,747,761,740,745,10792,8043120,,,,,,
093410,코리아06호,487,510,487,497,104630,51888880,,,,,,
099210,코리아07호,515,521,492,498,138800,69925390,,,,,,
007815,코리아써우,3800,3840,3800,3840,60,229200,0.0,0.0,0.0,0.0,0.0,0.0
007810,코리아써키트,21250,21800,21200,21650,93614,2019283600,10300.0,28.12,2.1025485436893203,770.0,0.0,0.0
003690,코리안리,11550,11550,11350,11450,215732,2467352900,10853.0,27.12,1.05470837556436,422.0,0.52,60.0
044820,코스맥스,40800,44350,40800,43800,649132,27955535250,4433.0,51.22,9.878644540942927,855.0,0.46,200.0
005070,코스모신소재,4560,4675,4525,4600,60991,280045050,7441.0,287.5,0.6181964789678807,16.0,0.0,0.0
005420,코스모화학,7430,7450,7280,7320,104790,769122700,19444.0,6.27,0.3762879535460811,1167.0,0.0,0.0
071950,코아스,1115,1130,1095,1115,621744,688985145,1955.0,12.12,0.5702205882352941,92.0,0.0,0.0
002020,코오롱,17300,17450,17150,17400,26696,462263400,57896.0,2.44,0.3008024018822544,7139.0,2.87,500.0
003070,코오롱글로벌,3800,3815,3775,3800,71553,271133720,5429.0,8.05,0.6995993737336526,472.0,2.63,100.0
003075,코오롱글로벌우,2125,2240,2125,2220,64,139880,0.0,0.0,0.0,0.0,6.76,150.0
144620,코오롱머티리얼,10650,10700,10500,10600,16497,174305700,25394.0,3.44,0.4175724180662755,3083.0,0.0,0.0
002025,코오롱우,9200,9270,9200,9240,270,2492000,0.0,0.0,0.0,0.0,5.95,550.0
120110,코오롱인더,58700,59100,57200,58300,150607,8697203800,61978.0,4.35,0.9415349499015779,13410.0,2.06,1200.0
120115,코오롱인더우,16300,16350,16000,16100,12152,195040200,0.0,0.0,0.0,0.0,7.76,1250.0
138490,코오롱플라스틱,5250,5440,5250,5380,158502,849588600,3024.0,11.75,1.779596560846561,458.0,0.93,50.0
021240,코웨이,48000,49900,47800,49600,175397,8574996900,9568.0,22.19,5.18280335493311,2235.0,2.12,1050.0
121550,코크렙15호,4830,4980,4800,4930,810,3905650,,,,,,
090540,코크렙8호,0,0,0,4960,0,0,,,,,,
031820,콤텍시스템,1190,1205,1165,1205,281730,333319000,1555.0,11.16,0.77483922829582,108.0,0.0,0.0
005740,크라운제과,240000,240500,236000,237500,1151,273240500,107848.0,16.88,2.202474779319042,14076.0,0.42,1000.0
005745,크라운제우,84900,84900,81700,84700,58,4873800,0.0,0.0,0.0,0.0,1.24,1050.0
015540,키스앤컴퍼니,963,980,955,955,732086,701403265,563.0,0.0,0.0,0.0,0.0,0.0
012170,키스톤글로벌,2385,2385,2385,2385,1235869,2947547565,1250.0,3.17,1.907025,752.0,0.0,0.0
039490,키움증권,60900,60900,59300,59500,83488,4998652200,36407.0,10.36,1.6347023752300383,5745.0,1.43,850.0
015890,태경산업,3670,3715,3660,3670,72190,266388450,6644.0,6.12,0.5527778822998194,600.0,4.09,150.0
006890,태경화학,4355,4395,4300,4345,40591,175950045,6148.0,6.44,0.7072136009677944,675.0,3.45,150.0
003240,태광산업,955000,960000,950000,955000,464,444291000,2055949.0,2.72,0.4643691127020296,350909.0,0.18,1750.0
011280,태림포장,2000,2000,1970,1990,179533,355327850,4383.0,8.19,0.45392710472279263,243.0,1.01,20.0
004100,태양금속,7270,7340,7190,7330,500,3641000,22827.0,34.75,0.3212095325710781,211.0,2.05,150.0
004105,태양금속우,4650,4650,4540,4645,160,728550,0.0,0.0,0.0,0.0,4.31,200.0
009410,태영건설,5510,5510,5420,5480,25560,139633300,10261.0,10.4,0.5340587235649547,527.0,1.82,100.0
009415,태영건설우,1950,1975,1950,1975,5100,9945350,0.0,0.0,0.0,0.0,5.32,105.0
001420,태원물산,2505,2530,2430,2455,91360,224644250,3982.0,7.48,0.6161712079357107,328.0,4.07,100.0
007980,태평양물산,30150,34500,30150,33900,52852,1722049300,45410.0,19.94,0.746393966086765,1700.0,1.18,400.0
016570,태평양제약,26200,26200,25300,26050,370,9592000,37165.0,83.75,0.7008273913628413,311.0,1.15,300.0
016575,태평양제우,15600,15600,15600,15600,50,780000,0.0,0.0,0.0,0.0,2.24,350.0
078000,텔코웨어,9970,10000,9830,9960,2050,20386900,9185.0,11.76,1.084253368263473,847.0,3.21,320.0
140890,트러스제7호,4070,4090,4070,4090,1120,4558800,,,,,,
019180,티에이치엔,1845,1910,1830,1900,71856,135895385,2780.0,3.56,0.6839323853417266,534.0,2.89,55.0
008900,티이씨앤코,627,627,618,622,68963,42844216,1960.0,0.0,0.0,0.0,0.0,0.0
134790,팀스,17100,17300,15800,16050,136059,2234795400,11469.0,17.64,1.3996833856482693,910.0,1.25,200.0
005690,파미셀,4600,4750,4525,4675,370580,1718536725,2334.0,0.0,0.0,0.0,0.0,0.0
101990,파브코,1170,1200,1155,1185,15120,17792000,1616.0,0.0,0.0,0.0,0.0,0.0
036580,팜스코,4820,4840,4720,4795,23860,114030625,5476.0,6.71,0.8762454916910153,715.0,0.0,0.0
036585,팜스코우B,0,0,0,4700,0,0,0.0,0.0,0.0,0.0,0.0,0.0
010820,퍼스텍,2105,2145,2075,2140,1808980,3828911060,1467.0,36.28,1.459164110429448,59.0,0.0,0.0
016800,퍼시스,25400,26000,25150,26000,4267,108464800,24684.0,7.64,1.0539753737238697,3405.0,2.69,700.0
001020,페이퍼코리아,864,886,864,869,578469,504785985,1150.0,0.0,0.0,0.0,0.0,0.0
090080,평화산업,1930,1930,1895,1915,126102,241776540,1212.0,0.0,0.0,0.0,0.0,0.0
010770,평화홀딩스,2660,2700,2660,2700,30,80550,10305.0,0.0,0.0,0.0,3.7,100.0
058430,포스코강판,15500,15500,15300,15450,2652,40971400,37254.0,0.0,0.0,0.0,3.24,500.0
004870,포켓게임즈,1940,1940,1845,1925,12980,24755700,1902.0,0.0,0.0,0.0,0.0,0.0
017810,풀무원홀딩스,53800,54200,53100,54200,1378,73830500,58964.0,11.68,0.9192970233956312,4641.0,1.88,1020.0
103140,풍산,29850,30350,29700,30300,138620,4181216050,33574.0,20.88,0.9027968070530767,1452.0,1.32,400.0
005810,풍산홀딩스,23700,23800,23450,23700,1300,30805500,59982.0,3.27,0.395404949609883,7254.0,3.59,850.0
033180,필룩스,1405,1405,1370,1385,52901,73221140,2220.0,14.89,0.6237964527027027,93.0,2.17,30.0
086790,하나금융지주,40400,40450,39700,40000,617399,24640202400,57935.0,7.85,0.6907640297315958,5097.0,1.5,600.0
099340,하나니켈1호,2800,2865,2800,2865,480,1367700,,,,,,
099350,하나니켈2호,0,0,0,2985,0,0,,,,,,
039130,하나투어,68800,68800,67100,67700,82252,5564814700,10009.0,35.1,6.767003446897792,1930.0,1.33,900.0
139200,하이골드2호,4710,4730,4710,4730,4930,23226100,,,,,,
153360,하이골드3호,4830,4830,4830,4830,5890,28448700,,,,,,
159650,하이골드8호,0,0,0,4860,0,0,,,,,,
071090,하이스틸,23600,23950,23350,23450,22567,531847550,79458.0,19.27,0.2950774701729215,1217.0,0.64,150.0
019490,하이트론,5390,5390,5250,5390,1820,9686700,10392.0,0.0,0.0,0.0,0.0,0.0
000080,하이트진로,34600,34600,34050,34250,85636,2938639910,20150.0,24.02,1.6995673076923077,1426.0,3.65,1250.0
000087,하이트진로2우B,17400,17500,17400,17450,3080,53768500,0.0,0.0,0.0,0.0,7.45,1300.0
000140,하이트진로홀딩스,16250,16500,16200,16250,16910,276089000,29650.0,51.25,0.5479342327150084,317.0,0.92,150.0
000145,하이트진로홀딩스우,7390,7410,7330,7400,271,2001600,0.0,0.0,0.0,0.0,2.7,200.0
152550,한국ANKOR유전,4755,4780,4725,4780,60400,286142650,,,,,,
036460,한국가스공사,67300,67700,66600,67700,187731,12633941500,104153.0,27.1,0.6500751898649103,2499.0,1.12,760.0
010460,한국개발금융,24350,24350,24250,24250,390,9494500,57909.0,12.64,0.41888755417983387,1919.0,5.36,1300.0
005430,한국공항,27000,27050,26700,26950,4340,116311500,79358.0,0.0,0.0,0.0,1.86,500.0
071050,한국금융지주,43650,43900,43350,43900,72611,3167641900,40532.0,9.48,1.0829822732655678,4632.0,1.59,700.0
071055,한국금융지주우,11950,12000,11900,12000,26421,304978000,0.0,0.0,0.0,0.0,6.35,762.0
010040,한국내화,3330,3330,3290,3310,51572,170300140,4580.0,4.02,0.7231645742358078,824.0,3.02,100.0
025540,한국단자,27950,28250,27900,28100,5276,147939000,34568.0,7.31,0.8123008906358482,3842.0,1.07,300.0
004090,한국석유,34400,35500,34150,35300,2052,71821100,153320.0,7.14,0.2303051827876337,4945.0,1.42,500.0
002960,한국쉘석유,277000,280000,277000,280000,961,268217500,59449.0,13.94,4.709758574576528,20089.0,6.07,17000.0
002000,한국유리,20050,20050,20000,20000,1810,36220000,56143.0,6.68,0.35621510027964304,2994.0,3.88,775.0
002005,한국유리우,0,0,0,12450,0,0,0.0,0.0,0.0,0.0,6.63,825.0
015760,한국전력,31300,31300,30950,31200,1105042,34423351900,82980.0,0.0,0.0,0.0,0.0,0.0
006200,한국전자홀딩스,1400,1405,1355,1360,284874,392959770,6010.0,0.0,0.0,0.0,0.0,0.0
002300,한국제지,23950,24000,23700,23700,7680,183377000,93122.0,14.75,0.2545397435622087,1607.0,1.69,400.0
023350,한국종합기술,6550,6920,6470,6700,453690,3042311550,10719.0,8.61,0.6248804692601921,778.0,1.49,100.0
025890,한국주강,4110,4210,4090,4150,31771,131561240,6526.0,28.81,0.635764633772602,144.0,0.0,0.0
000970,한국주철관,3755,3755,3705,3735,3920,14586000,9261.0,17.88,0.4033986610517223,209.0,3.35,125.0
104700,한국철강,25500,26400,25350,26000,6212,160659500,73184.0,0.0,0.0,0.0,3.46,900.0
017960,한국카본,8290,8410,8160,8180,408058,3370621520,6290.0,36.53,1.300953895071542,224.0,0.98,80.0
161890,한국콜마,28000,29350,28000,29300,290016,8363730550,0.0,0.0,0.0,0.0,0.0,0.0
024720,한국콜마홀딩스,14100,14300,13800,14100,250798,3536721600,4710.0,20.92,2.9939158704883226,674.0,0.74,105.0
161390,한국타이어,44500,44900,44400,44850,393305,17614293100,0.0,0.0,0.0,0.0,0.0,0.0
000240,한국타이어월드와이드,16850,17450,16850,17450,214672,3689005700,20862.0,7.19,0.8362741617534273,2426.0,2.29,400.0
007280,한국특수형강,37200,37200,37000,37000,60,2224000,117183.0,10.38,0.31595973285374157,3566.0,2.03,750.0
010100,한국프랜지,12000,12050,11900,12000,8965,107569000,33078.0,10.63,0.36291327506197474,1129.0,2.08,250.0
047810,한국항공우주,24150,24250,24150,24200,164416,3978581000,8676.0,30.2,2.7884627852697097,801.0,0.83,200.0
123690,한국화장품,2315,2375,2305,2370,117142,274852850,3717.0,0.0,0.0,0.0,0.0,0.0
003350,한국화장품제조,4065,4100,4035,4060,5091,20639160,7492.0,0.0,0.0,0.0,0.0,0.0
011500,한농화성,3755,3835,3675,3800,86020,323989000,4314.0,6.45,0.880526157568382,589.0,2.63,100.0
002390,한독약품,20350,21250,20350,20400,38978,808624700,23995.0,14.28,0.8505066159616587,1429.0,1.96,400.0
014790,한라건설,7590,7600,7510,7570,60245,455126650,26811.0,11.42,0.2824476194472418,663.0,7.93,600.0
018880,한라공조,24050,24550,24050,24550,60382,1471488100,11704.0,11.74,2.097822459201982,2091.0,2.7,664.0
053690,한미글로벌,6910,6910,6780,6850,3650,24832800,7211.0,10.55,0.9492333760920816,649.0,2.19,150.0
042700,한미반도체,7850,8180,7770,8100,120026,958972500,6596.0,12.13,1.2287323756822317,668.0,1.23,100.0
008930,한미사이언스,7500,7630,7500,7630,29703,225419790,7508.0,0.0,0.0,0.0,0.0,0.0
128940,한미약품,137000,138000,134500,136000,41282,5625681500,42747.0,829.5,3.1823987648256016,164.0,0.0,0.0
009240,한샘,18350,18900,18350,18900,3010,55734500,8602.0,9.06,2.1976720530109275,2086.0,3.17,600.0
020000,한섬,25050,25200,24850,25150,124286,3105923150,26048.0,6.45,0.9660953456119472,3902.0,1.87,470.0
003680,한성기업,8200,8290,8150,8240,7537,62036680,11037.0,5.83,0.7466674594545619,1414.0,3.03,250.0
105630,한세실업,14250,14300,14000,14250,93074,1319072950,4715.0,11.48,3.02066045864263,1241.0,0.7,100.0
016450,한세예스24홀딩스,6630,6630,6510,6550,21581,141453050,4593.0,9.29,1.4258195215545395,705.0,1.22,80.0
009180,한솔CSN,3625,3765,3600,3700,1651863,6129671550,2040.0,28.45,1.8131893382352942,130.0,0.54,20.0
010420,한솔PNS,1115,1140,1110,1125,432692,485920755,1328.0,0.0,0.0,0.0,1.33,15.0
004150,한솔제지,10050,10300,10000,10250,323903,3298736800,17323.0,0.0,0.0,0.0,2.93,300.0
014680,한솔케미칼,24250,24300,23650,24050,63190,1493025000,13479.0,13.0,1.7842569923584837,1850.0,2.08,500.0
004710,한솔테크닉스,20150,21400,19250,19250,1108614,22561771000,19832.0,0.0,0.0,0.0,0.0,0.0
025750,한솔홈데코,1300,1305,1255,1265,1872455,2392538675,1787.0,7.4,0.7079646404588696,171.0,0.0,0.0
004960,한신공영,8890,8900,8610,8880,3640,31926700,38461.0,6.04,0.23065918235355296,1469.0,1.69,150.0
004965,한신공영우,62000,66000,62000,65300,208,13413300,0.0,0.0,0.0,0.0,0.31,200.0
011700,한신기계,1400,1410,1385,1405,106880,149699050,1512.0,8.67,0.9291294642857143,162.0,3.2,45.0
001750,한양증권,6650,6730,6650,6660,7081,47181860,20270.0,11.6,0.3285296928959053,574.0,6.01,400.0
001755,한양증권우,0,0,0,6000,0,0,0.0,0.0,0.0,0.0,7.5,450.0
009420,한올바이오파마,8740,8750,8570,8670,197542,1707722440,1359.0,0.0,0.0,0.0,0.0,0.0
014130,한익스프레스,19550,19800,19350,19650,3817,74834550,14173.0,0.0,0.0,0.0,0.0,0.0
006440,한일건설,0,0,0,769,0,0,2880.0,0.0,0.0,0.0,0.0,0.0
003300,한일시멘트,52500,54500,52300,54500,8964,480264500,166963.0,23.77,0.32652949306133694,2294.0,1.83,1000.0
007860,한일이화,8630,8930,8620,8920,155162,1363751820,9019.0,5.2,0.9886528613205455,1715.0,1.35,120.0
002220,한일철강,13150,13150,12700,12800,3331,42403300,84576.0,11.45,0.1513974856933409,1118.0,0.0,0.0
051600,한전KPS,54400,54700,53500,53900,102280,5506946900,10981.0,23.17,4.90827622711957,2326.0,3.01,1620.0
052690,한전기술,80800,81000,80000,80800,33082,2664631200,9933.0,26.6,8.133676885130374,3038.0,2.63,2126.0
130660,한전산업,5220,5280,5200,5220,29028,151659510,2000.0,14.15,2.61038671875,369.0,3.98,208.0
002320,한진,20250,20350,20050,20150,30411,612378150,63441.0,0.0,0.0,0.0,1.99,400.0
097230,한진중공업,9760,9790,9580,9680,153266,1483202030,35537.0,0.0,0.0,0.0,0.0,0.0
003480,한진중공업홀딩스,6510,6510,6470,6480,8440,54685300,39235.0,0.0,0.0,0.0,3.86,250.0
117930,한진해운,11250,11350,11150,11250,548828,6157521600,15903.0,0.0,0.0,0.0,0.0,0.0
000700,한진해운홀딩스,5470,5530,5430,5450,18784,102519360,14609.0,0.0,0.0,0.0,0.0,0.0
005110,한창,552,557,543,555,294356,162324380,592.0,0.0,0.0,0.0,0.0,0.0
009460,한창제지,691,692,671,690,130511,89699400,840.0,86.25,0.8214285714285714,8.0,0.0,0.0
000880,한화,33300,33650,33250,33600,82362,2759245400,62112.0,17.38,0.5410105937661,1934.0,1.34,450.0
088350,한화생명,7540,7640,7470,7610,265657,2013589810,7504.0,12.79,1.0140581273320894,595.0,3.02,230.0
000370,한화손해보험,5750,5820,5620,5740,56791,322234420,8122.0,6.64,0.706414676188131,864.0,0.0,0.0
000885,한화우,10550,10550,10500,10550,1220,12851500,0.0,0.0,0.0,0.0,4.74,500.0
009830,한화케미칼,19000,19200,18950,19100,288546,5510194400,29513.0,10.65,0.6469233367499069,1793.0,2.36,450.0
009835,한화케미칼우,7140,7140,6980,7100,6223,43741400,0.0,0.0,0.0,0.0,7.04,500.0
027390,한화타임월드,27600,27600,27050,27100,6802,185169200,33429.0,6.22,0.81071262975261,4358.0,2.58,700.0
003530,한화투자증권,4650,4820,4630,4750,502813,2377250890,10452.0,0.0,0.0,0.0,1.05,50.0
003535,한화투자증권우,2320,2370,2275,2350,6565,15340900,0.0,0.0,0.0,0.0,4.26,100.0
089470,현대EP,4875,5120,4860,5080,357081,1784348560,3558.0,11.65,1.427408305227656,436.0,1.18,60.0
000720,현대건설,67800,68100,67100,67600,308238,20784447300,37711.0,11.85,1.792929491726552,5705.0,0.74,500.0
000725,현대건설우,27350,27350,27350,27350,10,273500,0.0,0.0,0.0,0.0,2.01,550.0
005440,현대그린푸드,15750,16000,15550,15550,507853,7997089550,12731.0,15.72,1.2211015434765533,989.0,0.32,50.0
086280,현대글로비스,201500,203000,200000,201000,106618,21438301000,39780.0,21.02,5.0547385620915035,9568.0,0.75,1500.0
012330,현대모비스,298000,302000,298000,300000,106295,31919987000,141465.0,9.47,2.1198514208461456,31671.0,0.58,1750.0
012335,현대모비스우,106000,106000,101500,106000,25,2604500,0.0,0.0,0.0,0.0,1.7,1800.0
010620,현대미포조선,115000,118000,115000,116500,111038,12989240500,160863.0,11.42,0.7243091753541834,10201.0,1.72,2000.0
069960,현대백화점,149000,149000,146000,146500,73107,10730546500,104412.0,9.65,1.4030209799879325,15183.0,0.44,650.0
004560,현대비앤지스틸,10500,10650,10450,10450,30826,324721950,16891.0,9.95,0.6187189183588894,1050.0,0.0,0.0
004565,현대비앤지스틸우,19500,19800,19500,19800,180,3554000,0.0,0.0,0.0,0.0,0.0,0.0
012630,현대산업,23350,24150,23200,23700,507239,12065121300,31958.0,7.87,0.7420866596392139,3013.0,2.95,700.0
011760,현대상사,24850,24850,24200,24200,68616,1684180450,17381.0,12.32,1.3928665820436108,1965.0,2.07,500.0
011200,현대상선,18650,18950,18500,18650,266264,4973438150,11734.0,0.0,0.0,0.0,0.0,0.0
006390,현대시멘트,6370,6370,6260,6330,16805,105989750,12183.0,0.0,0.0,0.0,0.0,0.0
004310,현대약품,1590,1620,1590,1620,51651,82739240,4499.0,38.56,0.3599966659257613,42.0,2.47,40.0
126560,현대에이치씨엔,5270,5340,5120,5300,714960,3717422930,3800.0,10.77,1.3948766447368421,492.0,0.0,0.0
017800,현대엘리베이,90600,92300,90600,91300,20942,1911190300,49371.0,0.0,0.0,0.0,0.55,500.0
011210,현대위아,155500,157500,155000,155000,50024,7795029000,56421.0,16.45,2.7472907361620673,9421.0,0.32,500.0
004020,현대제철,86000,86800,85700,86000,152168,13104660300,106885.0,9.69,0.8044744351405716,8876.0,0.58,500.0
009540,현대중공업,216500,219500,215500,216000,222292,48355376500,215515.0,4.66,1.0019611635211005,46337.0,1.85,4000.0
003450,현대증권,8640,8650,8530,8650,259409,2233467640,12857.0,13.64,0.67264184879832,634.0,2.31,200.0
003457,현대증권2우B,8340,8340,8250,8320,66050,546004900,0.0,0.0,0.0,0.0,6.63,552.0
005380,현대차,210000,213000,209500,210500,283706,59959337000,130003.0,7.46,1.6184121712575863,28200.0,0.83,1750.0
005387,현대차2우B,72000,72800,71700,72100,41537,3001052200,0.0,0.0,0.0,0.0,2.57,1850.0
005389,현대차3우B,56400,56500,56100,56300,2106,118515100,0.0,0.0,0.0,0.0,3.2,1800.0
005385,현대차우,67000,67300,66400,66900,30561,2046470300,0.0,0.0,0.0,0.0,2.69,1800.0
011720,현대피앤씨,323,328,316,320,1023493,327395440,396.0,0.0,0.0,0.0,0.0,0.0
010520,현대하이스코,37100,37500,36900,37250,198626,7393039200,20300.0,9.98,1.834606296182266,3733.0,0.67,250.0
001450,현대해상,32000,32200,31550,31750,334665,10624083150,19761.0,6.2,1.605566598982845,5118.0,4.25,1350.0
057050,현대홈쇼핑,125000,127000,123500,127000,35668,4462763000,72438.0,10.03,1.7530245692868385,12659.0,0.87,1100.0
003010,혜인,3575,3635,3575,3620,23080,83362700,9255.0,9.53,0.3913425175580767,380.0,3.31,120.0
008770,호텔신라,48700,48700,47300,47500,444994,21186495150,15036.0,33.3,3.1593259510508114,1426.0,0.63,300.0
008775,호텔신라우,12500,12500,12450,12500,900,11242000,0.0,0.0,0.0,0.0,2.8,350.0
002460,화성산업,4300,4320,4285,4300,65240,280461750,16629.0,0.0,0.0,0.0,0.0,0.0
013520,화승알앤에이,11800,11800,11500,11700,62214,724721800,36701.0,2.84,0.31926092783575377,4126.0,2.14,250.0
006060,화승인더,870,882,867,869,153885,134024280,2288.0,7.24,0.37963013548951047,120.0,2.88,25.0
010690,화신,11000,11500,11000,11450,332723,3753723350,9623.0,11.27,1.1902538189753715,1016.0,0.87,100.0
010660,화천기계,24250,24400,24000,24250,1470,35534500,47657.0,3.05,0.5082181493537151,7939.0,4.12,1000.0
000850,화천기공,44200,44300,43800,43800,2861,125826800,95097.0,3.57,0.4612643866262868,12286.0,2.85,1250.0
950010,화풍집단 KDR,1485,1525,1470,1520,1840,2749300,,,,,,
016580,환인제약,11300,11450,11150,11200,80480,908936000,8057.0,11.57,1.3901033263001117,968.0,2.23,250.0
032560,황금에스티,4090,4140,4070,4100,11461,46917200,11668.0,5.87,0.3517221915709633,699.0,2.44,100.0
004800,효성,60700,61300,60600,61300,128640,7850376400,81693.0,0.0,0.0,0.0,1.63,1000.0
094280,효성ITX,4215,4400,4215,4365,14251,61360665,1735.0,9.39,2.516795749279539,465.0,0.0,0.0
093370,후성,4680,4860,4645,4850,705643,3362186135,1564.0,20.73,3.1022018861892584,234.0,0.0,0.0
037270,휘닉스컴,2305,2395,2225,2300,148097,341074900,2870.0,20.19,0.8018728222996516,114.0,2.17,50.0
081660,휠라코리아,61100,61200,60300,60400,36873,2231369400,32607.0,254.9,1.8525278314472353,237.0,0.41,250.0
005870,휴니드,3820,3845,3740,3800,37773,142657680,6848.0,0.0,0.0,0.0,0.0,0.0
079980,휴비스,10700,10950,10550,10850,205923,2227255300,8472.0,4.5,1.2816926345609065,2413.0,0.0,0.0
005010,휴스틸,24050,24600,23800,24450,25344,618341400,55226.0,4.77,0.44252848522435084,5124.0,4.09,1000.0
069260,휴켐스,24250,24450,24050,24050,74142,1791341050,10738.0,19.23,2.239054642391507,1250.0,2.91,700.0
000540,흥국화재,5000,5000,4990,4990,7462,37242230,3228.0,5.49,1.545491838986989,909.0,0.0,0.0
000547,흥국화재2우B,5700,5700,5700,5700,10,57000,0.0,0.0,0.0,0.0,0.0,0.0
000545,흥국화재우,1955,1980,1955,1980,40,78650,0.0,0.0,0.0,0.0,0.0,0.0
003280,흥아해운,1335,1335,1290,1300,1130350,1476837400,1602.0,0.0,0.0,0.0,0.54,7.0
060310,3S,8400,8460,8080,8120,278858,2286227510,753.0,193.4,10.78585657370518,42.0,0.0,0.0
900010,3노드디지탈,1190,1195,1185,1190,695358,827287570,,,,,,
013340,AJS,726,738,725,727,292683,213439813,1103.0,13.22,0.6591398458748867,55.0,0.0,0.0
054620,AP시스템,8360,8490,8280,8470,459620,3855587950,3753.0,16.27,2.258031075139888,521.0,0.0,0.0
090470,AST젯텍,6230,6330,6140,6320,94120,588427380,4695.0,9.86,1.346082933972311,641.0,1.58,100.0
032040,C&S자산관리,4565,4700,4520,4650,202825,937624995,3730.0,5.78,1.2476960455764075,805.0,6.45,300.0
130960,CJ E&M,34150,34500,33750,34400,429203,14696156500,30653.0,19.48,1.121910477767266,1765.0,0.0,0.0
035760,CJ오쇼핑,278600,285200,278500,284500,22095,6225706300,78268.0,15.22,3.6355211421014975,18697.0,0.7,2000.0
051500,CJ프레시웨이,31850,32050,31500,31550,15256,482667850,9483.0,18.39,3.3278827902562482,1716.0,0.63,200.0
023460,CNH,1250,1265,1250,1260,11508,14444035,2635.0,0.0,0.0,0.0,3.97,50.0
065770,CS,4330,4365,4290,4310,88795,382570015,2872.0,0.0,0.0,0.0,0.0,0.0
159910,CS엘쏠라,15650,15750,15300,15550,67620,1044910050,1934.0,19.61,8.040452107032058,793.0,0.0,0.0
056340,CU전자,430,436,418,426,1549920,661060020,1117.0,0.0,0.0,0.0,0.0,0.0
068790,DMS,4170,4260,4120,4140,372043,1561639205,7942.0,0.0,0.0,0.0,0.0,0.0
009730,DS제강,1200,1225,1180,1200,49184,58999230,851.0,0.0,0.0,0.0,0.0,0.0
037370,EG,46200,46950,44850,45900,517443,23785102300,6904.0,956.0,6.6465816917728855,48.0,0.11,50.0
080220,EMLSI,8730,8930,8640,8850,68125,601804390,2521.0,13.43,3.5105767800476,659.0,0.0,0.0
079190,EMW,5160,5600,5160,5590,177748,975939330,2630.0,0.0,0.0,0.0,0.0,0.0
083450,GST,4800,5090,4800,5080,221169,1098296175,3598.0,10.83,1.4114482003891051,469.0,0.98,50.0
028150,GS홈쇼핑,181000,185700,181000,183900,11175,2045888400,92406.0,5.72,1.990540386987858,32164.0,1.9,3500.0
053870,GT&T,700,704,695,695,19456,13603266,1222.0,0.0,0.0,0.0,0.0,0.0
032800,G러닝,1055,1085,1050,1060,298679,317233505,773.0,48.2,1.3714424320827943,22.0,0.0,0.0
041590,H&H,1925,1935,1880,1895,356761,679599305,1011.0,6.36,1.8744745301681502,298.0,0.0,0.0
078150,HB테크놀러지,1160,1175,1150,1175,140831,163612030,460.0,0.0,0.0,0.0,0.0,0.0
036640,HRS,2855,2920,2850,2910,139336,403264235,3785.0,8.95,0.7687623844121533,325.0,3.44,100.0
126680,IBKS스팩1호,1030,1030,1025,1025,77779,79824720,985.0,56.94,1.040482233502538,18.0,0.0,0.0
095340,ISC,11500,11950,11500,11850,224959,2642511300,8747.0,6.91,1.354065143763576,1714.0,3.38,400.0
099520,ITX시큐리티,3600,3670,3475,3500,50679,180871800,3070.0,0.0,0.0,0.0,0.0,0.0
067000,JCE,14050,14600,14050,14350,174961,2518750100,5443.0,23.4,2.6360520393165534,613.0,0.7,100.0
067290,JW중외신약,6010,6160,5980,6160,311375,1891638000,1478.0,0.0,0.0,0.0,0.41,25.0
035900,JYP Ent.,4870,4895,4850,4865,149248,726643790,720.0,0.0,0.0,0.0,0.0,0.0
024120,KB오토시스,4470,4470,4365,4380,6709,29470840,4712.0,31.73,0.9294023238539898,138.0,2.63,115.0
021320,KCC건설,25650,25750,25150,25600,963,24418650,72270.0,4.49,0.35399478518057287,5700.0,3.91,1000.0
036670,KCI,2560,2600,2530,2555,12377,31594890,2919.0,10.34,0.8752676430284344,247.0,1.96,50.0
068060,KCW,3985,3985,3860,3950,10311,40537815,5988.0,8.33,0.6592403557114228,474.0,1.9,75.0
046440,KG모빌리언스,13100,13150,12850,12950,447012,5803268700,4393.0,25.6,2.9479712041884816,506.0,0.58,75.0
035600,KG이니시스,12150,12350,12150,12300,273609,3350059950,4736.0,11.65,2.597286739864865,1056.0,0.81,100.0
060720,KH바텍,17600,17800,17350,17800,263519,4631496300,12226.0,27.64,1.4559596352036643,644.0,0.0,0.0
083470,KJ프리텍,2730,2840,2680,2750,625132,1727010625,1488.0,0.0,0.0,0.0,0.0,0.0
122450,KMH,9380,9450,9200,9340,84013,780269610,4936.0,9.68,1.8924024387155591,965.0,2.14,200.0
058400,KNN,8050,8200,8050,8200,1012,8240380,10404.0,12.75,0.7879901960784313,643.0,2.74,225.0
114450,KPX생명과학,4580,4700,4580,4665,152659,707794380,4145.0,21.7,1.125735072376357,215.0,4.82,225.0
036030,KTH,8190,8470,8190,8400,37616,314545650,5145.0,0.0,0.0,0.0,0.0,0.0
043610,KT뮤직,2925,2980,2920,2950,177561,521701935,677.0,0.0,0.0,0.0,0.0,0.0
060370,KT서브마린,13750,13750,13400,13650,873,11822900,18050.0,8.37,0.7555964335180055,1630.0,3.66,500.0
079950,LIG에이디피,3505,3610,3405,3450,134413,471100795,2335.0,0.0,0.0,0.0,0.0,0.0
086960,MDS테크,15750,15900,15550,15750,97791,1536692950,6846.0,13.6,2.300702508764242,1158.0,1.84,290.0
065150,MPK,1510,1525,1475,1480,13179,19618845,327.0,23.12,4.525993883792049,64.0,1.35,20.0
030190,NICE평가정보,5520,5690,5520,5580,295,1650800,3024.0,11.05,1.844798900462963,505.0,2.87,160.0
036490,OCI머티리얼즈,33950,35000,33900,35000,79750,2759308950,30946.0,5.62,1.1316297441511018,6230.0,2.14,750.0
024940,PN풍년,1435,1450,1430,1430,28590,41086635,2620.0,0.0,0.0,0.0,1.05,15.0
091340,S&K폴리텍,2485,2540,2415,2540,7819,19361580,5399.0,12.33,0.4703822467123541,206.0,5.91,150.0
019660,SBI글로벌,448,454,438,441,638322,282801959,464.0,6.39,0.9503300107758621,69.0,0.0,0.0
950110,SBI액시즈,4005,4065,3995,4000,117513,472354975,,,,,,
019550,SBI인베스트먼트,489,492,475,483,438679,211531477,624.0,16.66,0.7740885416666666,29.0,0.0,0.0
046140,SBS콘텐츠허브,14050,14700,14050,14400,106662,1540739200,5046.0,13.79,2.8529094827586206,1044.0,1.04,150.0
099220,SDN,1740,1760,1710,1720,1319143,2279776555,3385.0,2.82,0.5090726550960119,611.0,7.27,125.0
040610,SG&G,2680,2720,2645,2675,43331,115568625,4941.0,4.51,0.5414792994839102,593.0,0.0,0.0
049470,SGA,971,980,951,962,1694113,1635516374,634.0,68.7,1.5167586750788644,14.0,0.0,0.0
090730,SIMPAC METALLOY,6790,6880,6650,6820,35022,236956340,12350.0,4.75,0.5526923076923077,1437.0,2.2,150.0
057500,SKC 솔믹스,2925,3110,2880,3045,76051,227724100,6374.0,0.0,0.0,0.0,1.64,50.0
033630,SK브로드밴드,4710,4745,4560,4580,2113911,9740908215,3694.0,0.0,0.0,0.0,0.0,0.0
066270,SK컴즈,6970,7180,6970,7100,233853,1661458860,5346.0,71.0,1.328095772540217,100.0,0.0,0.0
048550,SM C&C,3300,3300,3200,3250,207190,670973555,537.0,216.6,6.050977653631285,15.0,0.0,0.0
099440,SMEC,4000,4020,3865,3940,196657,770553640,2968.0,13.87,1.3269141677897573,284.0,0.51,20.0
051980,SNH,1775,1800,1775,1780,3693,6589660,2733.0,7.98,0.6511688734906695,223.0,0.0,0.0
036540,STS반도체,5810,5930,5780,5900,297932,1743471450,4675.0,20.48,1.2619251336898396,288.0,0.85,50.0
032540,TJ미디어,3305,3375,3305,3350,31122,104364335,6232.0,7.05,0.5374071074695121,475.0,6.57,220.0
048770,TPC,2145,2340,2140,2275,190863,430407445,2112.0,16.98,1.0776071259469697,134.0,1.1,25.0
057030,YBM시사닷컴,5060,5170,5000,5130,4992,25227780,3208.0,11.85,1.5996653873129676,433.0,7.8,400.0
023770,YNK코리아,1675,1690,1650,1670,12619,21078895,2004.0,0.0,0.0,0.0,0.0,0.0
040300,YTN,3800,4150,3685,3820,25879,98030655,4132.0,15.16,0.9243405130687319,252.0,0.65,25.0
052220,iMBC,5880,5940,5650,5650,491588,2836630630,1948.0,27.7,2.901148613963039,204.0,0.97,55.0
079940,가비아,4140,4275,4125,4220,299989,1262088400,2161.0,11.34,1.952741786210088,372.0,0.71,30.0
078890,가온미디어,4980,5080,4800,4900,307053,1520456130,5005.0,0.0,0.0,0.0,0.0,0.0
030270,가희,8410,8430,8360,8430,288,2418930,19112.0,0.0,0.0,0.0,0.0,0.0
094480,갤럭시아컴즈,2340,2350,2270,2310,318059,733200990,895.0,0.0,0.0,0.0,0.0,0.0
063080,게임빌,86400,90500,86400,88300,235205,20950055200,12323.0,30.11,7.16633911182342,2933.0,0.0,0.0
041140,게임하이,7600,7840,7600,7650,479889,3703390210,1681.0,121.44,4.551197204045211,63.0,0.0,0.0
039240,경남스틸,6480,6490,6410,6480,4300,27627670,10815.0,3.47,0.6001123295191864,1870.0,3.86,250.0
053950,경남제약,688,688,669,670,502947,339603758,586.0,0.0,0.0,0.0,0.0,0.0
011040,경동제약,13650,13700,13200,13300,13263,178604000,11346.0,7.76,1.1725353373435572,1714.0,4.51,600.0
139050,경봉,3720,4010,3600,3700,5385323,20855313545,1430.0,30.83,2.5869755244755246,120.0,0.0,0.0
043220,경원산업,2170,2635,2170,2290,222549,524233990,2670.0,0.0,0.0,0.0,0.0,0.0
024910,경창산업,4410,4415,4365,4400,3557,15615030,3907.0,15.17,1.1261437803941643,290.0,1.14,50.0
089890,고려반도체,4620,4650,4580,4600,6339,29205845,2200.0,8.95,2.091775568181818,514.0,0.0,0.0
049720,고려신용정보,941,945,932,944,42521,39976285,863.0,5.62,1.0942569524913093,168.0,5.3,50.0
014570,고려제약,2770,2795,2710,2750,31346,86364105,4270.0,7.99,0.643552400468384,344.0,2.55,70.0
098460,고영,30300,31250,30100,31250,85724,2658565450,8015.0,17.05,3.9006823144104805,1834.0,0.64,200.0
121440,골프존,57100,57800,56500,57500,40050,2289656200,28404.0,14.22,2.0248853594564147,4045.0,1.39,800.0
014200,광림,1925,1930,1895,1915,79145,150958295,3727.0,11.26,0.5135036557552992,170.0,2.09,40.0
026910,광진실업,2395,2400,2335,2400,7454,17625720,4463.0,3.51,0.5371207532769438,683.0,2.08,50.0
090150,광진윈텍,2045,2045,1965,1990,7302,14437765,3776.0,5.96,0.5272651284427966,334.0,0.0,0.0
053270,구영테크,1370,1380,1350,1360,21579,29188210,2789.0,0.0,0.0,0.0,0.0,0.0
066620,국보디자인,7920,7980,7850,7960,67085,530500280,6419.0,9.4,1.2401427889858234,847.0,2.51,200.0
043650,국순당,7730,7830,7660,7680,145198,1123434670,9713.0,23.78,0.790831231339442,323.0,1.37,105.0
006050,국영지앤엠,1020,1020,969,990,890159,881239903,1604.0,0.0,0.0,0.0,0.0,0.0
078130,국일제지,4300,4585,4300,4430,148,647475,17813.0,0.0,0.0,0.0,0.0,0.0
044180,국제디와이,226,227,220,221,6581758,1465743463,415.0,0.0,0.0,0.0,0.0,0.0
053740,국제엘렉트릭,11900,12750,11850,12550,194516,2404473100,8717.0,4.66,1.4391580388895262,2692.0,7.97,1000.0
019010,그랜드백화점,5140,5180,5140,5180,388,2002990,45171.0,0.0,0.0,0.0,0.0,0.0
900070,글로벌에스엠,1285,1285,1265,1275,50167,63946975,,,,,,
053260,금강철강,2380,2385,2360,2385,20849,49413050,4430.0,4.53,0.5380220090293454,526.0,4.19,100.0
058370,금성테크,750,795,720,744,1983230,1493129341,501.0,8.18,1.4857316616766467,91.0,0.0,0.0
036190,금화피에스시,21750,21900,21350,21600,8997,194517600,12724.0,8.25,1.6974614900974536,2618.0,2.31,500.0
004790,기륭E&E,816,840,816,832,49122,40672734,1316.0,277.2,0.6320288753799392,3.0,0.0,0.0
035460,기산텔레콤,1895,1935,1885,1905,198359,377822945,2110.0,0.0,0.0,0.0,0.0,0.0
151910,나노스,18700,18850,18300,18600,230823,4288303450,1721.0,16.83,10.804810066821615,1105.0,0.0,0.0
121600,나노신소재,17800,18100,17600,17800,141190,2520676000,8046.0,26.45,2.2126464236887893,673.0,0.0,0.0
039860,나노엔텍,4005,4130,3985,4000,108815,438738615,1478.0,0.0,0.0,0.0,0.0,0.0
091970,나노캠텍,3700,3760,3690,3735,52475,195365370,4249.0,35.56,0.8788097199341022,105.0,0.0,0.0
010670,나노트로닉스,5800,6150,5790,6010,494377,2958147620,1611.0,0.0,0.0,0.0,0.0,0.0
051490,나라엠앤디,2400,2405,2390,2405,7867,18876665,4600.0,3.39,0.5225985054347826,709.0,4.99,120.0
067160,나우콤,6830,6860,6720,6750,62494,423205690,3292.0,75.8,2.04960890036452,89.0,0.0,0.0
138610,나이벡,4825,4825,4700,4730,18901,89588225,3062.0,0.0,0.0,0.0,0.0,0.0
130580,나이스디앤비,2950,3140,2915,2980,652185,1963351300,1198.0,13.93,2.4882747287145244,214.0,1.64,49.0
036800,나이스정보통신,4980,5160,4980,5150,29342,148699740,4554.0,4.3,1.132331295289855,1199.0,3.88,200.0
091590,남화토건,4805,4805,4735,4770,19109,90823400,8238.0,5.28,0.579539936877883,904.0,1.57,75.0
096040,네오엠텔,3495,3545,3420,3525,61432,213044050,2355.0,0.0,0.0,0.0,0.0,0.0
042420,네오위즈,15700,16000,15550,15850,120453,1902558150,17500.0,6.56,0.9054607142857143,2416.0,0.0,0.0
095660,네오위즈게임즈,19050,19900,19050,19850,559329,10933779600,11349.0,5.67,1.7486906886069258,3499.0,0.0,0.0
104200,네오위즈인터넷,11150,11300,11050,11300,137323,1537419200,2937.0,19.06,3.848846612189309,593.0,0.0,0.0
085910,네오티스,4860,4890,4840,4875,12209,59269645,6325.0,10.44,0.7706422924901186,467.0,4.1,200.0
092730,네오팜,6230,6230,6110,6140,5193,31868200,4004.0,50.34,1.5339504245754245,122.0,1.22,75.0
028090,네오퍼플,385,390,376,382,1638835,626630510,293.0,0.0,0.0,0.0,0.0,0.0
101400,네오피델리티,3310,3365,3150,3180,336937,1088427365,2950.0,8.55,1.0777754237288135,372.0,0.94,30.0
153460,네이블,16100,16250,15800,16050,91292,1460975400,2913.0,15.95,5.509386800549262,1006.0,0.0,0.0
033640,네패스,16700,17300,16350,17200,811351,13776847950,6318.0,0.0,0.0,0.0,0.29,50.0
087730,네패스신소재,9960,9960,9220,9700,8078,78995520,2290.0,0.0,0.0,0.0,0.0,0.0
073070,넥센테크,2620,2655,2605,2615,91253,239506755,2723.0,20.6,0.9604870547190598,127.0,1.34,35.0
081970,넥스지,4060,4485,3550,3550,2818497,11860471660,5128.0,6.62,0.6920644013260531,536.0,0.0,0.0
089140,넥스턴,3235,3270,3190,3215,19190,61389980,4097.0,5.69,0.784877845069563,565.0,3.11,100.0
139670,넥스트리밍,6300,6300,6060,6100,32737,200667360,2546.0,12.92,2.395571484681854,472.0,1.15,70.0
137940,넥스트아이,7230,7260,7150,7240,15170,109574670,2957.0,12.15,2.4485859824146092,596.0,0.69,50.0
092600,넥스트칩,6530,6660,6500,6660,28444,187675580,4924.0,13.62,1.352316142871649,489.0,1.2,80.0
054050,농우바이오,21650,21900,21500,21800,35297,767883700,10394.0,16.83,2.096634777275351,1295.0,1.15,250.0
040160,누리텔레콤,4400,4675,4080,4080,761472,3392459040,3875.0,0.0,0.0,0.0,0.0,0.0
069140,누리플랜,7660,7660,7490,7520,1655,12426140,6265.0,9.83,1.2000823024740623,765.0,0.93,70.0
126870,뉴로스,7080,7080,6920,6960,30116,210764520,4598.0,5.91,1.5141722623966942,1178.0,0.0,0.0
041060,뉴로테크,810,828,783,803,272914,217960010,648.0,0.0,0.0,0.0,0.0,0.0
060260,뉴보텍,718,725,704,720,1887741,1355541276,624.0,0.0,0.0,0.0,0.0,0.0
012340,뉴인텍,1345,1365,1325,1355,304090,408136550,862.0,0.0,0.0,0.0,0.0,0.0
900100,뉴프라이드,2200,2200,2170,2190,1773,3866760,,,,,,
085670,뉴프렉스,5650,6040,5620,5850,1020003,5987889290,2947.0,0.0,0.0,0.0,0.0,0.0
053290,능률교육,3500,3505,3410,3495,20732,71602380,3895.0,8.3,0.8967867458279846,421.0,4.01,140.0
023430,니트젠앤컴퍼니,639,655,639,649,19414,12582691,485.0,0.0,0.0,0.0,0.0,0.0
119860,다나와,6990,7290,6970,7210,8012,56927860,6684.0,10.79,1.0782605849790545,668.0,2.08,150.0
064260,다날,14350,14450,13850,14050,1183425,16708269150,4106.0,0.0,0.0,0.0,0.0,0.0
093640,다믈멀티미디어,6800,6990,6170,6170,3030506,19460890010,693.0,0.0,0.0,0.0,0.0,0.0
039560,다산네트웍스,4700,4820,4685,4770,187131,890821460,7702.0,0.0,0.0,0.0,0.0,0.0
043710,다스텍,1055,1140,1055,1070,13262,14278130,559.0,0.0,0.0,0.0,0.0,0.0
032190,다우데이타,3370,3415,3365,3400,90885,307801180,6311.0,7.2,0.5384299239423229,472.0,1.76,60.0
068240,다원시스,7930,8140,7860,8140,299741,2409102600,3870.0,22.3,2.102935239018088,365.0,0.74,60.0
077280,다윈텍,2080,2095,1990,2020,130655,265015640,4549.0,15.78,0.4440536381622335,128.0,0.0,0.0
035720,다음,97800,99000,96400,97400,174379,16986780900,33930.0,12.05,2.8702309902740937,8084.0,1.65,1607.0
033830,대구방송,6290,6290,6200,6200,88,545690,9161.0,12.38,0.6771956186551686,501.0,2.42,150.0
012860,대동,1895,1950,1895,1910,24153,46094760,4157.0,4.43,0.45927238693769545,431.0,2.62,50.0
020400,대동금속,21600,21750,21300,21650,263,5675600,36150.0,7.93,0.5990588260719225,2731.0,1.85,400.0
008830,대동기어,16400,16800,16050,16750,1087,17784300,60252.0,12.1,0.2779752124410808,1384.0,1.79,300.0
048470,대동스틸,3970,4005,3850,3850,429896,1684721390,5897.0,11.16,0.6526888672206207,345.0,2.08,80.0
004780,대륙제관,5010,5050,4970,5000,40999,204774525,3573.0,18.38,1.3988245172124265,272.0,1.0,50.0
017650,대림제지,3380,3380,3330,3360,21796,73301850,7623.0,9.33,0.4405253837072019,360.0,0.0,0.0
007720,대명엔터프라이즈,3430,3430,3340,3390,10539,35367965,4485.0,0.0,0.0,0.0,0.0,0.0
078140,대봉엘에스,3190,3195,3100,3120,158811,499220735,3293.0,10.37,0.9476232728515032,301.0,1.6,50.0
036480,대성미생물,38450,38450,37800,38150,632,24015450,52184.0,0.0,0.0,0.0,2.23,850.0
025440,대성엘텍,821,828,807,819,243864,199412359,633.0,0.0,0.0,0.0,0.0,0.0
027830,대성창투,1645,1685,1570,1625,3209270,5250255015,983.0,0.0,0.0,0.0,0.0,0.0
104040,대성파인텍,4590,4680,4575,4650,35499,164264810,4263.0,6.13,1.0912127243138634,759.0,2.15,100.0
020180,대신정보통신,965,1010,940,1010,4932973,4858658647,520.0,42.1,1.9427884615384616,24.0,0.0,0.0
123550,대신증권그로쓰스팩,2100,2100,2100,2100,256003,537606300,1937.0,91.3,1.0842475477542592,23.0,0.0,0.0
045390,대아티아이,1760,1775,1750,1750,819368,1439645350,738.0,43.75,2.3712737127371275,40.0,0.0,0.0
108380,대양전기공업,12550,12950,12550,12950,56051,719995350,10063.0,10.15,1.2868335734870318,1276.0,0.0,0.0
006580,대양제지,12350,12350,12200,12350,2218,27115050,30504.0,6.49,0.4047731188942434,1903.0,4.05,500.0
048910,대원미디어,9500,9600,9420,9520,32210,306575080,6172.0,0.0,0.0,0.0,0.0,0.0
005710,대원산업,6000,6100,5910,5980,23685,141985420,8693.0,6.16,0.6880837131887726,971.0,2.09,125.0
120240,대정화금,9990,10000,9740,9850,92044,907472790,9421.0,8.38,1.046405636344337,1176.0,4.06,400.0
003310,대주산업,738,760,732,733,620412,462561391,1262.0,91.6,0.580824088748019,8.0,0.0,0.0
078600,대주전자재료,10200,10400,10100,10300,45022,461483950,4571.0,16.61,2.252857689783417,620.0,0.0,0.0
065690,대진디엠피,4770,4800,4650,4710,28915,137095895,6614.0,14.81,0.712182491684306,318.0,0.0,0.0
096350,대창메탈,3900,3955,3795,3935,179991,697998800,7480.0,21.27,0.5259546290106952,185.0,1.27,50.0
131220,대한과학,11450,11500,11000,11250,220106,2456592400,2881.0,26.3,3.906651336341548,428.0,1.11,125.0
010170,대한광통신,1470,1670,1450,1610,2700237,4241437275,4436.0,0.0,0.0,0.0,0.0,0.0
054670,대한뉴팜,5630,5750,5550,5610,45967,258704540,5496.0,114.5,1.0208333333333333,49.0,0.0,0.0
023910,대한약품,15100,15800,15000,15750,86024,1330731750,7099.0,20.86,2.218457265107762,755.0,0.63,100.0
021040,대호피앤씨,1130,1180,1110,1165,206158,238471420,687.0,0.0,0.0,0.0,0.0,0.0
021045,대호피앤씨우,633,636,626,635,4287,2685022,0.0,0.0,0.0,0.0,1.57,10.0
067080,대화제약,6740,6770,6430,6550,140214,917151520,3103.0,28.98,2.1110115211086047,226.0,1.53,100.0
077360,덕산하이메탈,27100,27300,26800,27150,319589,8641113150,4713.0,19.67,5.760065245066836,1380.0,0.0,0.0
017680,데코네티션,939,967,900,903,33429,30277531,350.0,0.0,0.0,0.0,0.0,0.0
067990,도이치모터스,3460,3545,3450,3500,128632,449711105,1500.0,18.12,2.3320833333333333,193.0,0.0,0.0
100130,동국S&C,3190,3305,3185,3300,281513,915556755,3895.0,0.0,0.0,0.0,0.0,0.0
005160,동국산업,3190,3320,3190,3320,68357,221866975,6190.0,15.89,0.536533218901454,209.0,3.61,120.0
075970,동국알앤에스,1385,1390,1375,1375,7322,10096620,4189.0,6.67,0.3280988899498687,206.0,5.82,80.0
086450,동국제약,24300,24900,23950,24450,27082,664120650,14737.0,10.67,1.6590395348442695,2291.0,1.55,380.0
099410,동방선기,5970,6360,5830,5970,2588563,15806603650,6986.0,16.77,0.8543605067277412,356.0,0.0,0.0
045890,동부라이텍,2555,2580,2465,2480,175724,443342710,1790.0,0.0,0.0,0.0,0.0,0.0
090710,동부로봇,3690,3850,3650,3755,104412,394878360,3355.0,19.27,1.1197606184798807,195.0,0.0,0.0
128910,동부티에스블랙펄스팩,2065,2080,2065,2070,18743,38927030,1947.0,60.88,1.063045711350796,34.0,0.0,0.0
026960,동서,18700,18700,18550,18650,43364,807741450,14022.0,11.15,1.3293529810298104,1672.0,7.24,1350.0
013450,동성하이켐,5390,5560,5370,5500,94132,515177120,3762.0,7.93,1.4628397461456673,694.0,2.73,150.0
025950,동신건설,3420,3480,3370,3470,1265,4293000,7220.0,9.04,0.4807479224376731,384.0,2.88,100.0
088130,동아엘텍,5050,5080,4980,5070,28716,143887120,6722.0,7.12,0.7542723519785778,712.0,0.99,50.0
140410,동아팜텍,19200,20650,19100,20400,84973,1708874150,3492.0,38.5,5.843356242840779,530.0,0.0,0.0
041930,동아화성,3700,3700,3525,3700,45177,163809595,2786.0,0.0,0.0,0.0,1.35,50.0
038500,동양시멘트,3140,3210,3135,3150,321842,1018863360,4171.0,0.0,0.0,0.0,0.0,0.0
060380,동양에스텍,1895,1895,1835,1870,9149,16994630,5650.0,13.75,0.3309734513274336,136.0,5.35,100.0
079960,동양이엔피,16150,16350,16000,16050,130643,2110867550,14335.0,5.31,1.1198596093477502,3024.0,1.87,300.0
104460,동양피엔에프,6640,6890,6500,6830,30709,207247900,5251.0,9.58,1.3005528708817369,713.0,2.93,200.0
088910,동우,3260,3330,3250,3290,43083,142212710,4752.0,8.1,0.6921789509680135,406.0,0.0,0.0
013120,동원개발,12700,12750,12550,12700,6142,77506100,23085.0,6.48,0.5502152371669915,1960.0,1.57,200.0
109860,동일금속,14600,15000,14450,14900,82702,1219986900,9973.0,9.59,1.4949049934824026,1554.0,1.01,150.0
032960,동일기연,10700,10700,10300,10400,8927,92830200,5314.0,7.7,1.9559550832706059,1350.0,0.34,35.0
023790,동일철강,4870,4995,4870,4970,960,4709805,5897.0,142.0,0.8428014244531118,35.0,0.0,0.0
005290,동진쎄미켐,4930,5040,4925,4960,91494,455647330,3081.0,0.0,0.0,0.0,0.5,25.0
025900,동화홀딩스,7420,7460,7410,7420,3235,24100560,28805.0,0.0,0.0,0.0,0.0,0.0
078590,두올산업,1960,1990,1930,1970,40222,78607960,633.0,7.7,3.1137440758293837,256.0,0.0,0.0
073190,듀오백코리아,3765,3800,3730,3765,1371,5133260,7940.0,8.56,0.4744962216624685,440.0,6.37,240.0
030350,드래곤플라이,12450,12700,12400,12650,22578,283915100,5570.0,23.0,2.2710951526032317,550.0,1.58,200.0
046400,디브이에스,341,358,341,345,47105,16294658,359.0,0.0,0.0,0.0,0.0,0.0
066670,디스플레이텍,7130,7200,6930,7100,627478,4443421310,4146.0,19.72,1.7121924746743848,360.0,0.7,50.0
074130,디아이디,6450,7070,6380,6540,4475163,30214549440,2231.0,0.0,0.0,0.0,0.38,25.0
051710,디에스,1485,1515,1445,1445,481803,710284590,1046.0,0.0,0.0,0.0,0.0,0.0
109740,디에스케이,3225,3390,3225,3345,64764,216211040,4360.0,4.36,0.7678899082568807,768.0,1.49,50.0
066900,디에이피,9410,9840,9000,9210,1695155,15988568350,2416.0,76.1,3.8125517384105962,121.0,0.0,0.0
127120,디엔에이링크,13300,13700,13100,13300,135000,1801445100,2516.0,31.67,5.2870379570747215,420.0,0.0,0.0
092070,디엔에프,9620,9910,9620,9860,109875,1082133160,3087.0,47.88,3.194768383543894,206.0,0.0,0.0
101000,디엠씨,5990,5990,5930,5950,208,1235520,2086.0,0.0,0.0,0.0,0.0,0.0
039840,디오,11550,11550,11300,11450,133936,1529962200,4150.0,26.44,2.7584186746987953,433.0,0.0,0.0
108860,디오텍,3725,3770,3690,3715,154832,578904905,2021.0,53.84,1.8383071499257793,69.0,0.0,0.0
071530,디웍스글로벌,0,0,0,480,0,0,412.0,0.0,0.0,0.0,0.0,0.0
079810,디이엔티,1905,1905,1860,1900,25312,47933185,3070.0,0.0,0.0,0.0,0.0,0.0
113810,디젠스,1780,1780,1735,1750,104106,182350070,1698.0,4.21,1.0316548881036514,416.0,0.0,0.0
043360,디지아이,2830,2890,2820,2840,66643,190529745,5792.0,167.0,0.49015883977900554,17.0,1.76,50.0
115450,디지탈아리아,4150,4270,4045,4175,47913,197459275,1893.0,0.0,0.0,0.0,0.0,0.0
106520,디지탈옵틱,18700,19150,18650,18850,143002,2708700100,4955.0,13.66,3.8033551967709385,1380.0,0.0,0.0
068930,디지털대성,2810,2815,2755,2810,103207,288339660,2227.0,21.3,1.262320386169735,132.0,0.0,0.0
051160,디지털오션,1385,1385,1320,1355,2168,2915945,1537.0,0.0,0.0,0.0,0.0,0.0
091690,디지텍시스템,9430,9860,9430,9740,602998,5854237520,8179.0,29.25,1.1908851937889717,333.0,0.0,0.0
033130,디지틀조선,2050,2110,2050,2105,151028,315003760,1311.0,18.8,1.6058352402745995,112.0,1.43,30.0
033310,디케이디앤아이,1780,1830,1720,1815,257698,459257595,873.0,75.6,2.0790378006872854,24.0,0.0,0.0
105740,디케이락,9560,9680,9430,9650,44769,428072780,7071.0,7.41,1.3644496446754348,1302.0,1.04,100.0
131180,딜리,1830,1860,1730,1845,148293,271074065,1445.0,13.09,1.2776600346020761,141.0,1.95,36.0
042510,라온시큐어,856,904,856,895,9648,8611090,914.0,0.0,0.0,0.0,0.0,0.0
050120,라이브플렉스,2965,3085,2945,3075,1262166,3809022370,1636.0,0.0,0.0,0.0,0.0,0.0
060300,레드로버,5000,5030,4900,4950,69821,344613130,1977.0,0.0,0.0,0.0,0.0,0.0
038390,레드캡투어,14300,14400,14100,14300,6836,97266050,11063.0,6.31,1.2921697041941607,2266.0,3.5,500.0
047440,레이젠,1595,1615,1570,1595,25393,40442100,3795.0,0.0,0.0,0.0,0.0,0.0
026040,로만손,8220,8680,8220,8620,198154,1677614920,3089.0,24.77,2.7900412754936874,348.0,0.58,50.0
090360,로보스타,4975,5120,4975,5080,42956,218553835,3831.0,5.57,1.3260571652310102,912.0,0.98,50.0
016170,로엔,13650,13850,13450,13750,156096,2135028100,4299.0,15.59,3.1992759944173064,882.0,1.24,170.0
071280,로체시스템즈,3755,3790,3615,3650,71856,266176525,5063.0,8.55,0.7208207831325302,427.0,0.0,0.0
038060,루멘스,8230,8630,8210,8510,3534676,29992313680,3147.0,15.31,2.705354305687957,556.0,0.0,0.0
082800,루미마이크로,3885,4010,3835,3935,1073275,4236806330,813.0,0.0,0.0,0.0,0.0,0.0
051170,루보,1025,1030,1010,1025,51486,52474795,1677.0,0.0,0.0,0.0,0.0,0.0
085370,루트로닉,8100,8260,8000,8000,348266,2828300510,3184.0,0.0,0.0,0.0,0.0,0.0
033550,룩손에너지,650,700,650,659,367795,245682784,906.0,13.18,0.7273558222958058,50.0,0.0,0.0
042940,르네코,1185,1290,1185,1230,30784,37812865,2095.0,0.0,0.0,0.0,0.0,0.0
058470,리노공업,31800,32750,31700,32250,21410,691227600,13016.0,13.43,2.4773109778349722,2401.0,2.79,900.0
039980,리노스,2075,2090,2065,2090,221415,459876440,1089.0,12.67,1.9199810606060606,165.0,0.0,0.0
012700,리드코프,4755,4785,4685,4705,109179,516635775,4699.0,5.3,1.001722440944882,888.0,2.13,100.0
131100,리켐,8240,8400,8240,8360,32360,268605280,7525.0,8.54,1.1109291943521595,979.0,0.0,0.0
014470,리홈,2890,2925,2820,2870,726836,2091610905,3677.0,14.49,0.7803788754419364,198.0,0.0,0.0
042500,링네트,3360,3590,3240,3445,4845781,16576882890,1709.0,17.58,2.01598156816852,196.0,0.0,0.0
088700,마이스코,659,659,659,659,200432,132084688,5754.0,0.0,0.0,0.0,0.0,0.0
098120,마이크로컨텍솔,3730,3765,3660,3735,54593,202653090,2704.0,6.27,1.3818937222633136,596.0,2.06,77.0
038290,마크로젠,36300,37400,35300,36000,292117,10588187750,7696.0,61.22,4.677316138253638,588.0,0.0,0.0
005990,매일유업,35200,35200,33800,34000,109113,3716128250,20798.0,85.9,1.6350851043369554,396.0,0.37,125.0
093520,매커스,2275,2605,2265,2565,9838969,24160857855,1503.0,15.18,1.7068311294078509,169.0,0.0,0.0
141070,맥스로텍,7100,7100,6630,6670,410374,2797683630,3787.0,5.42,1.7624315091101135,1231.0,0.0,0.0
072870,메가스터디,79000,80500,78900,80500,34742,2760737228,52892.0,7.36,1.5221879017620812,10940.0,4.97,4000.0
086900,메디톡스,89900,91300,89100,90200,124700,11260521200,7263.0,66.6,12.42052182293818,1354.0,0.33,300.0
078160,메디포스트,78000,81400,77900,80500,270895,21713221700,15948.0,115.5,5.047874341610234,697.0,0.0,0.0
065650,메디프론,3400,3440,3355,3420,96401,326905260,1532.0,122.1,2.2320496083550916,28.0,0.0,0.0
059210,메타바이오메드,2780,2800,2740,2780,273707,755485400,2219.0,36.6,1.2533235691753042,76.0,0.54,15.0
096640,멜파스,20500,20700,20100,20450,559577,11410592150,8201.0,23.16,2.49322872210706,883.0,0.49,100.0
149940,모다정보통신,8590,8590,7460,8150,2847990,23309893310,3550.0,4.46,2.298325264084507,1829.0,0.0,0.0
080160,모두투어,30300,30600,30150,30150,50009,1517611700,5708.0,26.8,5.281444354414856,1125.0,1.66,500.0
110310,모린스,4505,4660,4460,4630,117420,539000015,2820.0,0.0,0.0,0.0,0.0,0.0
100030,모바일리더,11900,13600,11600,13500,602495,7673284000,7810.0,19.88,1.7279289372599231,679.0,0.0,0.0
101330,모베이스,19200,19800,18200,19100,449505,8476597350,7466.0,44.84,2.558724551299223,426.0,0.0,0.0
033200,모아텍,3725,3805,3670,3795,24900,93329550,7541.0,16.44,0.503522410820846,231.0,1.58,60.0
006920,모헨즈,2700,2705,2665,2695,68961,184891715,923.0,47.28,2.9198605092091006,57.0,0.0,0.0
001810,무림SP,2370,2400,2345,2355,58370,137913750,7326.0,9.81,0.3214578214578215,240.0,4.25,100.0
086980,미디어플렉스,1860,1875,1715,1725,4273597,7634501090,1610.0,0.0,0.0,0.0,0.0,0.0
095500,미래나노텍,11650,11900,11600,11650,430750,5071146650,7012.0,33.2,1.6612681831146605,351.0,0.52,60.0
049950,미래컴퍼니,15350,15400,15150,15400,66450,1014959000,7776.0,7.64,1.9809027777777777,2016.0,0.97,150.0
018700,바른손,1930,1935,1870,1885,717508,1356728270,1735.0,0.0,0.0,0.0,0.0,0.0
035620,바른손게임즈,1645,1725,1630,1650,1634154,2720449585,682.0,0.0,0.0,0.0,0.0,0.0
064520,바른전자,1600,1635,1585,1625,1039232,1682897665,716.0,0.0,0.0,0.0,0.0,0.0
053030,바이넥스,5300,5300,5200,5210,126545,663204520,3658.0,25.8,1.4245403909240022,202.0,0.0,0.0
084990,바이로메드,29400,30200,29300,29600,125013,3731806450,3829.0,0.0,0.0,0.0,0.0,0.0
064550,바이오니아,13850,14150,13300,14100,308596,4261871550,3018.0,0.0,0.0,0.0,0.0,0.0
052260,바이오랜드,14050,14300,14050,14200,200523,2838131800,6219.0,15.52,2.2839596900627113,915.0,1.41,200.0
038460,바이오스마트,2975,3055,2945,2990,260510,777493310,3159.0,87.94,0.9464624881291548,34.0,0.0,0.0
041830,바이오스페이스,5870,5920,5780,5800,144309,841971520,3057.0,14.25,1.8972031403336604,407.0,0.69,40.0
086040,바이오톡스텍,5030,5100,4985,5080,37493,189422255,2075.0,14.07,2.4478953313253013,361.0,0.0,0.0
043150,바텍,10750,10950,10550,10850,128450,1383610250,5084.0,77.5,2.1341463414634148,140.0,0.92,100.0
046310,백금T&A,1845,1850,1790,1825,14253,25792875,4178.0,0.0,0.0,0.0,2.74,50.0
066110,백산OPC,1315,1330,1290,1330,10931,14291870,2642.0,0.0,0.0,0.0,0.0,0.0
036620,버추얼텍,1255,1290,1230,1250,27402,34141640,2696.0,0.0,0.0,0.0,0.0,0.0
014100,보령메디앙스,12800,13650,12450,12700,1696745,22151720100,3395.0,0.0,0.0,0.0,0.0,0.0
006910,보성파워텍,1785,1790,1740,1775,205774,363370910,1191.0,0.0,0.0,0.0,0.0,0.0
123300,부국퓨쳐스타즈스팩,2075,2075,2070,2070,1595,3309125,1938.0,71.4,1.068046955624355,29.0,0.0,0.0
025270,부산방직,18200,18850,18150,18800,6339,117412300,42577.0,6.87,0.44153680390821337,2736.0,0.0,0.0
008470,부스타,4910,4910,4800,4860,85239,412616780,5631.0,11.57,0.8629961374533831,420.0,2.47,120.0
100120,뷰웍스,18200,18500,18050,18100,170952,3121389400,4880.0,26.81,3.7086962090163933,675.0,0.55,100.0
064480,브리지텍,3810,3825,3670,3700,252452,941164870,2801.0,14.07,1.3211325196358443,263.0,4.05,150.0
033560,블루콤,11000,11400,10900,11300,86820,972646850,10265.0,95.75,1.1006819288845593,118.0,0.88,100.0
052900,비아이이엠티,6960,7120,6800,7120,321489,2243886340,3322.0,0.0,0.0,0.0,0.0,0.0
141000,비아트론,17150,17600,16800,17550,481539,8295988100,2712.0,12.59,6.473336098820059,1394.0,0.0,0.0
045970,비에스이,6760,6990,6650,6710,2520,16891390,7439.0,89.5,0.902339024062374,75.0,0.0,0.0
090460,비에이치,13450,13850,13300,13550,407138,5533752050,4294.0,17.97,3.1552020260829066,754.0,0.0,0.0
083650,비에이치아이,27800,28300,27650,27750,24746,690436650,7439.0,42.12,3.731734776179594,659.0,0.25,70.0
086670,비엠티,5700,5710,5590,5710,17435,98795150,6394.0,10.42,0.8932104316546763,548.0,0.88,50.0
082920,비츠로셀,5750,5880,5750,5800,71314,415058370,3975.0,9.68,1.4586497641509435,599.0,1.03,60.0
054220,비츠로시스,2345,2395,2325,2350,727029,1717037270,3037.0,20.61,0.7736149983536385,114.0,0.0,0.0
042370,비츠로테크,4640,4750,4630,4665,329640,1545307490,3618.0,26.2,1.2891531923714759,178.0,0.0,0.0
032850,비트컴퓨터,5890,6020,5530,5580,2168077,12597749070,1942.0,33.22,2.873712667353244,168.0,0.81,45.0
032680,비티씨정보,1595,1605,1560,1590,31166,49349590,816.0,0.0,0.0,0.0,0.0,0.0
032685,비티씨정보우,9390,9390,8980,9150,1077,9825600,0.0,0.0,0.0,0.0,0.0,0.0
093190,빅솔론,10350,10450,9810,9880,568408,5702844530,5971.0,7.79,1.654083277507955,1268.0,1.52,150.0
065450,빅텍,1895,1945,1880,1945,3551261,6809382890,1246.0,0.0,0.0,0.0,0.0,0.0
069540,빛과전자,3950,3960,3835,3875,32018,124182980,4559.0,4.74,0.8491282696314981,817.0,0.0,0.0
072950,빛샘전자,6060,6130,6050,6130,22108,134654940,6798.0,6.62,0.901902443733451,926.0,1.63,100.0
143240,사람인에이치알,14100,14500,13850,14450,371510,5303604100,1421.0,17.86,10.167652621393385,809.0,0.0,0.0
123260,사파이어테크놀로지,27750,28850,27750,28450,67187,1912801050,21241.0,4.96,1.3385025569653028,5731.0,0.0,0.0
016100,산성앨엔에스,4800,4985,4800,4900,220375,1081882845,2727.0,5.48,1.7966773239823983,894.0,0.0,0.0
100090,삼강엠앤티,4825,4825,4700,4800,8461,40492915,2789.0,8.62,1.7209657359268555,557.0,0.0,0.0
122350,삼기오토모티브,4350,4435,4305,4410,3690,16042580,5372.0,38.03,0.821225800446761,116.0,0.0,0.0
014970,삼륭물산,2575,2580,2520,2580,15275,38829160,2976.0,10.89,0.8672977570564516,237.0,1.94,50.0
018310,삼목에스폼,7580,7680,7520,7630,16110,122327310,9282.0,24.53,0.8219369478560655,311.0,0.66,50.0
053700,삼보모터스,5390,5750,5320,5750,2254,12275880,5015.0,16.62,1.1470089730807578,346.0,0.0,0.0
009620,삼보산업,16400,16750,16100,16450,377,6123750,17704.0,10.48,0.9290670540555807,1570.0,0.0,0.0
023600,삼보판지,34050,34050,33150,33900,660,21984500,163981.0,11.23,0.20668853213177135,3019.0,0.0,0.0
111870,삼본정밀전자,7790,7920,7740,7780,7933,61684720,7652.0,8.1,1.0164009409304757,960.0,2.57,200.0
009300,삼아제약,11150,11400,10900,11000,15394,170506300,17360.0,6.84,0.6339463475662442,1609.0,1.82,200.0
054540,삼영엠텍,5060,5060,4955,5000,196011,980361680,4970.0,7.81,1.005533199195171,640.0,2.0,100.0
065570,삼영이엔씨,6890,6890,6790,6850,13329,91122400,6206.0,7.08,1.1040323880116016,968.0,3.07,210.0
026250,삼우이엠씨,218,221,214,214,663086,142908886,1309.0,0.0,0.0,0.0,0.0,0.0
073640,삼원테크,2840,2940,2800,2890,4874,13871760,3167.0,40.7,0.9121605620461004,71.0,0.0,0.0
032280,삼일,1625,1625,1590,1615,39710,63570205,1875.0,14.82,0.8615541666666666,109.0,0.0,0.0
002290,삼일기업공사,14200,14600,14000,14100,1248,17681400,35694.0,8.79,0.39495871154815937,1604.0,1.77,250.0
037460,삼지전자,3070,3170,3070,3165,24241,75960660,5127.0,0.0,0.0,0.0,3.16,100.0
032750,삼진,4900,5320,4825,5300,112126,572903190,6667.0,73.6,0.7951102444877756,72.0,0.94,50.0
054090,삼진엘앤디,2580,2580,2450,2545,492737,1242708015,4867.0,6.09,0.5230233588452846,418.0,0.0,0.0
000250,삼천당제약,2575,2625,2555,2610,130691,339354885,4205.0,8.91,0.6205781807372176,293.0,1.92,50.0
024950,삼천리자전거,11350,11500,11050,11400,266710,3006912800,5393.0,120.0,2.113851288707584,95.0,0.88,100.0
017480,삼현철강,3530,3600,3525,3590,40815,145777795,7124.0,3.33,0.5034382566851487,1077.0,3.48,125.0
046390,삼화네트웍스,880,880,858,878,10196,8931317,838.0,0.0,0.0,0.0,0.0,0.0
027580,상보,12800,14450,12800,13950,1141529,15903767450,3524.0,22.44,3.9603078887627694,622.0,0.0,0.0
091580,상신이디피,3750,3835,3745,3815,30512,115697330,3603.0,7.27,1.0592572595753538,525.0,1.57,60.0
089980,상아프론테크,4740,4975,4740,4960,265236,1297537615,5885.0,9.88,0.8430198598130841,502.0,1.51,75.0
042600,새로닉스,2045,2050,1995,2045,616,1256205,4123.0,0.0,0.0,0.0,0.0,0.0
065620,샤인,10600,10600,10250,10500,39167,408696100,755.0,0.0,0.0,0.0,0.0,0.0
038070,서린바이오,12150,12500,11600,11600,147557,1756538150,6590.0,15.41,1.76038031107739,753.0,1.12,130.0
006730,서부T&D,20500,20700,20200,20300,35154,720217200,14576.0,1194.0,1.392563117453348,17.0,0.0,0.0
079650,서산,60600,61000,54100,57400,15294,866290900,83151.0,3.17,0.691084217267381,18128.0,0.0,0.0
100660,서암기계공업,3465,3465,3400,3425,8410,28654680,3814.0,4.78,0.8975812794965915,716.0,2.19,75.0
046890,서울반도체,27700,30000,27700,29700,2759707,81053716200,10405.0,102.44,2.8550576645843346,290.0,0.4,119.0
036120,서울신용평가,510,512,501,504,1985,998066,347.0,0.0,0.0,0.0,0.0,0.0
063170,서울옥션,2720,2720,2620,2655,11768,31173535,2966.0,0.0,0.0,0.0,0.0,0.0
027040,서울전자통신,590,590,580,585,137481,80371105,936.0,0.0,0.0,0.0,2.56,15.0
018680,서울제약,10900,11350,10750,11250,258681,2870765800,3261.0,52.8,3.449574517019319,213.0,0.53,60.0
093920,서원인텍,10900,11700,10900,11400,434916,4941840700,4779.0,21.23,2.3860346045197742,537.0,1.32,150.0
122690,서진오토모티브,3170,3470,3170,3265,16338,52736285,4855.0,29.69,0.6726313079299691,110.0,0.0,0.0
011370,서한,1175,1190,1155,1155,881879,1029220630,739.0,0.0,0.0,0.0,0.0,0.0
065710,서호전기,6120,6170,6070,6170,19143,117143360,8940.0,47.47,0.6902614653243848,130.0,0.0,0.0
033790,서화정보통신,1970,2010,1925,1990,208158,408637735,2293.0,110.56,0.8679132141299607,18.0,0.0,0.0
035890,서희건설,913,928,903,911,2378605,2176183921,1954.0,0.0,0.0,0.0,1.1,10.0
003100,선광,23650,24000,23250,24000,19423,459847850,44858.0,1.76,0.534779192117348,13632.0,1.67,400.0
065560,선도소프트,1755,1755,1695,1750,39296,67463865,1036.0,19.66,1.6886160714285714,89.0,0.0,0.0
014620,성광벤드,24100,24150,23850,24100,239008,5726574950,10852.0,30.02,2.2210234864541096,803.0,0.62,150.0
037350,성도이엔지,4900,4905,4795,4830,29790,144540210,5563.0,13.31,0.8686747258673377,363.0,1.04,50.0
081580,성우전자,4720,4850,4650,4770,124672,589014390,3601.0,8.87,1.3247839141905027,538.0,2.1,100.0
045300,성우테크론,1900,1950,1900,1940,72264,139418705,3534.0,3.67,0.5493459739318053,529.0,3.87,75.0
015750,성우하이텍,12500,12600,12400,12600,218994,2736036350,13013.0,12.33,0.9682120763851533,1022.0,1.59,200.0
080470,성창에어텍,4340,4365,4315,4360,16455,71439720,4442.0,7.14,0.9821976305718145,611.0,1.83,80.0
043260,성호전자,1040,1060,1040,1050,149659,157123825,1894.0,36.22,0.5545637539598732,29.0,0.0,0.0
053060,세동,4080,4080,3905,4000,8595,34037735,3711.0,160.0,1.0778765831312316,25.0,0.0,0.0
017510,세명전기,4830,4885,4830,4880,108330,527278710,3251.0,32.12,1.5019993848046755,152.0,1.43,70.0
081220,세미텍,2115,2190,2115,2190,38396,83009450,2938.0,26.7,0.7452880360789653,82.0,2.28,50.0
011560,세보엠이씨,3765,3815,3655,3715,55099,204221760,7304.0,4.91,0.508225373083242,756.0,4.04,150.0
096690,세우테크,2130,2140,2105,2130,26855,56943410,2991.0,10.65,0.7120319291206955,200.0,4.69,100.0
100700,세운메디칼,3220,3250,3180,3200,276809,889777060,1047.0,37.66,3.0570976599808977,85.0,0.47,15.0
024830,세원물산,6460,6690,6400,6520,636,4122690,16644.0,5.91,0.39202189978370583,1104.0,1.15,75.0
039310,세중,5020,5050,4835,4915,215680,1060367505,3113.0,9.99,1.5792342595566977,492.0,2.03,100.0
080440,세진전자,1900,1920,1870,1900,59000,111315045,4403.0,0.0,0.0,0.0,0.0,0.0
067770,세진티에스,2110,2140,2105,2120,1478,3116075,6759.0,13.33,0.31353334442964936,159.0,2.36,50.0
053450,세코닉스,21200,21500,20950,21250,180709,3838292300,9264.0,62.88,2.294014464594128,338.0,0.0,0.0
068270,셀트리온,27450,27450,27050,27100,489638,13295130950,4508.0,32.12,6.0145297249334515,844.0,0.37,100.0
068760,셀트리온제약,17150,17150,16850,17000,14382,244548500,10436.0,60.94,1.6291263415101571,279.0,0.0,0.0
053110,소리바다,2135,2160,2090,2125,436884,927568820,795.0,11.81,2.6745283018867925,180.0,0.0,0.0
064820,소셜미디어99,4805,5510,4805,5200,883330,4590528305,11188.0,14.25,0.46489542366821596,365.0,1.9,99.0
052190,소프트맥스,10650,11000,10600,10800,21113,227455150,3585.0,17.5,3.0118549511854953,617.0,0.0,0.0
054920,소프트포럼,5400,5500,4820,4940,1807692,9253015080,4096.0,3.62,1.2043185234069824,1363.0,0.0,0.0
066910,손오공,3440,3475,3390,3415,56581,192648550,1547.0,3416.0,2.2081447963800906,1.0,0.0,0.0
043100,솔고바이오,1015,1030,984,990,6612672,6594374623,731.0,0.0,0.0,0.0,0.0,0.0
070300,솔라시아,3555,3595,3515,3545,32519,115228560,3587.0,4.23,0.9883280770839141,838.0,1.13,40.0
035610,솔본,3370,3395,3290,3325,159951,533912045,4265.0,0.0,0.0,0.0,0.0,0.0
036830,솔브레인,39550,42600,39550,42600,119431,4988126650,15375.0,88.0,2.7702113821138212,484.0,0.82,350.0
039230,솔브레인이엔지,909,909,900,905,23318,20999648,1413.0,0.0,0.0,0.0,0.0,0.0
084180,수성,2105,2130,2065,2095,17406,36209345,2555.0,4.09,0.8195694716242662,512.0,0.0,0.0
094840,슈프리마,19250,19600,19050,19550,330332,6394634850,6726.0,45.88,2.9055530776092775,426.0,0.26,50.0
058820,스카이뉴팜,1300,1325,1285,1320,307848,401355425,413.0,0.0,0.0,0.0,0.0,0.0
115570,스타플렉스,7200,7250,7070,7230,12908,92848130,13093.0,0.0,0.0,0.0,2.77,200.0
066430,스템싸이언스,740,740,730,740,124882,91596345,788.0,0.0,0.0,0.0,0.0,0.0
087220,스틸플라워,8630,8730,8630,8700,32293,280580510,7901.0,17.19,1.1007309201366915,506.0,1.15,100.0
013810,스페코,2930,3080,2870,3000,4830621,14305732750,1889.0,0.0,0.0,0.0,0.0,0.0
039670,스포츠서울,515,515,498,500,832924,418961012,313.0,0.0,0.0,0.0,0.0,0.0
049830,승일,6060,6080,6000,6000,2749,16576490,16572.0,7.69,0.3620140523171615,780.0,1.42,85.0
052300,승화산업,1140,1185,1140,1150,357680,412876015,398.0,0.0,0.0,0.0,0.0,0.0
020710,시공테크,5210,5260,5180,5250,163864,855271010,3931.0,7.92,1.3360984800305267,663.0,1.14,60.0
033170,시그네틱스,3140,3140,3100,3130,394546,1232260900,1741.0,17.58,1.7971891154508903,178.0,0.0,0.0
025320,시노펙스,2290,2350,2285,2330,1115804,2594085275,1482.0,28.4,1.571735829959514,82.0,0.0,0.0
131090,시큐브,4075,4320,4075,4310,68130,286513790,2904.0,7.38,1.4839122761707988,584.0,0.0,0.0
001000,신라섬유,4950,5040,4950,5040,827,4155340,2905.0,0.0,0.0,0.0,0.0,0.0
025870,신라에스지,3880,4000,3880,3935,7802,30853300,4629.0,0.0,0.0,0.0,0.0,0.0
031920,신민저축은행,1710,1945,1570,1750,140981,247363445,3000.0,0.0,0.0,0.0,0.0,0.0
065350,신성델타테크,2815,2860,2765,2840,124996,350882735,4753.0,0.0,0.0,0.0,1.41,40.0
086830,신양,20600,21500,20600,21000,29619,619911850,5733.0,20.61,3.663169915402058,1019.0,0.0,0.0
017000,신원종합개발,367,370,343,353,2926603,1042324071,435.0,0.0,0.0,0.0,0.0,0.0
012790,신일제약,4255,4370,4255,4325,16837,72519400,6570.0,10.42,0.6583071727549468,415.0,1.85,80.0
138070,신진에스엠,9070,9070,8790,8840,16858,149121960,5485.0,8.95,1.6127051048313583,988.0,6.22,550.0
099660,신텍,10400,10550,10250,10300,37400,388303150,2662.0,133.8,3.868801652892562,77.0,0.0,0.0
056700,신화인터텍,5100,5160,5030,5030,200589,1018364930,3868.0,0.0,0.0,0.0,0.0,0.0
007820,신흥기계,13700,13800,13300,13450,185261,2505702450,5602.0,12.86,2.4010900124955374,1046.0,0.37,50.0
108320,실리콘웍스,21150,21200,20900,20900,186482,3925339900,13579.0,10.22,1.5396982472936152,2046.0,1.91,400.0
082930,실리콘화일,6350,6490,6270,6350,44623,282948600,2990.0,32.4,2.124289297658863,196.0,0.0,0.0
036710,심텍,8470,8500,8390,8500,234967,1985300970,5902.0,5.75,1.440909861064046,1479.0,2.35,200.0
012650,쌍용건설,0,0,0,2735,0,0,10067.0,0.0,0.0,0.0,0.0,0.0
010280,쌍용정보통신,1390,1405,1360,1360,86710,119243180,973.0,12.04,1.398164504110997,113.0,0.0,0.0
037760,쎄니트,735,735,690,691,28505,19773521,1008.0,0.0,0.0,0.0,0.0,0.0
136510,쎄미시스코,5910,5980,5890,5950,11867,70490820,7633.0,4.2,0.7784481240993056,1415.0,0.0,0.0
099320,쎄트렉아이,18750,19100,18750,18850,24411,462207300,10070.0,16.23,1.8717089746772593,1161.0,1.06,200.0
049960,쎌바이오텍,15800,16500,15500,15850,128684,2060196500,3371.0,23.52,4.70172982794423,674.0,0.95,150.0
050890,쏠리드,3730,3840,3710,3840,300478,1137143875,2946.0,0.0,0.0,0.0,0.0,0.0
038340,쓰리원,2600,2670,2530,2600,166725,432097935,671.0,0.0,0.0,0.0,0.0,0.0
110500,쓰리피시스템,5950,6080,5800,6000,117360,699871170,2763.0,40.28,2.1722425805284113,149.0,0.53,32.0
099830,씨그널정보통신,1765,1985,1745,1985,1658287,3204748320,2030.0,13.78,0.9775862068965517,144.0,5.04,100.0
066790,씨씨에스,564,569,550,550,964956,535146469,536.0,0.0,0.0,0.0,0.0,0.0
086200,씨앤비텍,6000,6090,5920,6000,10744,64267660,6988.0,6.7,0.8580138496350888,895.0,2.5,150.0
038880,씨앤에스,0,0,0,3285,0,0,914.0,0.0,0.0,0.0,0.0,0.0
039530,씨앤케이인터,4980,5250,4780,4780,601309,2985363235,302.0,0.0,0.0,0.0,0.0,0.0
115530,씨엔플러스,7340,7440,7300,7370,6570,48463630,7134.0,4.25,1.0330109335576114,1734.0,0.0,0.0
115480,씨유메디칼,12500,13050,12300,12950,205029,2608966450,5733.0,8.4,2.2589203950811094,1542.0,0.0,0.0
096530,씨젠,64500,65100,63100,64100,87532,5581558000,2500.0,111.5,25.645,575.0,0.0,0.0
101240,씨큐브,3560,3575,3515,3550,3129,11100400,4805.0,7.0,0.7386056191467222,507.0,0.0,0.0
060590,씨티씨바이오,24000,24200,23550,23700,247777,5887823950,3639.0,0.0,0.0,0.0,0.0,0.0
036170,씨티엘,1660,1685,1650,1665,143977,240092055,2907.0,4.66,0.5722998903508771,357.0,0.0,0.0
013990,아가방컴퍼니,9750,10150,9400,9470,2979959,29190402960,5362.0,37.12,1.7655492353599402,255.0,0.84,80.0
123860,아나패스,13150,13350,13000,13050,99541,1310942950,7379.0,7.63,1.7679129539910556,1710.0,2.3,300.0
050320,아남정보기술,1780,1980,1775,1825,1735437,3234398815,1103.0,0.0,0.0,0.0,0.0,0.0
072770,아로마소프트,2155,2155,2055,2060,217010,452277465,661.0,6.2,3.113677193645991,332.0,0.0,0.0
058220,아리온,3130,3585,3130,3585,779090,2659934610,3050.0,5.82,1.1755122950819672,616.0,3.35,120.0
052710,아모텍,15650,16450,15300,16250,367656,5860891700,10929.0,0.0,0.0,0.0,0.0,0.0
074430,아미노로직스,2160,2160,1970,2015,1342222,2713109855,1187.0,0.0,0.0,0.0,0.0,0.0
083930,아바코,6680,6840,6670,6760,249498,1688560000,5574.0,10.01,1.2119256256727664,675.0,1.48,100.0
149950,아바텍,13500,13500,13050,13250,221351,2931272900,3923.0,20.9,3.3786802192199845,634.0,0.0,0.0
036010,아비코전자,4655,4760,4630,4745,147883,697662070,4798.0,45.62,0.9889537307211338,104.0,1.48,70.0
050860,아세아텍,2675,2745,2640,2685,677619,1824884785,4460.0,8.42,0.6023717769058295,319.0,2.79,75.0
060240,아이넷스쿨,1885,1945,1800,1890,43696,82576925,1070.0,0.0,0.0,0.0,0.0,0.0
143160,아이디스,79600,79600,75400,76000,19449,1488198800,20182.0,0.0,0.0,0.0,0.59,450.0
054800,아이디스홀딩스,15150,15600,15150,15400,16477,254358750,19977.0,1.36,0.7711178402037343,11324.0,1.3,200.0
078780,아이디에스,1875,1930,1865,1930,48172,90972015,3070.0,0.0,0.0,0.0,0.0,0.0
026260,아이디엔,368,390,354,369,331417,122056816,383.0,1.37,0.9658789572454308,270.0,0.0,0.0
060570,아이리버,2995,2995,2895,2910,201063,586957870,1785.0,0.0,0.0,0.0,0.0,0.0
099190,아이센스,25000,26500,24650,26450,207645,5297387550,7394.0,27.75,3.5766499864755206,953.0,0.0,0.0
040910,아이씨디,12150,12750,12100,12600,466361,5840869150,6289.0,20.3,2.004191346000954,621.0,0.0,0.0
068940,아이씨케이,3075,3175,3060,3175,135655,425600695,2084.0,5.95,1.524415936900192,534.0,2.2,70.0
052860,아이앤씨,3105,3140,3040,3100,59702,183380120,6462.0,5.02,0.48004802112349115,618.0,6.45,200.0
069920,아이에스이커머스,1290,1345,1270,1290,101030,131750645,1061.0,0.0,0.0,0.0,0.0,0.0
101390,아이엠,6250,6350,6140,6310,321568,2014248590,4269.0,15.85,1.477845367767627,398.0,0.79,50.0
114810,아이원스,4780,4935,4750,4860,529972,2582066420,3102.0,5.93,1.5655751329787233,819.0,0.0,0.0
031310,아이즈비전,1240,1250,1210,1240,206082,252634560,3512.0,0.0,0.0,0.0,0.0,0.0
059100,아이컴포넌트,12350,12950,12350,12800,380417,4844868900,4603.0,291.0,2.781664132087769,44.0,0.0,0.0
052460,아이크래프트,3090,3100,2915,3025,158213,474675145,3293.0,55.0,0.9186152444579411,55.0,0.0,0.0
089530,아이테스트,1890,1910,1880,1895,360472,684575615,1973.0,7.58,0.960228712620375,250.0,0.0,0.0
119830,아이텍반도체,2500,2565,2500,2540,9053,22846015,4765.0,25.16,0.5332174711437565,101.0,0.0,0.0
032080,아즈텍WB,2340,2365,2335,2355,73267,171878605,4706.0,4.57,0.5001510704419889,515.0,2.12,50.0
013780,아큐텍,0,0,0,731,0,0,994.0,0.0,0.0,0.0,0.0,0.0
056730,아큐픽스,1450,1450,1405,1425,193244,273938940,1634.0,9.19,0.8715192778457772,155.0,0.0,0.0
023890,아트라스BX,30150,30450,29850,30050,25286,759175500,28048.0,5.59,1.0714132915002852,5376.0,2.33,700.0
001540,안국약품,7770,7820,7710,7730,17826,137888220,9533.0,11.98,0.810330726161754,645.0,1.29,100.0
053800,안랩,61500,62100,60200,61000,458749,28023169500,12929.0,56.97,4.719122225230103,1071.0,0.66,400.0
007390,알앤엘삼미,430,443,412,439,2168,904851,318.0,0.0,0.0,0.0,0.0,0.0
096610,알에프세미,11500,12200,11250,12100,435066,5141280050,4952.0,13.02,2.443209498687399,929.0,0.6,72.0
061040,알에프텍,18800,19500,18700,18850,857922,16373097600,7017.0,39.53,2.6872461522017956,477.0,0.53,100.0
123750,알톤스포츠,6030,6030,5880,5910,13191,78400780,4389.0,22.12,1.34595010252905,267.0,1.69,100.0
117670,알파칩스,4925,4995,4900,4970,49390,243552290,3175.0,17.81,1.565255905511811,279.0,2.01,100.0
022220,애강리메텍,1905,1905,1865,1890,120977,227157535,1258.0,0.0,0.0,0.0,0.0,0.0
052790,액토즈소프트,46150,48100,46000,46950,64858,3066502200,9318.0,52.94,5.039231863060743,887.0,0.0,0.0
131400,액트,3815,3910,3730,3880,475064,1824377010,2330.0,6.64,1.664431330472103,584.0,2.58,100.0
030960,양지사,2310,2315,2280,2295,1939,4436180,3897.0,11.03,0.5887862458301257,208.0,2.18,50.0
102120,어보브반도체,3650,3650,3570,3595,175983,635213360,2877.0,12.98,1.2493944429961765,277.0,0.56,20.0
067630,에너지솔루션,1890,2080,1810,2080,501002,1026793125,2750.0,0.0,0.0,0.0,0.0,0.0
019990,에너토크,5000,5000,4895,4980,3989,19650830,3152.0,10.9,1.5801351324555837,457.0,1.61,80.0
035290,에듀박스,446,448,443,448,337978,150351406,411.0,22.4,1.0903284671532847,20.0,0.0,0.0
009010,에듀언스,520,521,490,494,70625,35976906,7305.0,0.0,0.0,0.0,0.0,0.0
025980,에머슨퍼시픽,3220,3225,3150,3180,21571,68819655,3058.0,0.0,0.0,0.0,0.0,0.0
041440,에버다임,6800,6840,6670,6770,430549,2901793240,6463.0,6.44,1.0484851268760638,1052.0,3.1,210.0
070480,에버테크노,3195,3200,3035,3125,269030,838215855,6416.0,5.41,0.48738627065149626,578.0,0.0,0.0
038680,에스넷,2280,2380,2260,2310,293642,683072900,3922.0,2.84,0.5879533720040796,812.0,2.16,50.0
121890,에스디시스템,5320,5330,5120,5220,3901,20221240,8047.0,0.0,0.0,0.0,0.0,0.0
097780,에스맥,15550,16100,15450,16100,479809,7600451050,4887.0,14.16,3.293565837937385,1137.0,1.86,300.0
123910,에스비아이앤솔로몬스팩,1310,1320,1310,1320,230237,302781250,1215.0,110.0,1.0864197530864197,12.0,0.0,0.0
037630,에스비엠,4120,4150,3910,4040,708265,2842958965,2067.0,6.06,1.9550469430333817,667.0,1.61,65.0
042110,에스씨디,1130,1130,1110,1125,21462,23970415,1111.0,27.44,1.01254500450045,41.0,0.0,0.0
065420,에스아이리소스,1330,1360,1295,1310,78767,103173435,499.0,68.94,2.624874749498998,19.0,0.0,0.0
103230,에스앤더블류,2300,2300,2240,2285,6373,14393845,7225.0,0.0,0.0,0.0,0.0,0.0
900080,에스앤씨엔진그룹,2375,2425,2375,2410,144884,347827870,,,,,,
101490,에스앤에스텍,3220,3285,3180,3285,80476,259679270,3910.0,15.14,0.8402853260869565,217.0,1.52,50.0
095910,에스에너지,10900,11450,10900,11350,241205,2721768550,6073.0,0.0,0.0,0.0,0.0,0.0
031330,에스에이엠티,2310,2330,2260,2310,136661,312414300,530.0,16.5,4.3584905660377355,140.0,0.0,0.0
111610,에스에이치투,1930,1950,1905,1925,223723,430168370,2375.0,0.0,0.0,0.0,0.0,0.0
060540,에스에이티,1995,1995,1900,1930,14011,26879865,2905.0,0.0,0.0,0.0,0.0,0.0
112240,에스에프씨,3755,3860,3755,3830,143960,547771360,2964.0,6.98,1.292941074139676,549.0,0.0,0.0
056190,에스에프에이,57900,58400,57000,58300,68255,3943071400,19845.0,11.62,2.9369327128999747,5017.0,2.2,1280.0
080000,에스엔유,6300,6720,6250,6720,384845,2509649820,4841.0,0.0,0.0,0.0,0.0,0.0
041510,에스엠,39700,40400,39300,40350,210523,8413154050,5952.0,32.8,6.780808971774194,1230.0,0.0,0.0
114570,에스이티아이,3730,3800,3730,3795,29445,110696195,2036.0,0.0,0.0,0.0,0.0,0.0
096630,에스코넥,1190,1325,1170,1315,15371851,19392686390,785.0,36.53,1.6753184713375797,36.0,0.0,0.0
069510,에스텍,5540,5550,5430,5530,4702,25842910,7275.0,3.83,0.760224441580756,1444.0,5.42,300.0
041910,에스텍파마,17850,18300,17750,18150,112427,2031262250,5036.0,19.75,3.6041004765687052,919.0,0.41,75.0
039440,에스티아이,2750,2750,2655,2715,117020,315659130,1938.0,3.86,1.399969362745098,703.0,0.0,0.0
098660,에스티오,4340,4340,4160,4160,9817,41148595,5716.0,10.32,0.727621752536739,403.0,2.4,100.0
052020,에스티큐브,4150,4580,4060,4580,1534967,6837318870,1050.0,0.0,0.0,0.0,0.0,0.0
050760,에스폴리텍,2255,2285,2235,2270,28804,65061955,3104.0,9.42,0.731530887564433,241.0,0.0,0.0
058610,에스피지,4020,4030,3965,3980,27156,108207350,4617.0,15.49,0.8623548164392463,257.0,5.03,200.0
043340,에쎈테크,820,848,815,826,25604,21073831,1698.0,0.0,0.0,0.0,0.0,0.0
060900,에어파크,2040,2120,1985,2015,183783,378919945,807.0,47.97,2.496514869888476,42.0,0.0,0.0
054630,에이디칩스,2890,3075,2750,3075,198304,599078235,1564.0,35.75,1.9657928388746804,86.0,0.0,0.0
031860,에이모션,1740,1810,1705,1720,69125,121390670,2430.0,0.0,0.0,0.0,0.0,0.0
003800,에이스침대,78300,78300,77000,77000,573,44476400,113455.0,3.87,0.6779990724571416,19881.0,2.6,2000.0
088800,에이스테크,3850,3945,3635,3685,728737,2766204180,5950.0,2.15,0.6205412946428571,1717.0,0.41,15.0
071930,에이스하이텍,530,530,514,523,79851,41582047,548.0,0.0,0.0,0.0,0.0,0.0
028300,에이치엘비,3200,3240,3140,3160,457619,1451020270,1067.0,0.0,0.0,0.0,0.0,0.0
028305,에이치엘비우,49900,50600,49150,50100,60,2994950,0.0,0.0,0.0,0.0,0.0,0.0
071670,에이테크솔루션,7300,7390,7240,7290,7442,54265730,7400.0,6.46,0.984856418918919,1128.0,1.37,100.0
045660,에이텍,4490,4730,4455,4545,1215417,5581067315,3609.0,10.59,1.2592736907730673,429.0,2.2,100.0
021080,에이티넘인베스트,1510,1555,1465,1510,6051202,9205223630,1009.0,21.27,1.4963918483647176,71.0,1.66,25.0
043580,에임하이,999,1005,990,1000,14093,13991995,1298.0,0.0,0.0,0.0,0.0,0.0
038870,에코에너지,2490,2510,2430,2480,127139,312021510,1226.0,72.94,2.022736541598695,34.0,0.0,0.0
086520,에코프로,7620,7850,7620,7800,94555,735471600,5092.0,121.9,1.5318146111547526,64.0,0.96,75.0
038110,에코플라스틱,2005,2025,2000,2025,40956,82485975,5623.0,2.58,0.3601923044860395,785.0,2.96,60.0
073540,에프알텍,4390,4560,4350,4545,93828,421916225,3734.0,0.0,0.0,0.0,0.0,0.0
036810,에프에스티,3605,3800,3605,3720,106793,396710315,2751.0,7.15,1.3512131952017448,520.0,0.0,0.0
065160,에프티이앤이,3835,3850,3650,3830,475381,1783895055,1522.0,0.0,0.0,0.0,0.0,0.0
054940,엑사이엔씨,915,933,895,899,53994,48736739,1847.0,3.86,0.4868621413102328,233.0,0.0,0.0
065170,엔알디,1485,1500,1470,1485,162597,241578160,1096.0,212.1,1.3548129562043796,7.0,0.0,0.0
095300,엔에스브이,2845,2880,2760,2845,2011,5654310,3170.0,0.0,0.0,0.0,0.0,0.0
068420,엔터기술,0,0,0,312,0,0,2295.0,0.0,0.0,0.0,0.0,0.0
069410,엔텔스,8550,8590,8350,8480,80328,681508100,4032.0,8.87,2.1024383060515874,956.0,0.0,0.0
068150,엔티피아,1290,1290,1235,1240,282264,351661315,580.0,0.0,0.0,0.0,0.0,0.0
048830,엔피케이,2910,3135,2825,2950,1384179,4118045590,2113.0,37.8,1.3958234737340274,78.0,0.0,0.0
096870,엘디티,3565,3705,3565,3685,114807,420793485,3364.0,7.38,1.094552383695006,499.0,0.0,0.0
061970,엘비세미콘,3135,3220,3130,3215,346797,1117228765,1851.0,189.1,1.7369665045921123,17.0,0.0,0.0
066970,엘앤에프,9550,9600,9440,9500,13514,128580690,4021.0,103.25,2.362347674707784,92.0,0.21,20.0
073110,엘엠에스,12200,12400,11950,12300,67594,824124950,8358.0,10.72,1.4709746649916249,1147.0,0.41,50.0
083310,엘오티베큠,4050,4070,4000,4020,66040,265767960,4705.0,10.81,0.8548884165781084,372.0,0.0,0.0
138690,엘티에스,6950,7120,6900,6990,30507,214176980,5058.0,8.31,1.3821297943851325,841.0,0.0,0.0
058630,엠게임,4170,4220,4100,4170,130773,543988060,5460.0,0.0,0.0,0.0,0.0,0.0
019590,엠벤처투자,388,395,379,379,438413,169411666,382.0,0.0,0.0,0.0,0.0,0.0
024840,엠비성산,585,599,578,578,181983,106496353,507.0,21.4,1.1399778106508875,27.0,0.0,0.0
097520,엠씨넥스,10500,10800,10250,10750,261365,2766758950,8531.0,3.58,1.2589654641894268,3000.0,0.2,21.0
009780,엠에스씨,23750,23750,23100,23600,327,7605850,39589.0,8.03,0.5962222776528834,2939.0,1.91,450.0
123040,엠에스오토텍,7130,7130,7010,7080,4208,29727850,8177.0,97.0,0.8659655130243366,73.0,1.06,75.0
033160,엠케이전자,4160,4270,4150,4260,121991,516170960,4710.0,10.29,0.9043889331210191,414.0,4.69,200.0
074000,엠텍비젼,440,440,440,440,528540,235621063,608.0,0.0,0.0,0.0,0.0,0.0
050540,엠피씨,2420,2480,2400,2475,39594,96764510,2451.0,15.18,1.0095018614851081,163.0,0.0,0.0
090740,연이정보통신,2290,2360,2255,2355,131702,306588090,4449.0,22.22,0.5293745785569791,106.0,0.0,0.0
002680,영남제분,2815,2870,2800,2865,242600,687750310,2308.0,0.0,0.0,0.0,0.0,0.0
007530,영신금속,2340,2385,2315,2380,99422,234733040,4471.0,22.05,0.5325570342205324,108.0,0.42,10.0
051390,영우통신,4455,4490,4420,4460,70184,312909025,5815.0,18.12,0.7667669819432502,246.0,1.12,50.0
036180,영인프런티어,2310,2310,2220,2250,128516,288710640,911.0,187.5,2.469813391877058,12.0,0.0,0.0
053330,영진인프라,1435,1470,1430,1460,444532,644227815,1690.0,0.0,0.0,0.0,0.0,0.0
036560,영풍정밀,10500,10600,10500,10600,13982,147722650,14296.0,9.71,0.7417699881085619,1092.0,0.75,80.0
049000,예당,1770,1795,1740,1745,1128893,1990711770,254.0,0.0,0.0,0.0,0.0,0.0
036000,예림당,4630,4720,4505,4510,458581,2103768705,2749.0,8.49,1.6403606993452164,531.0,3.33,150.0
053280,예스24,4690,4780,4680,4770,47320,224173850,3209.0,18.7,1.486225264880025,255.0,2.1,100.0
045060,오공,1770,1810,1770,1775,103049,183407705,3496.0,10.09,0.5081521739130435,176.0,2.82,50.0
080520,오디텍,14050,14400,14050,14350,91281,1299660650,8324.0,21.9,1.7237618632868814,655.0,0.14,20.0
039830,오로라,5840,5920,5790,5860,289422,1694666180,6197.0,20.48,0.9453818379861223,286.0,1.71,100.0
014940,오리엔탈정공,0,0,0,3685,0,0,6325.0,0.0,0.0,0.0,0.0,0.0
065500,오리엔트정공,1360,1370,1350,1365,23224,31603215,2530.0,0.0,0.0,0.0,0.0,0.0
060910,오리엔트프리젠,300,300,290,296,88266,25947012,327.0,0.0,0.0,0.0,0.0,0.0
010470,오리콤,2800,2865,2800,2805,21158,59968800,4385.0,4.39,0.6398196978335233,639.0,5.35,150.0
053980,오상자이엘,7910,8020,7880,7980,51935,413521110,2552.0,135.2,3.126861285266458,59.0,0.0,0.0
052420,오성엘에스티,3445,3540,3410,3535,529647,1860380485,12348.0,0.66,0.287521891196955,5378.0,0.0,0.0
039200,오스코텍,2005,2080,1970,1970,2101450,4267160795,1480.0,0.0,0.0,0.0,0.0,0.0
031510,오스템,2020,2035,2000,2025,108064,217739360,3314.0,4.55,0.6110735233101992,445.0,3.95,80.0
048260,오스템임플란트,34600,35350,34050,35250,468713,16346538550,4169.0,88.8,8.457318901415208,397.0,0.0,0.0
067170,오텍,6500,6660,6480,6560,161655,1060327930,7056.0,1.83,0.927229208740788,3575.0,0.0,0.0
049480,오픈베이스,2460,2535,2270,2390,16627401,39561254310,1171.0,53.12,2.0415243381725023,45.0,0.0,0.0
036630,온세텔레콤,583,597,548,557,21391885,12355479485,847.0,0.0,0.0,0.0,0.0,0.0
057540,옴니시스템,1190,1220,1160,1175,2632273,3121513230,1876.0,0.0,0.0,0.0,0.0,0.0
057680,옴니텔,2385,2440,2355,2365,61994,148327535,1166.0,0.0,0.0,0.0,0.0,0.0
082210,옵트론텍,15650,16500,15600,16350,1096516,17733781450,4074.0,38.28,4.012295962199313,427.0,0.0,0.0
109080,옵티시스,8110,8290,7920,8190,43436,351778920,3935.0,9.96,2.08078541931385,822.0,0.98,80.0
052770,와이디온라인,4215,4715,4210,4715,2282798,10284461415,865.0,0.0,0.0,0.0,0.0,0.0
122990,와이솔,13400,13700,13300,13700,198260,2683575900,4135.0,15.36,3.3133162031438936,892.0,1.09,150.0
067900,와이엔텍,2830,2890,2825,2870,137448,392723630,4554.0,9.97,0.6304347826086957,288.0,0.0,0.0
155650,와이엠씨,7200,7340,7120,7230,277080,2005193120,1485.0,9.39,4.869212962962963,770.0,0.0,0.0
040670,와이즈파워,1000,1065,986,1030,8163634,8384549261,166.0,0.0,0.0,0.0,0.0,0.0
019210,와이지-원,12200,12300,12000,12200,92996,1131998350,7127.0,10.18,1.711135909218465,1198.0,1.64,200.0
122870,와이지엔터테인먼트,63500,65400,63000,65200,133681,8612677000,7660.0,39.22,8.509342362924283,1662.0,0.0,0.0
079000,와토스코리아,7240,7270,7190,7260,8028,58090520,12113.0,4.02,0.5996279178362091,1807.0,2.48,180.0
900180,완리,3230,3265,3190,3265,63002,203338780,,,,,,
089230,용현BM,4970,5130,4970,5040,8794,44277880,8267.0,0.0,0.0,0.0,0.0,0.0
025920,우경,2780,3235,2780,3235,21641,67717235,5834.0,0.0,0.0,0.0,0.0,0.0
114630,우노앤컴퍼니,4190,4340,4185,4190,33495,141289115,3897.0,6.85,1.0759959584295613,612.0,2.39,100.0
032820,우리기술,629,640,585,596,1719505,1039872808,873.0,10.1,0.6826943728522337,59.0,0.0,0.0
041190,우리기술투자,422,439,411,417,2746966,1158934797,684.0,0.0,0.0,0.0,2.4,10.0
115440,우리넷,3295,3305,3210,3225,42499,137478445,4939.0,5.17,0.6534217452925694,624.0,3.1,100.0
046970,우리로광통신,7470,7500,7310,7400,170235,1255663590,3682.0,4.05,2.0121887306491035,1829.0,0.34,25.0
072470,우리산업,3965,3995,3950,3990,72805,289322905,3572.0,8.28,1.1174587066069428,482.0,0.75,30.0
153490,우리이앤엘,5350,5750,5350,5390,2055673,11408460780,1592.0,10.91,3.3842258165829144,494.0,0.0,0.0
082850,우리이티아이,5010,5120,4975,5050,825557,4178933340,4797.0,29.36,1.0527022097144048,172.0,0.99,50.0
037400,우리조명지주,2530,2625,2515,2585,419373,1078864405,3506.0,10.42,0.7372005134055905,248.0,1.93,50.0
101170,우림기계,8530,8650,8410,8650,60692,518299050,8094.0,8.05,1.0677469421793921,1074.0,1.16,100.0
011080,우성I&C,1390,1450,1370,1450,99599,140198585,2067.0,0.0,0.0,0.0,0.0,0.0
066590,우수AMS,1705,1745,1675,1745,1212008,2068431940,1657.0,25.3,1.0534003470126736,69.0,1.72,30.0
101970,우양에이치씨,5130,5130,5030,5110,52675,268303010,3869.0,9.92,1.3206941393124838,515.0,0.0,0.0
046940,우원개발,2565,2650,2505,2650,257207,664462160,3245.0,11.83,0.8164869029275809,224.0,0.0,0.0
052270,우전앤한단,7850,8380,7760,8300,839296,6824975290,5402.0,7.55,1.5375526425398,1100.0,2.41,200.0
065680,우주일렉트로,28100,28650,27650,27650,55086,1550727300,14908.0,26.8,1.8550023477327608,1032.0,0.36,100.0
018620,우진비앤지,4035,4070,3980,4060,9597,38640760,4032.0,22.44,1.0072389632936507,181.0,1.48,60.0
004320,울트라건설,3040,3145,3000,3080,29383,90008785,7089.0,0.0,0.0,0.0,0.0,0.0
004325,울트라건설우,2065,2065,2065,2065,271,552395,0.0,0.0,0.0,0.0,0.0,0.0
032940,원익,2680,2710,2670,2685,4153,11162260,3658.0,19.05,0.734174241388737,141.0,0.0,0.0
030530,원익IPS,4705,4865,4690,4865,1285231,6194918785,3515.0,17.44,1.3840860597439544,279.0,0.0,0.0
074600,원익QnC,6100,6100,5970,6020,57690,347482930,5483.0,5.63,1.0974467957778589,1069.0,0.0,0.0
104830,원익머트리얼즈,35000,36650,34900,35800,26124,935198000,18757.0,9.45,1.909574592152263,3789.0,0.0,0.0
012620,원일특강,6850,6900,6770,6850,27995,191044640,15417.0,3.95,0.44469376337808914,1736.0,1.02,70.0
008370,원풍,2725,2780,2710,2740,11734,32068790,4786.0,6.54,0.5724753839323026,419.0,4.01,110.0
008290,원풍물산,1060,1080,1040,1045,474685,501736390,701.0,36.03,1.4905937945791725,29.0,0.0,0.0
101160,월덱스,5390,5480,5260,5470,245870,1320506430,7453.0,7.85,0.7342733211458473,697.0,1.83,100.0
095270,웨이브일렉트로,11500,11850,11400,11800,126319,1474129900,2849.0,0.0,0.0,0.0,0.0,0.0
900130,웨이포트,505,505,475,486,169901,82329913,,,,,,
036260,웰메이드,842,856,822,837,249961,207966906,283.0,0.0,0.0,0.0,0.0,0.0
065950,웰크론,2710,2725,2660,2680,368760,992770725,2450.0,0.0,0.0,0.0,0.0,0.0
114190,웰크론강원,4020,4175,4020,4035,70663,287546275,2399.0,0.0,0.0,0.0,0.0,0.0
076080,웰크론한텍,4625,4760,4605,4710,1373304,6466455640,3239.0,10.22,1.4544130132757023,461.0,1.06,50.0
069080,웹젠,9300,9450,9100,9110,465294,4302166900,3205.0,45.1,2.8421021840873637,202.0,0.0,0.0
039790,위노바,1320,1330,1250,1275,1419440,1832601890,1127.0,15.0,1.1313220940550133,85.0,0.0,0.0
044340,위닉스,4250,4255,4190,4190,80262,337305700,4685.0,0.0,0.0,0.0,1.19,50.0
056810,위다스,462,484,430,438,1964919,885359078,806.0,0.0,0.0,0.0,0.0,0.0
112040,위메이드,41750,43000,41650,42400,278916,11852229450,16060.0,29.31,2.639220112079701,1446.0,2.34,991.0
038620,위즈정보기술,718,814,712,757,555646,420374522,1117.0,0.0,0.0,0.0,0.0,0.0
036090,위지트,1015,1110,1000,1070,1452623,1545005155,292.0,62.94,3.6641695205479454,17.0,0.0,0.0
136540,윈스테크넷,15500,15950,15300,15900,238046,3729064150,3973.0,25.52,4.00106578781777,623.0,0.75,120.0
083640,윈포넷,5520,5520,4750,4795,129633,634480460,4805.0,9.83,0.99815296566077,488.0,0.0,0.0
044480,유니더스,1730,1735,1700,1720,24003,41154640,2794.0,0.0,0.0,0.0,0.0,0.0
036200,유니셈,1725,1730,1700,1720,3731,6379120,4309.0,7.51,0.3992071463796705,229.0,0.0,0.0
018000,유니슨,6490,6490,6300,6410,150850,963476510,2631.0,0.0,0.0,0.0,0.0,0.0
011320,유니크,2315,2335,2310,2330,1441,3350390,2353.0,8.76,0.9900459519762006,266.0,1.72,40.0
086390,유니테스트,2935,3055,2935,3020,340825,1021429110,2217.0,5.73,1.3621817912719891,527.0,1.99,60.0
048430,유라테크,4350,4400,4280,4280,41500,180647345,4143.0,8.99,1.0331357108375574,476.0,1.75,75.0
089850,유비벨록스,25950,26150,25850,26100,54201,1409631650,9754.0,15.15,2.675902994925159,1723.0,0.0,0.0
032620,유비케어,3025,3025,2970,2980,224269,671086830,1172.0,33.12,2.5437286689419794,90.0,0.0,0.0
078070,유비쿼스,6060,6140,5940,5970,250468,1508349550,5994.0,7.58,0.9962566733400067,788.0,1.68,100.0
053810,유비프리시젼,820,820,801,802,15583,12509670,4070.0,0.0,0.0,0.0,0.0,0.0
024800,유성티엔에스,2490,2490,2425,2425,210337,515463580,6183.0,26.94,0.39210334788937407,90.0,1.24,30.0
054930,유신,11650,11750,11350,11500,56611,650514900,30607.0,0.0,0.0,0.0,0.0,0.0
069330,유아이디,8930,9480,8920,9340,776775,7186901020,2318.0,12.62,4.027920081967213,740.0,1.61,150.0
049520,유아이엘,7350,7850,7270,7750,223311,1708565850,8997.0,0.0,0.0,0.0,0.0,0.0
036500,유원컴텍,11750,11900,11600,11700,446658,5238344100,3106.0,55.97,3.7660878139085643,209.0,0.0,0.0
038720,유일엔시스,251,256,240,245,909095,227072264,714.0,0.0,0.0,0.0,0.0,0.0
023410,유진기업,3030,3060,3005,3035,228636,693736000,7703.0,0.0,0.0,0.0,0.0,0.0
056080,유진로봇,2855,3050,2855,3005,1183740,3532233475,1116.0,158.1,2.69209229390681,19.0,0.0,0.0
084370,유진테크,16750,17900,16700,17900,628369,10927856400,3662.0,14.06,4.8884660021845985,1273.0,0.84,150.0
044960,이-글 벳,2105,2135,2040,2110,21926,45614430,2244.0,18.52,0.9406333556149733,114.0,2.84,60.0
039020,이건창호,3010,3080,3005,3030,39886,120501205,7340.0,0.0,0.0,0.0,1.65,50.0
060230,이그잭스,4250,4260,4040,4040,27023,112862670,680.0,0.0,0.0,0.0,0.0,0.0
067920,이글루시큐리티,5950,6100,5840,5890,5707,33532100,5219.0,15.71,1.1288755628472888,375.0,1.19,70.0
109960,이너스텍,3750,3950,3750,3935,16525,64322225,2315.0,0.0,0.0,0.0,0.0,0.0
031390,이노셀,3625,4000,3625,3820,1245208,4788379215,452.0,0.0,0.0,0.0,0.0,0.0
073490,이노와이어,16300,16400,16100,16400,18206,295995600,11507.0,6.42,1.4264632397670982,2556.0,1.1,180.0
080420,이노칩,12850,13050,12600,12800,348894,4480201800,4761.0,8.45,2.68987279458097,1515.0,0.94,120.0
088390,이녹스,26550,27100,26200,27000,163866,4381020500,7001.0,25.3,3.855415744179403,1067.0,0.0,0.0
053350,이니텍,4600,4640,4550,4625,30737,141297415,4011.0,12.78,1.1535309149837947,362.0,0.0,0.0
033110,이디,4190,4220,4115,4200,329683,1374777480,1209.0,0.0,0.0,0.0,0.0,0.0
052650,이디디컴퍼니,584,623,560,560,222966,130095649,2130.0,6.51,0.26291446596244133,86.0,0.0,0.0
041520,이라이콤,14700,15200,14700,15000,121188,1820607250,7212.0,7.04,2.0789244488352745,2130.0,1.0,150.0
054210,이랜텍,8870,9870,8720,9520,1368265,12789099880,6406.0,46.0,1.4864189822041836,207.0,0.53,50.0
065440,이루온,1930,1965,1900,1945,317625,614619925,2006.0,0.0,0.0,0.0,0.0,0.0
115610,이미지스,4500,4565,4480,4555,81852,370248925,3521.0,19.14,1.2937997017892644,238.0,1.1,50.0
080010,이상네트웍스,3910,3920,3845,3890,36921,143064445,6110.0,11.86,0.6366407528641571,328.0,2.57,100.0
086890,이수앱지스,6700,6840,6700,6800,7507,50697710,1398.0,0.0,0.0,0.0,0.0,0.0
047560,이스트소프트,24450,25050,24450,24600,43239,1068585600,7659.0,14.88,3.212075866627497,1653.0,0.41,100.0
900110,이스트아시아홀딩스,1780,1820,1745,1765,37863,66937560,,,,,,
067010,이씨에스,2900,2970,2860,2890,370774,1072347415,3548.0,6.14,0.8151731609357384,471.0,5.19,150.0
102710,이엔에프테크놀로지,12050,12250,11850,12250,99177,1196263600,5388.0,13.6,2.274500336395694,901.0,0.41,50.0
094190,이엘케이,20850,21300,20550,21200,363392,7654413900,7163.0,23.25,2.9602122015915118,912.0,0.47,100.0
123570,이엠넷,12250,12350,12100,12300,30094,367440100,4988.0,11.64,2.466748320970329,1057.0,0.57,70.0
095190,이엠코리아,5540,5650,5360,5620,132962,729097790,3684.0,38.5,1.525787187839305,146.0,0.0,0.0
091120,이엠텍,13250,14050,13250,13600,268684,3694462200,2708.0,64.44,5.0207948670605616,211.0,0.0,0.0
039030,이오테크닉스,33600,34200,33350,33850,63598,2152883700,14431.0,23.36,2.345487795371076,1449.0,0.3,100.0
088290,이원컴포텍,1300,1340,1275,1300,8932,11511210,1344.0,16.67,0.9675641741071429,78.0,1.54,20.0
033600,이젠텍,1755,1810,1720,1765,391076,692961080,3597.0,0.0,0.0,0.0,5.67,100.0
035810,이지바이오,3135,3195,3135,3185,252678,801087760,3970.0,13.91,0.8021489294710328,229.0,1.57,50.0
058530,이큐스앤자루,1915,1920,1800,1865,225624,418711255,832.0,155.4,2.240985576923077,12.0,0.0,0.0
092130,이크레더블,6740,6740,6650,6660,19772,132242080,1845.0,14.08,3.6091886856368562,473.0,4.35,290.0
016250,이테크건설,31150,31150,30600,30900,263,8114050,58817.0,2.98,0.5259919007259806,10380.0,1.62,500.0
078020,이트레이드증권,10800,10800,10550,10550,7462,79780950,8482.0,13.3,1.2431527794152322,793.0,0.47,50.0
134060,이퓨쳐,3250,3345,3230,3275,19918,65043385,3433.0,0.0,0.0,0.0,0.0,0.0
001840,이화공영,2040,2090,2025,2080,68683,142127965,2242.0,32.0,0.927743086529884,65.0,0.0,0.0
024810,이화전기,840,847,830,833,3301445,2757942777,684.0,75.75,1.218201754385965,11.0,0.0,0.0
060150,인선이엔티,2360,2360,2300,2340,60004,139662660,4547.0,0.0,0.0,0.0,0.0,0.0
033230,인성정보,2790,2810,2720,2775,139941,387902735,2313.0,11.86,1.1997811284046693,234.0,0.0,0.0
037330,인지디스플레,3260,3320,3245,3265,481909,1579404485,3730.0,4.64,0.8758713136729223,704.0,1.53,50.0
049070,인탑스,31400,32500,31400,32200,115913,3710688600,33484.0,9.92,0.9618446496834309,3246.0,1.34,430.0
119610,인터로조,13250,13350,13100,13200,20087,265128600,3627.0,20.44,3.6400951199338296,646.0,0.98,130.0
017250,인터엠,1560,1590,1560,1585,40973,64333430,3827.0,26.42,0.41424418604651164,60.0,6.31,100.0
035080,인터파크,7030,7180,7030,7170,488198,3474660700,5276.0,0.0,0.0,0.0,0.0,0.0
051370,인터플렉스,44350,45250,44050,44300,258302,11528795400,17907.0,19.4,2.474142444295527,2283.0,0.34,150.0
064290,인텍플러스,4240,4330,4230,4330,20339,87306730,3029.0,7.96,1.4297622977880489,544.0,2.31,100.0
048530,인트론바이오,14550,14800,14400,14700,119074,1738081000,1092.0,408.2,13.458791208791208,36.0,0.0,0.0
115310,인포바인,22900,23300,22900,23150,4702,108672850,12660.0,7.06,1.8293243359992102,3281.0,3.24,750.0
039290,인포뱅크,8700,8820,8670,8700,50674,442827480,5114.0,20.19,1.7013712358232302,431.0,0.34,30.0
036220,인포피아,14500,14700,14450,14650,88701,1292424100,8898.0,25.1,1.646971229489773,584.0,0.0,0.0
041020,인프라웨어,11300,11500,11150,11200,964413,10883232800,3901.0,81.75,2.870994616764932,137.0,0.0,0.0
071200,인피니트헬스케어,10650,10850,10450,10450,813409,8659279800,2075.0,0.0,0.0,0.0,0.0,0.0
101930,인화정공,6100,6220,6030,6220,47499,292439170,12499.0,4.98,0.4972897831826546,1248.0,3.22,200.0
078940,일경산업개발,1390,1390,1320,1325,401592,540621680,3010.0,0.0,0.0,0.0,0.0,0.0
068330,일신바이오,3090,3090,2965,3045,18599,56158130,2451.0,28.73,1.2426943084455324,106.0,0.0,0.0
058450,일야,1415,1445,1350,1420,79277,110347240,2252.0,0.0,0.0,0.0,0.0,0.0
019540,일지테크,4155,4155,4075,4120,69921,287039190,4153.0,11.64,0.9922420539369131,354.0,0.97,40.0
094820,일진에너지,5100,5110,5060,5060,33114,168207030,3999.0,10.0,1.2653163290822707,506.0,2.47,125.0
049550,잉크테크,27950,28500,27950,28500,217982,6170909750,4102.0,0.0,0.0,0.0,0.0,0.0
043910,자연과환경,598,606,594,601,2310103,1383887612,505.0,0.0,0.0,0.0,0.0,0.0
032860,자원,1785,1885,1785,1865,24331,44487225,1138.0,24.88,1.63938927943761,75.0,0.0,0.0
046840,자유투어,588,599,585,596,319395,188837594,343.0,0.0,0.0,0.0,0.0,0.0
090120,잘만테크,2315,2320,2250,2260,211073,479579015,1473.0,0.0,0.0,0.0,0.0,0.0
049630,재영솔루텍,929,929,905,913,26149,23854888,1355.0,0.0,0.0,0.0,0.0,0.0
065530,전파기지국,8570,8570,8440,8500,2612,22094090,9179.0,7.73,0.9264098077132585,1100.0,5.88,500.0
040420,정상제이엘에스,4870,4925,4870,4900,63914,313125535,3665.0,7.99,1.3361027029331514,613.0,8.16,400.0
045510,정원엔시스,932,1055,926,942,7463711,7530092885,760.0,0.0,0.0,0.0,0.0,0.0
073930,제너시스템즈,419,419,419,419,47565,19929735,1239.0,0.0,0.0,0.0,0.0,0.0
095700,제넥신,18500,18500,18000,18000,4039,73214550,4803.0,0.0,0.0,0.0,0.0,0.0
123330,제닉,31000,32500,30600,32150,195300,6228296900,8612.0,12.97,3.7316027055271714,2478.0,0.0,0.0
159580,제로투세븐,13050,14000,11850,12000,4905175,63007444250,2622.0,17.39,4.576480263157895,690.0,0.0,0.0
147830,제룡산업,5880,5930,5490,5500,714857,4085149540,2818.0,0.0,0.0,0.0,0.91,50.0
033100,제룡전기,2695,2715,2675,2690,25033,67296100,2776.0,49.8,0.968975144092219,54.0,1.86,50.0
019570,제미니투자,459,459,436,436,1884253,842133003,416.0,0.0,0.0,0.0,0.0,0.0
079370,제우스,3425,3490,3385,3450,5165,17623700,10432.0,2.74,0.3312342357050422,1261.0,2.9,100.0
054950,제이브이엠,55800,55800,54300,54800,18307,1002999100,10849.0,27.27,5.051516844870495,2010.0,0.0,0.0
035480,제이비어뮤즈먼트,5630,5750,5250,5390,92327,499640280,1753.0,299.5,3.0752994865944094,18.0,0.0,0.0
137950,제이씨케미칼,3580,3580,3535,3575,26583,96185215,3191.0,5.97,1.1204265904105297,599.0,2.8,100.0
033320,제이씨현,1660,1695,1640,1660,356393,596388430,2919.0,11.45,0.5689287855429942,145.0,1.2,20.0
126880,제이엔케이히터,11200,11300,11050,11200,19376,216210150,9183.0,9.33,1.2189643907219863,1200.0,2.23,250.0
033050,제이엠아이,1710,1740,1700,1715,162817,279461795,3242.0,0.0,0.0,0.0,0.0,0.0
094970,제이엠티,2300,2370,2275,2360,287146,669083535,1979.0,0.0,0.0,0.0,0.0,0.0
058420,제이웨이,1110,1110,1030,1090,41080,43825985,592.0,0.0,0.0,0.0,0.0,0.0
036420,제이콘텐트리,4215,4245,4160,4245,281858,1183031085,1256.0,13.35,3.3804115246815285,318.0,0.0,0.0
089790,제이티,5180,5400,5080,5400,259243,1353676230,2829.0,7.19,1.9090654272711205,751.0,0.0,0.0
052670,제일바이오,1580,1585,1550,1565,12027,18816680,1594.0,24.84,0.9819047992471769,63.0,0.0,0.0
023440,제일제강,3310,3450,3200,3405,97077,321787405,4628.0,0.0,0.0,0.0,0.0,0.0
038010,제일테크노스,14000,14350,14000,14250,135,1902350,35713.0,4.49,0.3990225679374457,3175.0,1.4,200.0
083660,젠트로,1950,1950,1845,1900,148577,278950445,1968.0,0.0,0.0,0.0,0.0,0.0
082270,젬백스,31200,32050,31200,31750,130395,4121121700,1610.0,0.0,0.0,0.0,0.0,0.0
044060,조광ILI,2745,2790,2735,2790,4851,13352365,3723.0,0.0,0.0,0.0,2.87,80.0
034940,조아제약,4485,4575,4485,4540,344815,1562831525,1694.0,81.06,2.6797520661157024,56.0,0.0,0.0
101730,조이맥스,30200,31350,30100,30300,220336,6754035650,14036.0,33.66,2.158066756910801,900.0,0.0,0.0
033340,좋은사람들,1615,1620,1605,1605,145931,235139490,3883.0,0.0,0.0,0.0,0.0,0.0
036930,주성엔지니어링,5460,5620,5450,5560,486191,2704938270,5925.0,0.0,0.0,0.0,0.0,0.0
900060,중국식품포장,2695,2700,2620,2700,58098,154573645,,,,,,
072020,중앙백신,12450,12500,12300,12350,97672,1208180300,5476.0,38.25,2.256163257852447,323.0,0.4,50.0
000440,중앙에너비스,17500,17950,17400,17550,4831,84669750,35478.0,9.61,0.4945802680534416,1826.0,4.56,800.0
054180,중앙오션,583,583,561,569,8372,4718742,433.0,0.0,0.0,0.0,0.0,0.0
155960,지디,24200,25300,24200,25150,585429,14591371450,2489.0,19.47,10.10591603053435,1292.0,0.0,0.0
035450,지아이바이오,200,201,199,200,375846,75350819,307.0,0.0,0.0,0.0,0.0,0.0
032790,지아이블루,700,723,700,712,109874,78224434,888.0,0.0,0.0,0.0,0.0,0.0
036920,지앤에스티,523,560,523,556,249951,137007080,624.0,0.0,0.0,0.0,0.0,0.0
053050,지에스이,1665,1665,1635,1665,678,1118030,1484.0,10.54,1.1220834737196765,158.0,2.4,40.0
065060,지엔코,2405,2430,2360,2390,349254,840332425,2258.0,12.51,1.0580124833923827,191.0,0.0,0.0
018290,지엠피,530,530,512,512,1953411,1010955199,367.0,0.0,0.0,0.0,0.0,0.0
018120,진로발효,14350,14450,13750,14100,38951,545658300,8257.0,17.47,1.7073127346493884,807.0,3.55,500.0
109820,진매트릭스,6910,7340,6910,7330,67831,487449870,3431.0,0.0,0.0,0.0,0.0,0.0
086060,진바이오텍,2640,2690,2580,2580,6471,17044845,3280.0,27.45,0.7867663871951219,94.0,1.94,50.0
036890,진성티이씨,8420,8550,8420,8490,53752,456305130,2857.0,9.56,2.9721736086804342,888.0,1.18,100.0
007370,진양제약,3250,3325,3240,3315,93336,307399900,4578.0,35.66,0.7243405963302753,93.0,3.02,100.0
085660,차바이오앤,9720,9780,9630,9630,903519,8763260390,4443.0,141.6,2.16756695926176,68.0,0.0,0.0
900040,차이나그레이트,1475,1490,1465,1485,194205,287466300,,,,,,
900120,차이나킹,2595,2680,2585,2670,465049,1231222220,,,,,,
900090,차이나하오란,1510,1545,1510,1535,22338,34251800,,,,,,
094850,참좋은레져,5780,5810,5710,5710,82708,476178540,3054.0,52.38,1.8693107400130975,109.0,0.88,50.0
074150,창해에너지어링,2095,2140,2095,2105,9491,20066080,3548.0,22.62,0.5930453776775648,93.0,0.0,0.0
111820,처음앤씨,7300,7440,7160,7240,177217,1292380330,5014.0,11.99,1.444611338252892,604.0,3.31,240.0
096240,청담러닝,13200,13400,13150,13200,116627,1549345750,10263.0,6.74,1.2862021795527623,1959.0,3.79,500.0
013720,청보산업,2575,2630,2555,2630,58690,152104755,2281.0,5.24,1.1528352422183252,502.0,1.9,50.0
047820,초록뱀,1900,1980,1900,1965,300934,586941230,947.0,63.38,2.0745776135163676,31.0,0.0,0.0
016920,카스,1895,1915,1880,1900,79279,150387035,2835.0,26.77,0.6703207671957672,71.0,2.63,50.0
066410,캔들미디어,1010,1060,1000,1010,2636335,2699721430,520.0,0.0,0.0,0.0,0.0,0.0
050110,캠시스,2210,2325,2165,2275,1139502,2577124105,2072.0,0.0,0.0,0.0,0.0,0.0
078340,컴투스,42000,45550,41850,44450,850353,37753647550,6940.0,102.9,6.403746397694524,432.0,0.0,0.0
063440,케이디미디어,2400,2460,2360,2440,34996,83724340,2825.0,58.1,0.8636946902654867,42.0,0.0,0.0
029480,케이디씨,1985,1995,1910,1930,307919,598766890,2980.0,0.0,0.0,0.0,0.0,0.0
043290,케이맥,8760,9120,8720,8900,138766,1240236930,6934.0,7.11,1.2826403410729736,1251.0,2.25,200.0
131370,케이비게임앤앱스스팩,2555,2565,2555,2560,23050,58953250,2388.0,85.3,1.0717650753768844,30.0,0.0,0.0
115500,케이씨에스,4370,4835,4310,4395,5462658,25308766075,1320.0,48.84,3.3302556818181817,90.0,1.37,60.0
089150,케이씨티,2355,2450,2255,2290,3258806,7726598595,2083.0,21.4,1.099600936149784,107.0,2.62,60.0
025880,케이씨피드,3700,3755,3390,3575,1168335,4202721965,4017.0,19.97,0.8898198282300224,179.0,1.12,40.0
093320,케이아이엔엑스,13050,13300,13000,13300,87388,1147485650,6307.0,15.52,2.1093366002061202,857.0,0.0,0.0
065940,케이에스씨비,7900,8000,7400,7660,34507,266390730,3858.0,0.0,0.0,0.0,0.0,0.0
073010,케이에스피,3790,3860,3665,3680,6235,23141090,7538.0,5.03,0.4885745555850358,732.0,3.4,125.0
105330,케이엔더블유,4045,4050,3920,4000,6527,25786630,8176.0,9.13,0.4892578125,438.0,2.5,100.0
046120,케이엔디티,5190,5190,4955,5000,119086,596520555,3335.0,0.0,0.0,0.0,0.0,0.0
039420,케이엘넷,1955,1980,1945,1945,129071,253230825,1053.0,81.06,1.8475783475783476,24.0,0.0,0.0
083550,케이엠,2725,2830,2725,2830,78404,218877435,5995.0,5.51,0.4725643765638032,514.0,1.77,50.0
032500,케이엠더블유,14650,14650,14050,14450,113882,1626806350,707.0,0.0,0.0,0.0,0.0,0.0
122800,케이티롤,4950,5330,4430,4455,707603,3456491310,5153.0,9.26,0.8641583179701144,481.0,1.35,60.0
024880,케이피에프,10400,10400,10150,10300,51393,526792100,10874.0,12.28,0.9475785129667096,839.0,1.46,150.0
042040,케이피엠테크,1955,1965,1915,1930,161486,313517355,1450.0,0.0,0.0,0.0,0.0,0.0
054410,케이피티,2715,2750,2655,2665,7514,20223485,4250.0,0.0,0.0,0.0,0.0,0.0
089010,켐트로닉스,18100,18250,17550,17950,234210,4203681050,6561.0,12.78,2.735082304526749,1404.0,1.39,250.0
052400,코나아이,21900,22100,21700,21950,100314,2193027050,9256.0,7.32,2.371034666702679,2998.0,1.37,300.0
094860,코닉글로리,1840,2060,1800,2060,2375035,4737022415,1344.0,50.25,1.5329241071428572,41.0,0.0,0.0
046070,코다코,2110,2150,2110,2110,27853,58957585,2259.0,17.58,0.9337649402390438,120.0,0.0,0.0
047770,코데즈컴바인,1495,1520,1420,1435,1556562,2262987550,1240.0,23.16,1.1578125,62.0,0.0,0.0
080530,코디에스,2765,2765,2710,2725,13418,36552295,3232.0,6.83,0.842952312809406,399.0,0.0,0.0
078650,코렌,6120,6420,6060,6300,411497,2578723460,3749.0,0.0,0.0,0.0,0.0,0.0
027050,코리아나,1825,1875,1795,1875,1202149,2220320560,1552.0,93.75,1.2081185567010309,20.0,0.0,0.0
049180,코리아본뱅크,925,989,917,945,8039808,7750821616,307.0,0.0,0.0,0.0,0.0,0.0
101670,코리아에스이,2540,2550,2515,2550,42015,106100405,3725.0,5.9,0.6840604026845638,432.0,5.88,150.0
123410,코리아에프티,2530,2530,2490,2530,32002,80298940,3972.0,35.62,0.6368013595166163,71.0,0.0,0.0
036690,코맥스,2895,3000,2895,3000,146354,432188905,2308.0,6.85,1.3002531954072791,438.0,3.33,100.0
049430,코메론,3790,3890,3780,3800,155845,598316540,8046.0,7.21,0.4723047554685558,527.0,2.63,100.0
059090,코미코,2155,2170,2125,2150,217674,467021225,1929.0,0.0,0.0,0.0,0.0,0.0
041960,코미팜,8470,8630,8320,8600,452363,3860145780,785.0,0.0,0.0,0.0,0.0,0.0
069110,코스온,5510,5710,5320,5370,136363,750479610,520.0,1342.0,10.323076923076924,4.0,0.0,0.0
048870,코아로직,3120,3230,3070,3135,80735,255382045,5781.0,0.0,0.0,0.0,0.0,0.0
038530,코아크로스,1260,1260,1190,1210,270608,327387220,977.0,26.89,1.2385651228249743,45.0,0.0,0.0
029960,코엔텍,2260,2285,2205,2210,780995,1747809720,1268.0,17.97,1.7430254337539433,123.0,0.0,0.0
102940,코오롱생명과학,65600,67200,65400,65700,62553,4135693600,17113.0,24.77,3.839373758253959,2653.0,0.01,5.0
056000,코원,1915,1945,1880,1890,83268,158370120,4122.0,0.0,0.0,0.0,0.0,0.0
056360,코위버,4005,4080,3875,4000,107037,423761585,5818.0,20.94,0.6873603471983499,191.0,0.0,0.0
121850,코이즈,11200,11800,11200,11650,371878,4293355500,3057.0,11.51,3.8095866045142297,1012.0,0.0,0.0
015710,코콤,2840,2840,2770,2770,158071,443596785,3721.0,13.19,0.7442555764579414,210.0,0.9,25.0
052330,코텍,12650,12750,12500,12650,166712,2111498500,10860.0,7.55,1.164600238835175,1675.0,1.98,250.0
126600,코프라,6210,6490,6210,6400,59383,377073760,5820.0,9.48,1.099085856958763,675.0,1.56,100.0
060280,큐렉소,5620,5700,5540,5600,30024,168106580,1665.0,0.0,0.0,0.0,0.0,0.0
040350,큐로컴,2575,2605,2525,2550,495823,1272350350,624.0,0.0,0.0,0.0,0.0,0.0
051780,큐로홀딩스,2210,2270,2200,2230,25641,56755275,1261.0,0.0,0.0,0.0,0.0,0.0
066310,큐에스아이,5990,6250,5940,6070,319077,1935990800,4491.0,10.12,1.3516616566466266,600.0,0.0,0.0
016600,큐캐피탈,674,683,665,675,575761,387970179,670.0,135.0,1.007462686567164,5.0,2.22,15.0
067280,크레듀,39350,39850,39200,39350,7691,303815500,15067.0,42.78,2.6122486228180795,920.0,0.38,150.0
043590,크로바하이텍,8310,9470,8270,9230,3469843,31007566720,2747.0,0.0,0.0,0.0,0.0,0.0
082660,크루셜엠스,7200,7540,7170,7430,100340,737995880,3057.0,0.0,0.0,0.0,0.0,0.0
114120,크루셜텍,10350,10450,10100,10450,483230,4967912000,4653.0,16.19,2.247394154309048,646.0,0.0,0.0
083790,크리스탈,8800,9280,8730,9030,168710,1530898870,1767.0,0.0,0.0,0.0,0.0,0.0
045520,크린앤사이언스,5250,5350,5220,5280,93565,495674510,2553.0,48.44,2.0680327066196633,109.0,0.0,0.0
123840,키움스팩1호,2100,2100,2095,2100,18436,38626275,1994.0,58.34,1.0533475426278835,36.0,0.0,0.0
054780,키이스트,0,0,0,6750,0,0,1132.0,47.53,5.962400618374558,142.0,0.0,0.0
019770,탑금속,3895,3915,3885,3900,14245,55490795,4927.0,4.3,0.792593743657398,908.0,1.92,75.0
065130,탑엔지니어링,5330,5360,5250,5270,37706,199827760,8196.0,16.62,0.6430118350414836,317.0,0.0,0.0
023160,태광,23550,23650,23250,23400,70112,1639824750,14527.0,20.38,1.611542300543815,1149.0,0.06,15.0
036210,태산엘시디,2310,2310,2265,2290,7348,16768745,2095.0,0.0,0.0,0.0,0.0,0.0
053620,태양,5510,5510,5470,5490,10667,58510570,12603.0,5.62,0.4357540739308101,977.0,1.82,100.0
072520,태양기전,19100,19300,18700,19100,94370,1789738700,7200.0,35.44,2.652890625,539.0,0.0,0.0
044490,태웅,20600,20800,20550,20750,33152,687049450,27444.0,22.36,0.7560668998688238,928.0,0.0,0.0
039850,태창파로스,794,905,767,905,10143916,8672275060,362.0,82.25,2.4993093922651934,11.0,0.0,0.0
032420,터보테크,475,480,460,470,1769674,827390073,262.0,0.0,0.0,0.0,0.0,0.0
053320,테라리소스,1325,1395,1300,1330,9617272,12930683180,158.0,0.0,0.0,0.0,0.0,0.0
123100,테라세미콘,20400,20800,20050,20600,441370,9002031900,4978.0,16.06,4.1398528525512255,1283.0,0.0,0.0
066700,테라젠이텍스,8880,9000,8790,8950,209770,1866854710,2128.0,0.0,0.0,0.0,0.0,0.0
095610,테스,4995,5000,4890,4940,44333,218514265,5993.0,8.53,0.8242272234273319,579.0,1.62,80.0
089030,테크윙,6750,6900,6630,6740,405769,2746867630,3217.0,8.6,2.0962465029530617,784.0,1.78,120.0
038540,텍셀네트컴,630,637,608,614,1982727,1233630949,760.0,4.95,0.8075041118421052,124.0,0.0,0.0
054450,텔레칩스,4895,4895,4810,4855,6094,29420580,8374.0,0.0,0.0,0.0,1.65,80.0
091440,텔레필드,2255,2480,2205,2340,3284336,7630255785,3312.0,19.19,0.7067859299516909,122.0,0.0,0.0
051360,토비스,4835,4890,4780,4800,30559,147231450,3875.0,5.21,1.2385221774193549,921.0,2.08,100.0
045340,토탈소프트,2135,2185,2040,2085,166553,349385710,1264.0,0.0,0.0,0.0,0.0,0.0
057880,토필드,2105,2165,2090,2125,28433,60128645,6770.0,14.86,0.31386862998522896,143.0,0.0,0.0
108230,톱텍,16500,17050,16500,16750,92996,1572311050,5797.0,13.72,2.889527988614801,1221.0,0.03,5.0
079970,투비소프트,6110,6330,6070,6290,40740,254844690,4742.0,9.22,1.3258514339940952,682.0,0.0,0.0
034010,트라이써클,30,33,25,26,9970605,279056407,945.0,0.0,0.0,0.0,0.0,0.0
052290,트레이스,3500,3580,3445,3500,53408,186307560,1772.0,0.0,0.0,0.0,0.0,0.0
026150,특수건설,4580,4750,4455,4750,520090,2417847120,7838.0,0.0,0.0,0.0,2.11,100.0
037340,티모이앤엠,892,937,886,894,145928,130715345,753.0,0.0,0.0,0.0,0.0,0.0
121800,티브이로직,4025,4045,3905,4035,5477,21920585,2953.0,6.04,1.3661001523874026,668.0,0.0,0.0
064760,티씨케이,9210,9690,9210,9680,127864,1221347910,6249.0,9.33,1.5479701752280366,1037.0,2.07,200.0
066350,티에스엠텍,6500,6550,6350,6530,27068,175119330,8517.0,6.99,0.766356074615475,934.0,1.53,100.0
131290,티에스이,7850,7950,7750,7930,11285,88344340,11890.0,5.01,0.667667157275021,1584.0,0.0,0.0
062860,티엘아이,7610,7700,7550,7590,87893,669341580,11421.0,0.0,0.0,0.0,0.0,0.0
104480,티케이케미칼,1860,1870,1845,1860,398426,739804480,2457.0,4.24,0.7572671830484331,439.0,0.0,0.0
081150,티플랙스,1865,1870,1835,1835,46840,86799415,3420.0,5.53,0.5369517543859649,332.0,2.72,50.0
130740,티피씨글로벌,3045,3110,3045,3060,164692,506850320,3794.0,9.33,0.8064377965208224,328.0,0.0,0.0
084730,팅크웨어,14900,15200,14900,15050,28718,431804150,11776.0,14.95,1.278685196586277,1007.0,0.0,0.0
046210,파나진,0,0,0,2045,0,0,641.0,0.0,0.0,0.0,0.0,0.0
034230,파라다이스,19250,19800,18800,19350,1317066,25437095200,6143.0,46.2,3.150343887351457,419.0,0.78,150.0
033540,파라텍,2645,2650,2600,2650,26380,69356390,5601.0,5.69,0.4735217483485092,466.0,3.77,100.0
043200,파루,3710,3740,3535,3570,431609,1553560025,2750.0,0.0,0.0,0.0,0.0,0.0
037070,파세코,2220,2245,2200,2230,10872,24142860,3461.0,17.98,0.6443405085235481,124.0,4.48,100.0
047310,파워로직스,5250,5340,5200,5290,466534,2460282370,3315.0,0.0,0.0,0.0,0.0,0.0
049120,파인디앤씨,2380,2385,2315,2320,121906,284594275,5750.0,145.0,0.40347826086956523,16.0,1.08,25.0
038950,파인디지털,9320,9610,9180,9560,381793,3603076580,6787.0,13.98,1.4085706129364963,684.0,0.52,50.0
106240,파인테크닉스,4375,4470,4315,4455,322148,1416601350,3436.0,9.32,1.2965976062281723,478.0,1.12,50.0
028040,파캔OPC,1585,1605,1585,1600,13324,21228700,2919.0,0.0,0.0,0.0,0.0,0.0
091700,파트론,23550,24550,23550,24350,695434,16903106600,3599.0,35.6,6.764691580994721,684.0,0.82,200.0
043090,팜스웰바이오,2080,2120,1900,1900,1790296,3525183620,792.0,0.0,0.0,0.0,0.0,0.0
027710,팜스토리,1130,1155,1130,1145,908463,1036363310,1214.0,0.0,0.0,0.0,0.0,0.0
068050,팬엔터테인먼트,4760,4925,4760,4895,88036,429792345,4627.0,92.4,1.0581100064836828,53.0,0.0,0.0
043370,평화정공,16100,16350,16000,16300,41033,663979500,14493.0,7.73,1.1254598124956876,2110.0,0.86,140.0
119500,포메탈,4265,4350,4250,4260,56197,239859810,2726.0,9.82,1.5634686812179017,434.0,2.35,100.0
016670,포비스티앤씨,1300,1315,1280,1315,488484,632702655,503.0,9.53,2.614935387673956,138.0,0.0,0.0
022100,포스코 ICT,7290,7320,7230,7230,297904,2163515350,1726.0,34.6,4.188930330243338,209.0,0.35,25.0
009520,포스코엠텍,9720,9730,9440,9440,432527,4143148070,3884.0,35.62,2.430644953656025,265.0,0.79,75.0
003670,포스코켐텍,122200,123300,121000,121900,6083,743339400,55350.0,7.84,2.2011051829268293,15540.0,0.82,1000.0
078860,포인트아이,4395,4395,4260,4325,3662,15742485,690.0,0.0,0.0,0.0,0.0,0.0
141020,포티스,5140,5220,5090,5110,213234,1098522980,2948.0,5.37,1.734491604477612,952.0,0.0,0.0
032980,폴리비전,997,1010,929,940,367719,350755166,907.0,156.6,1.0361080485115766,6.0,0.0,0.0
005670,푸드웰,2500,2510,2430,2430,71372,176362325,5290.0,17.48,0.4594193052930057,139.0,6.17,150.0
094940,푸른기술,5030,5210,5000,5150,37878,194516300,4862.0,8.39,1.059614099136158,614.0,2.91,150.0
007330,푸른저축은행,2650,2655,2545,2635,3492,8988940,11288.0,23.73,0.23339082432671865,111.0,0.0,0.0
093380,풍강,2630,2670,2630,2660,3485,9231210,5292.0,3.72,0.503405789399093,716.0,3.38,90.0
023900,풍국주정,4865,4885,4710,4845,1571,7522425,9792.0,5.76,0.4948534996680964,841.0,4.13,200.0
035200,프럼파스트,2590,2630,2480,2580,105177,269674455,2972.0,15.27,0.8685097367092867,169.0,0.0,0.0
053610,프로텍,10350,10800,10200,10700,55316,585149750,7285.0,4.99,1.4694374142072752,2146.0,1.68,180.0
073570,프롬써어티,1875,1890,1820,1885,219053,405073375,3678.0,19.84,0.5125492794997281,95.0,0.0,0.0
053160,프리엠스,4090,4170,3980,4085,112410,457162990,4556.0,9.33,0.8967776009657594,438.0,1.22,50.0
075130,플랜티넷,12750,13050,12550,12950,279641,3593694050,6301.0,29.9,2.055135097603555,433.0,2.32,300.0
065270,플렉스컴,23300,23550,22850,23300,458090,10668637750,5241.0,34.78,4.446372352604465,670.0,0.0,0.0
032580,피델릭스,2115,2145,2070,2090,322423,674446320,1530.0,12.51,1.365231821895425,167.0,1.44,30.0
051380,피씨디렉트,2735,2745,2650,2730,70539,191191400,4415.0,4.88,0.617736940826727,559.0,1.47,40.0
131390,피앤이솔루션,6750,6870,6700,6800,28966,197062060,4684.0,6.3,1.451439574882579,1079.0,1.18,80.0
054340,피앤텔,3540,3640,3525,3610,183260,658380295,9681.0,0.0,0.0,0.0,0.0,0.0
065180,피에스앤지,0,0,0,2350,0,0,1049.0,0.0,0.0,0.0,0.0,0.0
024850,피에스엠씨,445,468,445,465,471299,217594157,1298.0,0.0,0.0,0.0,0.0,0.0
031980,피에스케이,4790,4965,4730,4965,206014,1004616740,6282.0,70.94,0.7904528812480102,70.0,0.0,0.0
002230,피에스텍,3620,3655,3535,3540,511389,1835201905,4832.0,6.81,0.7327129035596026,520.0,1.41,50.0
137400,피엔티,6660,6720,6550,6640,74068,491305130,4023.0,3.37,1.6506527894295302,1971.0,0.0,0.0
082390,피엘에이,1460,1460,1410,1415,31015,44184955,468.0,15.38,3.0239716880341883,92.0,0.0,0.0
128660,피제이메탈,1900,1900,1850,1875,14354,26838255,989.0,9.72,1.8965811425682508,193.0,2.67,50.0
006140,피제이전자,8360,9140,8360,8900,549683,4861787330,6648.0,10.81,1.338551067990373,823.0,1.69,150.0
064800,필링크,4175,4250,4160,4200,14548,61140695,4512.0,16.4,0.9308510638297872,256.0,1.19,50.0
033290,필코전자,1070,1085,1070,1075,129349,139640910,2892.0,0.0,0.0,0.0,0.0,0.0
123420,하나그린스팩,4135,4145,4135,4145,17073,70684240,3921.0,56.0,1.05687324662076,74.0,0.0,0.0
067310,하나마이크론,6460,6650,6370,6610,175960,1145408970,7195.0,14.12,0.9182548644892287,468.0,3.03,200.0
136480,하림,3540,3625,3530,3620,345687,1244811830,3523.0,14.54,1.0275976617939255,249.0,1.38,50.0
024660,하림홀딩스,1700,1705,1680,1690,73921,125110815,4114.0,2.48,0.41120070187165775,682.0,0.0,0.0
013030,하이록코리아,20500,20800,20450,20750,44102,909378500,11570.0,11.68,1.793846558988764,1777.0,0.72,150.0
126700,하이비젼시스템,4230,4390,4160,4170,1548242,6616717245,1967.0,106.94,2.120265632943569,39.0,0.0,0.0
106080,하이소닉,7350,7900,7260,7710,539398,4127189480,2945.0,85.7,2.618633276740238,90.0,0.0,0.0
066980,하이쎌,2875,2995,2815,2905,2236884,6556649900,1206.0,0.0,0.0,0.0,0.0,0.0
131030,하이제1호스팩,4135,4145,4135,4135,47834,197961985,3899.0,49.8,1.0603840728391896,83.0,0.0,0.0
106190,하이텍팜,15850,15850,15300,15300,19195,296549900,9926.0,10.34,1.541245844247431,1479.0,0.92,140.0
066130,하츠,4680,4850,4370,4375,3036803,13975635105,5352.0,23.16,0.8177375280269058,189.0,0.23,10.0
044780,한광,2040,2040,2000,2015,213965,429745780,1709.0,7.69,1.179138933586893,262.0,0.99,20.0
004590,한국가구,11700,11800,11450,11750,1705,19874000,39079.0,9.45,0.3006789931932752,1243.0,2.98,350.0
039340,한국경제TV,1905,1925,1905,1920,16334,31230030,2646.0,6.93,0.7254434760015117,277.0,2.6,50.0
034950,한국기업평가,34400,34400,34200,34400,1216,41809750,16353.0,12.95,2.1038035834403472,2656.0,5.02,1726.0
060250,한국사이버결제,13050,13050,12650,12750,619974,7951596900,2050.0,20.14,6.219032012195122,633.0,0.94,120.0
025550,한국선재,2340,2485,2330,2370,926368,2227833025,2665.0,4.31,0.889203212945591,550.0,0.0,0.0
123290,한국스팩1호,2315,2325,2315,2325,444373,1028891250,2172.0,45.6,1.0705714779005524,51.0,0.0,0.0
017890,한국알콜,3345,3440,3335,3435,55841,189562125,7757.0,7.14,0.4427795056078381,481.0,1.46,50.0
033430,한국자원투자개발,410,422,410,420,394658,164105293,447.0,0.0,0.0,0.0,0.0,0.0
063570,한국전자금융,2160,2200,2155,2170,166133,361410450,2796.0,10.0,0.7761087267525035,217.0,3.69,80.0
041460,한국전자인증,2670,2675,2580,2585,945941,2473560085,947.0,13.82,2.7290374208025345,187.0,1.08,28.0
101680,한국정밀기계,10200,10400,9990,10300,40950,417592200,18309.0,10.75,0.5624829318914195,958.0,1.94,200.0
039740,한국정보공학,4800,4935,4575,4650,828011,3892214825,7184.0,0.0,0.0,0.0,0.0,0.0
025770,한국정보통신,4785,4795,4635,4705,400090,1877624770,1504.0,18.52,3.126973902925532,254.0,0.0,0.0
021880,한국종합캐피탈,0,0,0,304,0,0,956.0,0.0,0.0,0.0,0.0,0.0
023760,한국캐피탈,671,677,663,675,87672,58684659,1129.0,7.85,0.5980818201948627,86.0,5.93,40.0
054040,한국컴퓨터,2790,2825,2745,2810,20827,58098140,4083.0,7.85,0.6884299228508449,358.0,4.27,120.0
021650,한국큐빅,2460,2460,2400,2400,5870,14155930,3363.0,14.55,0.713718220338983,165.0,3.13,75.0
053590,한국테크놀로지,1990,1990,1895,1945,141306,271679615,1547.0,0.0,0.0,0.0,0.0,0.0
053595,한국테크놀로지우,7940,7940,7740,7910,8,62790,0.0,0.0,0.0,0.0,0.0,0.0
034830,한국토지신탁,1335,1355,1290,1330,1148858,1507877045,1084.0,7.15,1.226576914206642,186.0,0.0,0.0
037230,한국팩키지,1235,1255,1235,1255,51835,64419985,1597.0,8.31,0.7859658735128365,151.0,2.79,35.0
030520,한글과컴퓨터,19600,19750,19350,19750,296292,5798201000,4763.0,31.84,4.145102876338442,620.0,1.01,200.0
052600,한네트,1890,1920,1865,1895,174663,329119195,2895.0,10.77,0.6549654576856649,176.0,5.28,100.0
092460,한라IMS,4030,4200,4025,4085,42002,172622690,5588.0,9.59,0.7313775053686471,426.0,4.9,200.0
047080,한빛소프트,1610,1655,1610,1645,51592,84112805,611.0,0.0,0.0,0.0,0.0,0.0
037950,한성엘컴텍,574,590,573,573,133150,76762072,2518.0,0.0,0.0,0.0,0.0,0.0
070590,한솔인티큐브,1490,1515,1480,1510,52621,78556995,1990.0,13.6,0.7586801193467336,111.0,1.99,30.0
042520,한스바이오메드,11600,12150,11300,12150,627658,7366139800,2827.0,34.9,4.296913689423417,348.0,0.58,70.0
078350,한양디지텍,2940,2955,2870,2895,155515,453382740,3746.0,0.0,0.0,0.0,0.0,0.0
045100,한양이엔지,5090,5230,5090,5120,249624,1285727510,5228.0,4.19,0.9789034107211171,1221.0,2.34,120.0
046110,한일네트웍스,2700,2760,2645,2720,624082,1688230100,2441.0,46.1,1.1141053871364195,59.0,0.0,0.0
024740,한일단조,2955,2955,2880,2915,26183,76052515,6538.0,20.67,0.44581437366167026,141.0,3.43,100.0
005860,한일사료,1280,1295,1275,1295,369891,475867725,1599.0,15.24,0.8102476156973109,85.0,1.93,25.0
007770,한일화학,7000,7000,6800,6810,5172,35283700,23864.0,0.0,0.0,0.0,2.2,150.0
061460,한진피앤씨,3370,3490,3370,3395,135649,463070035,2801.0,0.0,0.0,0.0,0.0,0.0
079170,한창산업,3310,3350,3260,3270,698,2289510,9910.0,19.7,0.3300422552976791,166.0,4.59,150.0
102210,해덕파워웨이,6150,6150,6050,6130,2728,16596130,9317.0,6.84,0.6577761081893313,896.0,1.63,100.0
034810,해성산업,31750,32200,31400,31700,16172,513316850,12454.0,73.75,2.546370643969809,430.0,0.32,100.0
008800,행남자기,3735,3785,3700,3750,3283,12228445,4563.0,0.0,0.0,0.0,0.0,0.0
054300,헤스본,0,0,0,678,0,0,922.0,0.0,0.0,0.0,0.0,0.0
048410,현대아이비티,2700,2870,2650,2775,1611188,4431659475,1413.0,0.0,0.0,0.0,0.0,0.0
026180,현대정보기술,2130,2165,2100,2150,33534,71688680,1162.0,0.0,0.0,0.0,0.0,0.0
039010,현대통신,2135,2165,2090,2140,119929,255801830,2751.0,0.0,0.0,0.0,0.0,0.0
092300,현우산업,3660,3950,3660,3900,65689,252400620,5861.0,34.22,0.6655754137519194,114.0,1.28,50.0
053660,현진소재,7010,7100,6980,7040,32177,226433080,13373.0,29.2,0.526280798997981,241.0,0.0,0.0
060560,홈센타,3120,3120,3050,3075,73899,227393950,4233.0,22.12,0.7265237420269313,139.0,0.0,0.0
064240,홈캐스트,3920,4505,3825,4505,6843366,29404714360,4416.0,7.13,1.0202601336050725,632.0,2.89,130.0
039610,화성,4300,4385,4270,4370,31695,137609740,5225.0,5.17,0.8364084928229665,845.0,0.0,0.0
126640,화신정공,1270,1285,1255,1265,160184,202294800,2091.0,22.19,0.6048242467718795,57.0,1.19,15.0
086250,화신테크,1785,1800,1770,1795,9394,16782450,4018.0,6.15,0.44682522399203584,292.0,2.79,50.0
033500,화인텍,7820,7890,7770,7790,192148,1501069820,2418.0,0.0,0.0,0.0,0.0,0.0
061250,화일약품,9450,9540,9190,9200,342741,3203462150,6201.0,20.44,1.4831277213352685,450.0,1.09,100.0
134780,화진,4925,5050,4825,5050,114731,570255300,3660.0,7.13,1.3790343237704918,708.0,1.98,100.0
097870,효성오앤비,6760,6840,6760,6790,16411,111446110,6767.0,9.04,1.0031529388946356,751.0,2.21,150.0
014190,후너스,3900,4040,3680,3850,1506262,5787448815,2185.0,104.06,1.7621567505720823,37.0,0.26,10.0
050090,휘닉스소재,1250,1270,1250,1265,94323,118850920,677.0,0.0,0.0,0.0,0.0,0.0
115160,휴맥스,12400,12850,12250,12750,269014,3388459100,17281.0,8.19,0.7376851744690701,1557.0,1.57,200.0
028080,휴맥스홀딩스,9810,10350,9800,10350,239993,2418304340,17329.0,10.53,0.5973927376074788,983.0,1.45,150.0
066060,휴먼텍코리아,246,250,242,245,152053,37254178,744.0,0.0,0.0,0.0,0.0,0.0
064090,휴바이론,652,700,647,653,17147,11252775,565.0,0.0,0.0,0.0,0.0,0.0
065510,휴비츠,16500,16500,16200,16300,205321,3350597850,4795.0,17.02,3.3995763816475497,958.0,0.92,150.0
084110,휴온스,14050,14050,13800,13950,83888,1166793700,9245.0,25.23,1.509422322877231,553.0,0.72,100.0
024060,흥구석유,1900,2085,1900,2040,491535,988155105,4223.0,15.0,0.4830689083589865,136.0,2.45,50.0
010240,흥국,3915,3930,3875,3910,25954,101165830,6548.0,3.41,0.596308629543372,1145.0,3.84,150.0
037440,희림,6560,6560,6400,6510,16609,107499950,4014.0,0.0,0.0,0.0,0.77,50.0
