,종목명,시가,고가,저가,종가,거래량,거래대금,BPS,PER,PBR,EPS,DIV,DPS
095570,AJ네트웍스,43150,43150,41550,41950,13105,555356150,23715.0,15.36,1.769420725279359,2732.0,0.0,0.0
068400,AJ렌터카,10150,10650,10050,10500,117192,1220199700,9426.0,12.21,1.114089353914704,860.0,0.0,0.0
006840,AK홀딩스,43450,45200,43350,44100,102828,4564991800,42221.0,7.95,1.0447458573636341,5549.0,0.79,350.0
027410,BGF리테일,200500,207500,198500,206500,74293,15256207500,22686.0,48.72,9.101210548355814,4238.0,0.29,600.0
138930,BNK금융지주,7850,8020,7750,7990,1185635,9427728560,19542.0,2.18,0.40834284809640775,3661.0,2.5,200.0
001460,BYC,475000,480500,474000,480500,303,144166000,434980.0,15.9,1.1045718876442594,30221.0,0.17,800.0
001465,BYC우,173000,176500,169500,174000,387,66424000,0.0,0.0,0.0,0.0,0.49,850.0
001040,CJ,267000,268500,258500,259000,50909,13330625000,108643.0,35.12,2.3843862466979004,7375.0,0.37,950.0
079160,CJ CGV,128500,130000,125500,126000,88576,11275025000,18048.0,160.1,6.982401097074468,787.0,0.28,350.0
000120,CJ대한통운,209000,209000,198000,198500,48085,9608352500,98141.0,79.06,2.0220588235294117,2510.0,0.0,0.0
011150,CJ씨푸드,3330,3495,3235,3485,266676,899615705,1310.0,38.3,2.661402671755725,91.0,0.0,0.0
011155,CJ씨푸드1우,13400,14200,13400,13500,914,12409900,0.0,0.0,0.0,0.0,0.0,0.0
001045,CJ우,128500,129000,125000,127000,4850,608863000,0.0,0.0,0.0,0.0,0.79,1000.0
097950,CJ제일제당,420500,422000,411500,417000,32845,13693494500,206344.0,63.88,2.021399943783197,6530.0,0.48,2000.0
097955,CJ제일제당 우,253000,254000,242500,245000,3902,959873500,0.0,0.0,0.0,0.0,0.84,2050.0
037560,CJ헬로비전,11450,11450,11050,11200,99673,1123551350,11653.0,33.72,0.9606646357161246,332.0,0.67,75.0
000590,CS홀딩스,69800,70900,69000,70100,1983,137724400,165649.0,10.93,0.42307020416664154,6412.0,0.0,0.0
139130,DGB금융지주,8710,8940,8690,8690,505071,4450567770,21797.0,5.07,0.39870237303298617,1714.0,3.68,320.0
004840,DRB동일,11750,11850,11400,11550,47387,548959500,14251.0,5.11,0.810630613641148,2261.0,0.52,60.0
155660,DSR,3920,3995,3830,3925,14525,56796640,6948.0,9.28,0.5650501943005182,423.0,0.76,30.0
069730,DSR제강,3730,3730,3650,3680,12628,46463650,7555.0,7.26,0.487318518365321,507.0,0.82,30.0
017940,E1,53300,54300,53000,54000,1871,100651900,166331.0,7.61,0.3246305559396625,7096.0,3.7,2000.0
007700,F&F,14000,14600,13650,14500,119044,1682606400,12307.0,15.97,1.1781608027951573,908.0,1.03,150.0
114090,GKL,20250,21000,20000,20650,289822,5958345550,6974.0,10.96,2.961056244622885,1884.0,4.85,1002.0
078930,GS,47200,48500,47150,47850,246115,11804124850,62374.0,0.0,0.0,0.0,2.51,1200.0
006360,GS건설,21700,22450,21250,21750,874186,19197310700,46070.0,0.0,0.0,0.0,0.0,0.0
001250,GS글로벌,4785,4790,4670,4715,50423,237837885,11121.0,14.73,0.4237478644006834,320.0,2.65,125.0
007070,GS리테일,62500,62500,60000,61700,203981,12424625300,21838.0,42.7,2.824591881124645,1445.0,0.97,600.0
078935,GS우,32000,32500,32000,32300,570,18472800,0.0,0.0,0.0,0.0,3.87,1250.0
001500,HMC투자증권,9210,9440,9020,9110,48467,445959950,22972.0,40.5,0.39667856520982064,225.0,1.65,150.0
003560,IHQ,1895,1935,1795,1840,381505,699035045,794.0,0.0,0.0,0.0,0.0,0.0
175330,JB금융지주,4910,5060,4910,5040,233404,1166180330,14769.0,0.95,0.33976446917953146,5281.0,1.98,100.0
001060,JW중외제약,42600,47200,42050,43550,1355314,60904013700,12840.0,1089.0,3.392523364485981,40.0,0.29,125.0
001067,JW중외제약2우B,44500,45850,42000,42200,4187,185476450,0.0,0.0,0.0,0.0,0.3,125.0
001065,JW중외제약우,26350,27750,24650,25550,10843,289286950,0.0,0.0,0.0,0.0,0.59,150.0
096760,JW홀딩스,9270,9950,9160,9400,672139,6452511490,1744.0,0.0,0.0,0.0,0.27,25.0
105560,KB금융,28400,29050,28350,28400,1057400,30330046950,70700.0,7.83,0.40148205445544555,3626.0,2.75,780.0
002550,KB손해보험,28850,29000,28200,28750,255444,7281556600,29141.0,10.7,0.9865342215435298,2686.0,1.74,500.0
002380,KCC,396500,396500,390000,390500,17462,6846966500,589064.0,11.74,0.6627934050884114,33250.0,2.3,9000.0
009070,KCTC,2890,2985,2850,2910,7085,20546545,5438.0,5.24,0.534616788111438,555.0,1.03,30.0
009440,KC그린홀딩스,7370,7440,7200,7360,103167,756704470,6479.0,66.3,1.1360838864022225,111.0,0.68,50.0
119650,KC코트렐,5800,5930,5720,5720,28310,163935470,6032.0,0.0,0.0,0.0,0.0,0.0
092220,KEC,955,985,950,959,306218,295482099,2490.0,10.78,0.3853539156626506,89.0,0.0,0.0
109070,KGP,2735,2800,2640,2665,389350,1056922200,275.0,0.0,0.0,0.0,0.0,0.0
001390,KG케미칼,13250,13600,13000,13000,28959,381863000,18227.0,10.2,0.7137205450704998,1275.0,2.69,350.0
001940,KISCO홀딩스,55700,56600,54300,54300,3338,184714900,177506.0,32.62,0.30602134575732653,1665.0,1.66,900.0
083420,KPX그린케미칼,3720,3820,3705,3740,10309,38468345,5791.0,5.76,0.6457184370143326,649.0,4.28,160.0
025000,KPX케미칼,44250,44600,43600,44000,2406,105886400,77767.0,5.34,0.5660027007760361,8243.0,3.98,1750.0
092230,KPX홀딩스,54200,55600,54200,54300,2019,110446000,127291.0,8.09,0.42684356121014055,6713.0,3.87,2100.0
000040,KR모터스,1100,1150,1060,1115,2390832,2633228195,385.0,0.0,0.0,0.0,0.0,0.0
044450,KSS해운,15800,16850,15650,16350,34787,560218000,15902.0,9.01,1.0281209714186894,1815.0,1.22,200.0
030200,KT,26200,26550,26200,26500,471697,12448696900,39604.0,0.0,0.0,0.0,0.0,0.0
033780,KT&G,108000,108500,105500,106500,309171,32999675500,41012.0,16.23,2.595948289525017,6558.0,3.19,3400.0
030210,KTB투자증권,1920,2050,1900,2015,582615,1159632865,5330.0,0.0,0.0,0.0,0.0,0.0
058850,KTcs,2810,2835,2710,2735,88870,244679020,3357.0,8.19,0.8146038129282097,334.0,4.39,120.0
093050,LF,24200,24550,23900,24300,84977,2060514350,33599.0,8.77,0.7238301363135807,2772.0,2.06,500.0
003550,LG,67500,68000,66700,67200,236757,15956451400,69664.0,13.99,0.964895336902848,4804.0,1.49,1000.0
034220,LG디스플레이,21250,21700,21150,21500,1454419,31193418550,31948.0,8.51,0.6729448537467134,2527.0,2.33,500.0
001120,LG상사,27450,28000,26700,27100,201796,5516655600,36809.0,0.0,0.0,0.0,1.11,300.0
068870,LG생명과학,72300,73100,69900,70400,328477,23397521100,14817.0,0.0,0.0,0.0,0.0,0.0
068875,LG생명과학우,42150,45000,42000,42850,2213,95141300,0.0,0.0,0.0,0.0,0.0,0.0
051900,LG생활건강,974000,976000,930000,931000,64687,61053668000,92417.0,44.66,10.070934595366653,20842.0,0.43,4000.0
051905,LG생활건강우,542000,542000,500000,529000,3807,1980572000,0.0,0.0,0.0,0.0,0.77,4050.0
003555,LG우,46100,46150,45200,45400,1725,78910350,0.0,0.0,0.0,0.0,2.31,1050.0
032640,LG유플러스,9190,9350,9020,9110,1931044,17651164570,9567.0,17.42,0.9524031174871955,523.0,1.65,150.0
011070,LG이노텍,81500,85100,81400,83500,143912,12011489500,71681.0,17.55,1.1654507034639583,4761.0,0.3,250.0
066570,LG전자,52900,54300,51900,53000,803698,42844435600,64808.0,23.95,0.8179278117670657,2213.0,0.75,400.0
066575,LG전자우,28700,29600,28550,28750,23149,673353500,0.0,0.0,0.0,0.0,1.57,450.0
108670,LG하우시스,131500,134500,130500,133000,34863,4638446500,82637.0,20.6,1.6088828248847369,6456.0,1.35,1800.0
108675,LG하우시스우,81400,81400,79200,81400,373,30193500,0.0,0.0,0.0,0.0,2.27,1850.0
051910,LG화학,294500,307500,294000,305500,249775,75399015500,164275.0,25.89,1.8594283594582255,11798.0,1.31,4000.0
051915,LG화학우,225500,236000,225000,228500,18926,4337913000,0.0,0.0,0.0,0.0,1.77,4050.0
079550,LIG넥스원,115500,116500,110500,111500,134272,15151443500,17906.0,44.12,6.229643694850888,2528.0,0.6,670.0
006260,LS,33600,34750,33300,34050,142363,4860252650,74691.0,21.02,0.45581545969393905,1620.0,3.67,1250.0
000680,LS네트웍스,3135,3160,3045,3090,46398,143650660,9761.0,441.5,0.3166171498821842,7.0,0.32,10.0
010120,LS산전,37400,38800,37200,38200,125224,4773586500,33098.0,10.49,1.1545273694785183,3642.0,3.4,1300.0
023150,MH에탄올,7570,7750,7570,7740,19213,147491000,7154.0,0.0,0.0,0.0,2.58,200.0
035420,NAVER,656000,657000,631000,639000,135186,86834450500,54486.0,41.84,11.732315984840142,15277.0,0.12,782.0
181710,NHN엔터테인먼트,47100,48000,46350,46400,199776,9390513250,64963.0,14.28,0.7142493611748226,3249.0,0.0,0.0
005940,NH투자증권,8420,8680,8350,8470,1359543,11594745640,14550.0,21.83,0.5820833333333333,388.0,1.89,160.0
005945,NH투자증권우,5910,5920,5750,5850,10993,63976280,0.0,0.0,0.0,0.0,3.59,210.0
034310,NICE,19000,19350,18700,18800,40277,763475550,11795.0,22.17,1.5940440864773209,848.0,0.59,110.0
008260,NI스틸,2405,2415,2265,2350,204378,475230290,2552.0,12.63,0.9207300646551724,186.0,2.13,50.0
004250,NPC,7500,7630,7480,7540,6211,46725230,4404.0,11.71,1.712498580835604,644.0,0.93,70.0
004255,NPC우,3245,3245,3170,3190,9540,30432195,0.0,0.0,0.0,0.0,2.35,75.0
010060,OCI,61500,62300,60300,60500,190720,11664894600,116845.0,0.0,0.0,0.0,0.33,200.0
005490,POSCO,158500,160500,155500,156000,316484,49923434500,476991.0,20.98,0.32695768892914123,7432.0,5.13,8000.0
100840,S&TC,24850,24850,24100,24500,12304,301396150,29319.0,15.41,0.8354970326409495,1590.0,2.04,500.0
064960,S&T모티브,80900,80900,77800,78100,61772,4855758000,40062.0,17.88,1.9502677100494235,4371.0,1.02,800.0
003570,S&T중공업,12650,12800,12600,12650,24515,310857850,20149.0,148.9,0.6280398530944463,85.0,0.79,100.0
036530,S&T홀딩스,28700,29000,27700,29000,41402,1173485250,35949.0,14.94,0.8065227822748894,1941.0,0.69,200.0
010950,S-Oil,76500,80000,76400,78700,483085,38183665300,42100.0,0.0,0.0,0.0,0.19,150.0
010955,S-Oil우,43250,44500,43250,44250,12357,546407300,0.0,0.0,0.0,0.0,0.4,175.0
034120,SBS,33550,33550,32600,33000,14959,492623200,29596.0,0.0,0.0,0.0,0.0,0.0
101060,SBS미디어홀딩스,3460,3585,3450,3505,142706,501744425,4732.0,29.7,0.7406950021132713,118.0,0.71,25.0
004060,SG세계물산,1175,1210,1150,1155,2175200,2552700020,984.0,0.0,0.0,0.0,0.0,0.0
001380,SG충남방적,2420,2500,2400,2400,48513,118429220,2984.0,0.0,0.0,0.0,0.0,0.0
002360,SH에너지화학,1200,1230,1185,1200,1396440,1687140785,741.0,8.16,1.6180414979757085,147.0,3.75,45.0
009160,SIMPAC,5440,5490,5300,5380,17647,95185700,7518.0,10.15,0.7154391959297686,530.0,1.49,80.0
123700,SJM,6220,6270,6150,6200,7469,46292820,8750.0,6.19,0.7090044642857143,1002.0,3.23,200.0
025530,SJM홀딩스,4930,4965,4835,4965,12244,59750910,8382.0,8.11,0.5920946671438797,612.0,4.03,200.0
034730,SK,219000,227000,218500,219000,147015,32582193500,51709.0,75.75,4.2351089752267495,2891.0,0.91,2000.0
011790,SKC,29700,30150,29300,29700,79675,2372738250,33491.0,15.38,0.8869311438147562,1931.0,1.85,550.0
018670,SK가스,61300,62700,61200,62000,17193,1067178500,134489.0,5.41,0.4612082877131215,11465.0,3.23,2000.0
001740,SK네트웍스,4780,5120,4780,4960,2210451,11014610950,10172.0,39.06,0.48770522021234763,127.0,2.02,100.0
001745,SK네트웍스우,47450,47450,46200,47350,1269,59625100,0.0,0.0,0.0,0.0,0.26,125.0
03473K,SK우,142000,145000,140000,141500,718,101764500,0.0,0.0,0.0,0.0,0.0,0.0
096770,SK이노베이션,127500,134500,127500,132500,390624,51879356500,160065.0,0.0,0.0,0.0,0.0,0.0
096775,SK이노베이션우,68200,71000,68200,70100,13499,948217500,0.0,0.0,0.0,0.0,0.0,0.0
001510,SK증권,972,1020,967,979,5003826,4965394889,1187.0,89.0,0.8247683235046336,11.0,0.0,0.0
001515,SK증권우,1650,1765,1650,1695,21878,37524695,0.0,0.0,0.0,0.0,0.0,0.0
006120,SK케미칼,78000,79200,76100,77500,141602,10927036400,50551.0,0.0,0.0,0.0,0.39,300.0
006125,SK케미칼우,35100,35750,34900,35300,5730,201770350,0.0,0.0,0.0,0.0,0.99,350.0
017670,SK텔레콤,195500,197500,191500,193000,237664,46089078000,179660.0,7.67,1.0741308234999443,25154.0,4.87,9400.0
000660,SK하이닉스,26600,27250,26600,26600,2840628,76359516200,24775.0,4.55,1.0730843213925327,5842.0,1.13,300.0
011810,STX,2980,3155,2980,3095,17254,52878510,3138.0,0.2,0.9947220344616395,15611.0,0.0,0.0
077970,STX엔진,5250,5360,4810,5100,40135,204606560,0.0,0.0,0.0,0.0,0.0,0.0
071970,STX중공업,4460,4730,4460,4700,5639,25982420,0.0,0.0,0.0,0.0,0.0,0.0
002710,TCC동양,1930,1940,1870,1875,26099,49454235,9890.0,0.0,0.0,0.0,2.67,50.0
024070,WISCOM,4675,4675,4510,4580,11073,51069835,7908.0,12.48,0.5790210467248356,367.0,5.46,250.0
037270,YG PLUS,2515,2870,2460,2865,437060,1192896300,1823.0,0.0,0.0,0.0,0.0,0.0
000500,가온전선,18000,18000,17250,17550,4423,77716100,63147.0,0.0,0.0,0.0,3.42,600.0
000860,강남제비스코,33550,35000,33550,34000,10905,373327100,61484.0,5.74,0.5532582663782447,5928.0,1.47,500.0
035250,강원랜드,38600,38600,37050,37050,294744,11042935550,12644.0,20.9,2.9299173521037645,1772.0,2.29,850.0
011420,갤럭시아에스엠,3030,3145,2965,3010,97964,297108485,1183.0,0.0,0.0,0.0,0.0,0.0
008020,경남에너지,9800,9800,9460,9460,61,583860,8095.0,10.33,1.1686920938851142,916.0,1.32,125.0
002100,경농,4960,5000,4850,5000,16017,78289035,7443.0,11.49,0.6716514258363563,435.0,4.4,220.0
012320,경동가스,77400,80700,74300,80000,2483,191872300,159537.0,3.82,0.5015062630455631,20943.0,1.56,1250.0
009450,경동나비엔,27550,27800,27050,27500,20364,555752150,14753.0,37.84,1.864868586050295,727.0,0.36,100.0
000050,경방,198000,199500,188500,197000,2575,505722500,236250.0,47.03,0.8341203703703703,4190.0,0.25,500.0
214390,경보제약,17550,18200,16850,17000,628939,10972653050,3176.0,42.38,5.3502440176322414,401.0,1.76,300.0
012610,경인양행,3380,3380,3240,3250,92809,304614505,4593.0,12.75,0.7078706727629,255.0,1.54,50.0
009140,경인전자,19300,20300,18500,18850,1016,19366400,36589.0,0.0,0.0,0.0,1.86,350.0
013580,계룡건설,8700,9200,8510,8610,13104,113188470,28753.0,0.0,0.0,0.0,0.0,0.0
012200,계양전기,4710,4710,4540,4540,111195,512983715,4498.0,23.77,1.009167268786127,191.0,0.99,45.0
012205,계양전기우,3365,3380,3210,3260,5823,19159305,0.0,0.0,0.0,0.0,1.53,50.0
004200,고려개발,0,0,0,4500,0,0,2846.0,0.0,0.0,0.0,0.0,0.0
002140,고려산업,1795,1805,1740,1745,67879,119149900,3033.0,4.65,0.5747326285855588,375.0,2.58,45.0
010130,고려아연,422500,422500,406500,409000,44202,18229985500,245570.0,14.42,1.6656481604023292,28362.0,1.59,6500.0
002240,고려제강,33350,34500,32950,34150,14075,476089150,92274.0,2.06,0.370467007567137,16590.0,1.02,350.0
009810,고려포리머,1100,1120,1065,1075,182289,198714690,843.0,0.0,0.0,0.0,0.0,0.0
001290,골든브릿지증권,1120,1235,1120,1195,1034348,1232376190,2212.0,0.0,0.0,0.0,0.0,0.0
009290,광동제약,11950,11950,11600,11650,188753,2218427700,5967.0,13.41,1.9524101307189543,869.0,0.69,80.0
017040,광명전기,2075,2165,2075,2080,320087,675244575,1638.0,10.83,1.2692307692307692,192.0,0.0,0.0
017900,광전자,2185,2300,2100,2200,119390,257304870,3833.0,0.0,0.0,0.0,0.0,0.0
037710,광주신세계,254500,254500,242000,248500,1740,427961500,280391.0,9.41,0.8855376287042024,26397.0,0.5,1250.0
192530,광주은행,7320,7340,7050,7220,85395,615570790,22229.0,23.06,0.3247362679382788,313.0,0.0,0.0
140910,광희리츠,4950,5000,4825,4845,6214,30525460,,,,,,
030610,교보증권,7850,8070,7720,7840,100347,794421250,17073.0,9.14,0.45936017395888246,858.0,1.28,100.0
007690,국도화학,54900,56000,54200,55500,14150,784052200,63683.0,15.88,0.8716679441530707,3495.0,1.8,1000.0
005320,국동,8910,9260,8560,8790,36528,317404550,6099.0,4.37,1.4412640648057058,2011.0,0.0,0.0
001140,국보,16400,16400,15700,15950,13207,211033350,21983.0,0.0,0.0,0.0,0.31,50.0
002720,국제약품,4250,4330,4055,4135,198791,837569705,3201.0,0.0,0.0,0.0,0.24,10.0
014530,극동유화,34800,36400,34800,35700,10512,370016550,34319.0,13.39,1.0406129804190098,2667.0,1.96,700.0
014280,금강공업,32250,33450,31200,32500,12329,401613250,45639.0,7.8,0.7117257855123907,4164.0,1.23,400.0
014285,금강공업우,29900,29900,28550,29550,262,7611350,0.0,0.0,0.0,0.0,1.52,450.0
008870,금비,56000,56700,53800,54500,761,41360500,79035.0,56.12,0.6895346998165369,971.0,1.83,1000.0
001570,금양,1755,1780,1700,1710,366113,632246050,1110.0,0.0,0.0,0.0,3.51,60.0
002990,금호산업,10150,10950,10000,10400,321455,3351002900,8770.0,3.11,1.1845406927023945,3341.0,0.0,0.0
002995,금호산업우,18200,21250,17400,18850,7837,152651100,0.0,0.0,0.0,0.0,0.0,0.0
011780,금호석유,46800,49900,46800,48300,124478,6062052400,46561.0,13.58,1.0372928121174374,3557.0,3.11,1500.0
011785,금호석유우,32500,32550,31100,32500,7045,223912800,0.0,0.0,0.0,0.0,4.77,1550.0
214330,금호에이치티,10100,10100,9750,10050,96461,950782420,6728.0,7.04,1.494022183412604,1428.0,0.75,75.0
001210,금호전기,12550,12600,12100,12550,5993,74305700,24735.0,0.0,0.0,0.0,0.0,0.0
073240,금호타이어,6250,6610,6250,6350,443945,2840215770,7652.0,7.38,0.8293072889440669,860.0,0.0,0.0
092440,기신정기,6000,6000,5900,5940,12077,71446360,500.0,9.6,11.886734375,619.0,1.68,100.0
000270,기아차,47150,47800,46550,46650,1042988,49205353200,55466.0,6.31,0.8408652795180831,7393.0,2.14,1000.0
024110,기업은행,10650,10950,10600,10750,1673607,18096485900,23898.0,6.99,0.4500361889593271,1539.0,4.0,430.0
013700,까뮤이앤씨,11600,11700,11200,11700,7684,88513100,7906.0,23.12,1.480046799898811,506.0,1.28,150.0
004540,깨끗한나라,5840,5940,5650,5650,289816,1666142820,5515.0,61.4,1.0243653671804172,92.0,0.0,0.0
004545,깨끗한나라우,17750,18250,17700,18150,5741,103202500,0.0,0.0,0.0,0.0,0.0,0.0
007460,나라케이아이씨,2700,2760,2655,2675,23749,63920620,1570.0,2.24,1.7022927448248408,1193.0,0.0,0.0
001260,남광토건,0,0,0,4330,0,0,0.0,0.0,0.0,0.0,0.0,0.0
008350,남선알미늄,1010,1035,1000,1005,959252,976214750,792.0,6.32,1.268850615530303,159.0,0.0,0.0
008355,남선알미우,9000,9140,8680,8830,4462,39288820,0.0,0.0,0.0,0.0,0.0,0.0
004270,남성,1880,1930,1880,1925,10772,20481285,2019.0,0.0,0.0,0.0,1.3,25.0
003920,남양유업,740000,743000,712000,728000,917,671269000,929253.0,0.0,0.0,0.0,0.14,1000.0
003925,남양유업우,264000,270000,264000,270000,40,10685000,0.0,0.0,0.0,0.0,0.39,1050.0
002070,남영비비안,10000,10300,9790,9990,2078,20497890,20193.0,370.0,0.4947258951121676,27.0,2.0,200.0
025860,남해화학,10050,10100,9880,9930,225614,2249632180,7412.0,26.2,1.3398521822719913,379.0,0.6,60.0
005720,넥센,70300,71500,68700,71300,3172,221685700,120697.0,4.65,0.5901775209822945,15324.0,0.77,550.0
005725,넥센우,38100,38100,38000,38000,98,3726150,0.0,0.0,0.0,0.0,1.58,600.0
002350,넥센타이어,10700,11050,10700,10950,170607,1869931450,9017.0,8.6,1.214349457968282,1273.0,0.68,75.0
002355,넥센타이어1우B,4400,4520,4400,4520,310,1380045,0.0,0.0,0.0,0.0,1.77,80.0
110570,넥솔론,772,955,771,857,18808899,16480697245,0.0,0.0,0.0,0.0,0.0,0.0
090350,노루페인트,11100,11500,10850,10900,276333,3084158900,11790.0,14.53,0.9243797709923665,750.0,1.83,200.0
090355,노루페인트우,9200,9410,9200,9230,219,2028880,0.0,0.0,0.0,0.0,2.22,205.0
000320,노루홀딩스,21400,22150,21400,22100,3251,71431350,20859.0,9.68,1.0594336527398245,2283.0,1.81,400.0
000327,노루홀딩스2우B,22750,22750,21400,21600,1904,41889450,0.0,0.0,0.0,0.0,1.88,405.0
000325,노루홀딩스우,19050,19450,18500,18700,715,13593900,0.0,0.0,0.0,0.0,2.17,405.0
006280,녹십자,224000,227500,217500,220000,76904,17064460000,76384.0,30.3,2.8795992943548385,7260.0,0.57,1250.0
005250,녹십자홀딩스,47450,48350,45800,46450,88585,4161813350,14224.0,36.88,3.2638937710911136,1259.0,0.65,300.0
005255,녹십자홀딩스1우,28200,28850,27050,28000,480,13220500,0.0,0.0,0.0,0.0,1.09,305.0
005257,녹십자홀딩스2우,27650,27750,27000,27500,293,7968850,0.0,0.0,0.0,0.0,1.09,300.0
004370,농심,509000,534000,500000,534000,37349,19245016000,252302.0,47.5,2.116303081228052,11241.0,0.75,4000.0
072710,농심홀딩스,173000,179500,171500,175500,23476,4093755000,159349.0,31.73,1.1013002513351198,5530.0,1.14,2000.0
023590,다우기술,18550,19350,18300,18900,245106,4632875650,16941.0,18.23,1.116170643704622,1037.0,0.69,130.0
020120,다우인큐브,3905,3905,3775,3830,61575,234360050,1292.0,16.38,2.965750773993808,234.0,0.78,30.0
015590,대경기계,1115,1160,1100,1125,159293,178960315,1306.0,225.0,0.8614088820826953,5.0,0.0,0.0
019680,대교,8450,8510,8300,8490,43561,368235840,6040.0,19.12,1.4058774834437087,444.0,2.71,230.0
019685,대교우B,5210,5210,5120,5170,4774,24583000,0.0,0.0,0.0,0.0,4.64,240.0
006370,대구백화점,13900,14100,13700,13900,4357,60373350,47247.0,40.75,0.2941086206531632,341.0,4.32,600.0
004130,대덕GDS,8930,9010,8730,8800,147020,1296307420,19252.0,8.59,0.4570953667151465,1024.0,3.41,300.0
004135,대덕GDS우,6430,6810,6400,6540,2006,12877480,0.0,0.0,0.0,0.0,4.66,305.0
008060,대덕전자,7540,7600,7450,7600,131011,989527030,8976.0,10.48,0.8462018507687166,725.0,3.95,300.0
000490,대동공업,8710,8880,8670,8770,30960,270645650,9488.0,37.0,0.9242200674536256,237.0,0.68,60.0
008110,대동전자,5300,5490,5300,5480,5117,27810250,14592.0,0.0,0.0,0.0,6.39,350.0
005750,대림B&Co,13550,13900,12950,13350,301007,4068129600,9215.0,61.8,1.4488876831253392,216.0,0.75,100.0
000210,대림산업,65200,68100,65200,67300,202595,13633215900,109537.0,0.0,0.0,0.0,0.15,100.0
000215,대림산업우,23800,24550,23500,24400,3481,84133300,0.0,0.0,0.0,0.0,0.61,150.0
006570,대림통상,4700,5000,4700,4750,65765,313772560,8292.0,0.0,0.0,0.0,3.16,150.0
001680,대상,37500,37500,36300,37000,193159,7134934650,21042.0,14.44,1.7578592814371257,2562.0,0.81,300.0
001689,대상3우B,33250,34050,33250,33450,844,28284350,0.0,0.0,0.0,0.0,0.93,310.0
001685,대상우,15600,15600,15200,15350,9805,150039650,0.0,0.0,0.0,0.0,2.02,310.0
084690,대상홀딩스,17250,17550,16850,17050,33928,581306250,12335.0,17.02,1.3822177746250506,1002.0,1.0,170.0
084695,대상홀딩스우,9520,9690,9500,9660,1137,10858270,0.0,0.0,0.0,0.0,1.86,180.0
128820,대성산업,2700,2870,2610,2855,43300,118227315,2760.0,0.0,0.0,0.0,0.0,0.0
117580,대성에너지,5780,5800,5700,5710,47199,270748120,10137.0,12.39,0.5634880265364506,461.0,4.38,250.0
005620,대성합동지주,22500,23100,22000,22500,1812,40743200,154476.0,0.0,0.0,0.0,0.0,0.0
016710,대성홀딩스,9080,9270,8960,9100,19857,180071690,22836.0,8.24,0.3984662375197057,1104.0,2.75,250.0
003540,대신증권,10100,10650,10050,10300,183429,1910007250,18932.0,17.94,0.5438477181491654,574.0,2.43,250.0
003547,대신증권2우B,6420,6420,6280,6390,12175,77151140,0.0,0.0,0.0,0.0,3.91,250.0
003545,대신증권우,6810,6850,6740,6820,25325,171807430,0.0,0.0,0.0,0.0,4.4,300.0
009190,대양금속,2590,2695,2505,2590,72874,188076595,390.0,0.0,0.0,0.0,0.0,0.0
014160,대영포장,1000,1025,998,1010,1353597,1367384638,1323.0,15.78,0.763416477702192,64.0,0.0,0.0
047040,대우건설,5110,5270,5100,5190,497294,2576297640,6327.0,20.34,0.8199235419630156,255.0,0.0,0.0
009320,대우부품,1315,1425,1285,1390,1651374,2267315695,641.0,154.5,2.1692667706708266,9.0,0.0,0.0
047050,대우인터내셔널,12100,12650,11850,12200,877238,10854518500,20887.0,7.53,0.5841252932446019,1620.0,4.1,500.0
042660,대우조선해양,4410,4645,4405,4510,1016467,4595680305,25985.0,7.61,0.17365246776986723,593.0,3.33,150.0
006800,대우증권,7380,7650,7230,7400,2892060,21610954720,12228.0,11.6,0.6053154133954858,638.0,3.38,250.0
006805,대우증권우,4850,4980,4775,4900,33883,165897955,0.0,0.0,0.0,0.0,5.61,275.0
003090,대웅,57800,59300,57000,57800,7292,423218200,37011.0,20.69,1.5617215152252033,2794.0,0.87,500.0
069620,대웅제약,84100,86100,81100,83100,189329,15875042900,38241.0,27.19,2.1726680787636306,3056.0,0.84,700.0
000430,대원강업,4610,4645,4575,4615,2392,11008950,6698.0,23.08,0.6891049567034936,200.0,2.6,120.0
006340,대원전선,2000,2115,2000,2040,1370221,2821193705,1063.0,102.0,1.9190968955785512,20.0,0.0,0.0
006345,대원전선우,3475,3530,3405,3405,18134,63112010,0.0,0.0,0.0,0.0,0.0,0.0
003220,대원제약,17600,18000,17300,17550,75417,1329978150,7801.0,18.97,2.249210838354057,925.0,0.81,143.0
024890,대원화성,2815,2910,2705,2765,159925,440653890,1251.0,15.19,2.2095323741007196,182.0,0.0,0.0
000300,대유신소재,1025,1065,1015,1040,339188,353696965,1113.0,0.0,0.0,0.0,0.0,0.0
002880,대유에이텍,1795,1870,1765,1840,671949,1232027410,1173.0,14.84,1.569160272804774,124.0,2.72,50.0
012800,대창,925,925,882,907,773425,699895710,1732.0,0.0,0.0,0.0,0.0,0.0
015230,대창단조,40200,41000,38650,40600,3628,145688200,65771.0,4.38,0.6175116003823874,9275.0,4.93,2000.0
001070,대한방직,56300,56300,54600,55900,2002,110556300,161631.0,0.0,0.0,0.0,0.0,0.0
006650,대한유화,154500,160500,151500,157000,54724,8550804000,128637.0,15.22,1.2206990407114593,10318.0,0.96,1500.0
001440,대한전선,2710,2800,2315,2400,2925192,7524564665,299.0,0.0,0.0,0.0,0.0,0.0
084010,대한제강,7670,7670,7050,7600,70283,523698030,15114.0,0.0,0.0,0.0,1.32,100.0
001790,대한제당,22300,22350,21800,22000,13029,287066250,46511.0,28.95,0.4731004493560663,760.0,2.5,550.0
001799,대한제당3우B,19150,19650,19000,19000,1278,24357350,0.0,0.0,0.0,0.0,3.03,575.0
001795,대한제당우,11400,11700,11400,11550,161,1853600,0.0,0.0,0.0,0.0,4.98,575.0
001130,대한제분,173500,174500,171500,174000,831,144117500,368193.0,7.95,0.47249310101970976,21885.0,1.44,2500.0
003490,대한항공,23300,23900,22850,23200,619296,14480008200,33223.0,0.0,0.0,0.0,0.0,0.0
003495,대한항공우,10750,11150,10700,10800,721,7883600,0.0,0.0,0.0,0.0,0.0,0.0
005880,대한해운,16850,17700,16400,16800,173169,2948326350,20199.0,5.68,0.8317498700430714,2958.0,0.0,0.0
003830,대한화섬,97500,99400,95700,98500,446,43621900,310949.0,0.0,0.0,0.0,0.0,0.0
016090,대현,3040,3115,2945,2995,660544,1999678730,2425.0,28.25,1.2348453608247423,106.0,0.57,17.0
069460,대호에이엘,1195,1235,1175,1220,101718,122905760,942.0,0.0,0.0,0.0,0.0,0.0
012510,더존비즈온,17600,18700,17300,18150,206297,3752325600,3947.0,46.66,4.59824708639473,389.0,1.1,200.0
004830,덕성,8750,8830,8260,8310,208687,1769102610,3671.0,173.1,2.2636883682920184,48.0,0.54,45.0
004835,덕성우,3485,3590,3400,3445,10910,37685450,0.0,0.0,0.0,0.0,1.45,50.0
024900,덕양산업,2100,2190,1680,1685,1967195,3630292055,1867.0,16.36,0.9025257766470273,103.0,2.37,40.0
008000,도레이케미칼,18600,18700,18600,18600,277,5165750,6426.0,0.0,0.0,0.0,0.0,0.0
002150,도화엔지니어링,4270,4270,4010,4025,24825,101838265,6343.0,43.75,0.634557780230175,92.0,2.48,100.0
001620,동국실업,2220,2290,2215,2250,96329,216144325,6223.0,0.0,0.0,0.0,0.0,0.0
001230,동국제강,4885,5000,4770,4865,266007,1300737870,24728.0,0.0,0.0,0.0,0.0,0.0
023450,동남합성,39550,40000,39550,39650,418,16572750,39321.0,17.33,1.008284377304748,2288.0,0.5,200.0
004140,동방,2145,2165,2050,2055,130217,272636790,4608.0,0.0,0.0,0.0,0.49,10.0
007590,동방아그로,6310,6440,6250,6270,7020,44346270,8779.0,9.6,0.7141838834149675,653.0,3.19,200.0
012030,동부,4105,4385,4105,4200,8795,36834465,6053.0,0.0,0.0,0.0,0.0,0.0
005960,동부건설,14600,16000,13750,14300,218771,3243100250,4570.0,0.0,0.0,0.0,0.0,0.0
005965,동부건설우,21150,24850,20150,21100,160415,3589506950,0.0,0.0,0.0,0.0,0.0,0.0
016380,동부제철,4250,4250,4100,4130,32518,134722175,3257.0,0.0,0.0,0.0,0.0,0.0
016385,동부제철우,6780,6900,6490,6790,8205,54528120,0.0,0.0,0.0,0.0,0.0,0.0
016610,동부증권,3290,3410,3285,3355,38815,129522940,14396.0,9.29,0.23293634082383996,361.0,2.98,100.0
000990,동부하이텍,13100,13500,12650,13150,451790,5985462850,2712.0,0.0,0.0,0.0,0.0,0.0
000995,동부하이텍1우,33350,33600,32500,32950,409,13503800,0.0,0.0,0.0,0.0,0.0,0.0
005830,동부화재,65600,65600,62600,63900,213105,13571528000,48781.0,9.58,1.309258471536049,6668.0,2.27,1450.0
083350,동북아10호,0,0,0,3925,0,0,,,,,,
083360,동북아11호,3930,3930,3870,3870,7,27235,,,,,,
083370,동북아12호,0,0,0,3800,0,0,,,,,,
083380,동북아13호,3750,3790,3715,3715,90,335060,,,,,,
083390,동북아14호,3785,3785,3785,3785,4,15140,,,,,,
002210,동성제약,5590,5650,5430,5450,181134,1001615830,2555.0,0.0,0.0,0.0,0.0,0.0
102260,동성코퍼레이션,6260,6300,6130,6150,67140,417402820,5603.0,30.3,1.0976736792789576,203.0,2.76,170.0
005190,동성화학,28700,29500,27700,28800,74309,2140995050,15220.0,70.06,1.8919636990801576,411.0,0.87,250.0
000640,동아쏘시오홀딩스,190500,198500,185000,196500,48658,9506466500,104036.0,495.0,1.8889134530354876,397.0,0.51,1000.0
058730,동아에스텍,4495,4930,4400,4675,158096,735901360,6041.0,9.17,0.7743182006290349,510.0,2.14,100.0
170900,동아에스티,161500,163000,157000,159000,84629,13484906000,63370.0,32.03,2.510133935616222,4966.0,0.47,750.0
008040,동아원,2480,2785,2305,2750,14058302,36474435685,1069.0,0.0,0.0,0.0,0.0,0.0
028100,동아지질,7200,7270,7060,7160,13740,98311170,11805.0,18.98,0.6062777954256671,377.0,2.44,175.0
007340,동아타이어,21550,21950,20400,21900,32168,678417200,27036.0,9.98,0.8096086005696109,2194.0,0.68,150.0
001520,동양,2580,2600,2520,2550,689839,1757486105,1581.0,0.75,1.6176470588235294,3410.0,0.0,0.0
001527,동양2우B,15000,16300,15000,15900,680,10539050,0.0,0.0,0.0,0.0,0.0,0.0
001529,동양3우B,29700,30300,28300,29450,589,17057400,0.0,0.0,0.0,0.0,0.0,0.0
084670,동양고속,33500,34600,33500,34000,945,32001250,46586.0,7.69,0.7295823684959001,4419.0,3.68,1250.0
030790,동양네트웍스,1360,1445,1310,1440,1215788,1693031950,951.0,0.31,1.533013152273922,4702.0,0.0,0.0
002900,동양물산,11600,11600,11200,11350,34132,387141400,19706.0,0.0,0.0,0.0,0.88,100.0
082640,동양생명,9920,10100,9840,10100,231151,2303181710,16467.0,6.34,0.6129247130624886,1592.0,5.45,550.0
001525,동양우,15800,15800,14550,15500,1246,18570900,0.0,0.0,0.0,0.0,0.0,0.0
008970,동양철관,1140,1175,1125,1145,864549,995799255,1062.0,0.0,0.0,0.0,0.0,0.0
003580,동원,5100,5190,5070,5150,5202,26587020,5489.0,0.0,0.0,0.0,0.0,0.0
049770,동원F&B,367000,376000,359000,369500,3624,1340187500,123964.0,24.1,2.9803294706527703,15334.0,0.81,3000.0
018500,동원금속,2520,2540,2460,2485,73859,183958125,1839.0,43.6,1.3511929037520392,57.0,4.02,100.0
006040,동원산업,248000,256500,239000,254500,5335,1315486500,205268.0,14.11,1.239591503546583,18034.0,0.79,2000.0
030720,동원수산,8440,8600,8260,8400,37974,318912760,8395.0,0.0,0.0,0.0,0.0,0.0
014820,동원시스템즈,81200,82800,77900,79400,42298,3345628900,7210.0,863.0,11.011927877947295,92.0,0.31,250.0
014825,동원시스템즈우,33200,34850,32400,33150,952,31820850,0.0,0.0,0.0,0.0,0.9,300.0
163560,동일고무벨트,9670,9900,9640,9640,11583,112900040,12065.0,5.93,0.7986524813510153,1625.0,0.62,60.0
001530,동일방직,60100,60400,58800,60400,704,42206600,230674.0,0.0,0.0,0.0,0.83,500.0
004890,동일산업,52300,52400,49200,50100,3117,155888150,130247.0,10.21,0.384535908216696,4905.0,2.0,1000.0
002690,동일제강,3260,3285,3215,3240,39304,128037725,11038.0,5.13,0.29366449990940385,632.0,0.0,0.0
019300,동일제지,3495,3500,3495,3500,32124,112425280,5613.0,19.77,0.6232880144307856,177.0,0.86,30.0
000020,동화약품,8790,9010,8630,8720,492932,4350584230,8225.0,49.28,1.0605205167173253,177.0,0.92,80.0
000150,두산,70300,82900,69600,72700,529187,40185024100,108349.0,23.23,0.6709832058902251,3129.0,5.5,4000.0
000157,두산2우B,48900,54600,48250,50900,6977,360051100,0.0,0.0,0.0,0.0,7.86,4000.0
011160,두산건설,4045,4895,3950,4145,227795,1016115520,25190.0,0.0,0.0,0.0,2.41,100.0
082740,두산엔진,2495,3250,2475,2635,4679809,11831315380,10082.0,0.0,0.0,0.0,0.0,0.0
000155,두산우,49500,54000,49500,50800,8774,458224100,0.0,0.0,0.0,0.0,7.97,4050.0
042670,두산인프라코어,3410,4430,3410,3800,31773809,129518784655,13493.0,18.81,0.28163677462387904,202.0,0.0,0.0
034020,두산중공업,14400,17800,14250,15150,5016029,80331217450,39036.0,0.0,0.0,0.0,4.95,750.0
024090,디씨엠,9250,9280,8990,9110,20052,181937080,11213.0,227.8,0.8124498350129314,40.0,2.2,200.0
003160,디아이,5890,6180,5800,5940,830607,4963555520,3609.0,56.56,1.645625519534497,105.0,1.26,75.0
092200,디아이씨,7240,7400,7000,7320,58869,427253510,6429.0,1220.0,1.1385907606159589,6.0,0.0,0.0
013570,디와이,5690,5800,5600,5600,75870,430223450,13805.0,3.16,0.40540649900398407,1771.0,4.21,236.0
210540,디와이파워,5410,5620,5240,5240,87083,467088930,8152.0,0.0,0.0,0.0,0.0,0.0
026890,디피씨,4100,4275,4065,4115,74471,307283725,2710.0,17.44,1.5185424354243542,236.0,1.22,50.0
115390,락앤락,12400,12550,12050,12100,287702,3517779550,11460.0,43.7,1.0559718586387434,277.0,1.24,150.0
032350,롯데관광개발,12200,12200,11700,11850,3519,41794950,4610.0,382.2,2.5704446854663776,31.0,0.0,0.0
000400,롯데손해보험,2600,2680,2600,2640,365893,964499705,3876.0,80.0,0.6811145510835913,33.0,0.0,0.0
023530,롯데쇼핑,217500,225000,217000,219000,49846,11019622500,531131.0,12.52,0.41251129958993166,17495.0,0.91,2000.0
004990,롯데제과,2182000,2278000,2181000,2258000,1605,3607229000,1746767.0,0.0,0.0,0.0,0.23,5200.0
005300,롯데칠성,2314000,2337000,2309000,2327000,1614,3754927000,1675276.0,169.2,1.3892378032037707,13751.0,0.21,4900.0
005305,롯데칠성우,920000,920000,904000,919000,28,25529000,0.0,0.0,0.0,0.0,0.54,4950.0
011170,롯데케미칼,245500,253500,242000,252500,116779,29187226500,187805.0,57.94,1.344743550491201,4359.0,0.4,1000.0
002270,롯데푸드,976000,976000,933000,972000,4900,4669820000,607536.0,22.23,1.60015797932139,43723.0,0.26,2500.0
071840,롯데하이마트,55500,56000,54800,55800,39133,2174444400,71381.0,13.66,0.7815214307728947,4085.0,0.59,330.0
027740,마니커,1135,1140,1080,1105,3143484,3457659875,1000.0,0.0,0.0,0.0,0.0,0.0
204320,만도,159500,163500,157000,160000,41124,6626179000,112636.0,0.0,0.0,0.0,1.25,2000.0
001080,만호제강,16400,17100,16400,16950,850,14287850,54084.0,7.57,0.3132601023408032,2238.0,5.9,1000.0
088980,맥쿼리인프라,8030,8050,8010,8030,200649,1610902990,,,,,,
094800,맵스리얼티1,3050,3080,3035,3080,29550,90179245,,,,,,
138040,메리츠금융지주,11200,11500,10850,11500,345749,3895197950,9543.0,11.84,1.205101252226763,971.0,0.74,85.0
008560,메리츠종금증권,3120,3150,3000,3070,4748114,14671816070,2640.0,7.06,1.1630637428977273,435.0,4.72,145.0
000060,메리츠화재,13900,14350,13550,14300,238694,3333273000,13190.0,12.64,1.0838928639120546,1131.0,2.66,380.0
017180,명문제약,3460,3535,3270,3300,731745,2467723305,3812.0,76.75,0.8657528856243442,43.0,0.55,18.0
012690,모나리자,3895,3935,3815,3850,217729,841461000,1645.0,24.84,2.3409004559270516,155.0,0.0,0.0
005360,모나미,3820,3935,3775,3910,215278,832063190,3517.0,21.02,1.1114319732726756,186.0,1.15,45.0
009680,모토닉,9980,10050,9750,9930,14892,147909040,11374.0,13.36,0.8726934785475646,743.0,2.52,250.0
009580,무림P&P,4240,4325,4170,4195,258696,1097966700,8769.0,0.0,0.0,0.0,4.17,175.0
009200,무림페이퍼,2835,2880,2765,2810,24622,69724255,8920.0,0.0,0.0,0.0,0.0,0.0
033920,무학,31500,31900,29900,30950,205597,6253052900,14884.0,10.28,2.0791831832840635,3010.0,0.0,0.0
008420,문배철강,2640,2700,2525,2525,141918,369110870,4073.0,17.9,0.6198824576479254,141.0,1.98,50.0
025560,미래산업,409,433,407,417,18406965,7677655396,85.0,0.0,0.0,0.0,0.0,0.0
007120,미래아이앤지,2580,2710,2580,2690,1476490,3936673230,707.0,0.0,0.0,0.0,0.0,0.0
085620,미래에셋생명,4415,4480,4350,4370,450801,1979102615,11232.0,3.8,0.38914694066061256,1150.0,2.29,100.0
037620,미래에셋증권,19000,19200,18200,18400,1096046,20563891500,36961.0,6.33,0.4977100017586104,2907.0,0.54,100.0
002840,미원상사,179500,179500,179500,179500,2,359000,143724.0,15.85,1.248943069703042,11324.0,0.0,0.0
107590,미원에스씨,299000,305500,296500,303000,71,21281000,238029.0,8.34,1.2738442584727072,36340.0,0.83,2500.0
134380,미원화학,43500,43750,43250,43300,413,17897850,29715.0,11.32,1.4575640459363957,3826.0,0.92,400.0
003650,미창석유,76000,76400,75100,75900,670,50873600,111679.0,8.18,0.6792541290215708,9274.0,2.37,1800.0
155900,바다로19호,2250,2910,2250,2420,53912,147523205,,,,,,
092630,바다로3호,2440,2850,2435,2600,127818,337399560,,,,,,
003610,방림,23700,24950,23100,24000,7746,183520400,40893.0,28.98,0.5868745873376862,828.0,1.04,250.0
001340,백광산업,1810,1890,1770,1885,51817,95436595,3677.0,0.0,0.0,0.0,0.0,0.0
014580,백광소재,2315,2330,2270,2300,49432,113496260,4149.0,13.86,0.5545086165341045,166.0,4.35,100.0
035150,백산,4980,5100,4900,4930,25042,125614085,3802.0,0.0,0.0,0.0,1.22,60.0
002410,범양건영,12450,12750,12400,12500,17499,219310600,4684.0,0.0,0.0,0.0,0.0,0.0
084870,베이직하우스,8520,8720,8500,8540,93938,806644100,11967.0,8.63,0.7141710015041364,990.0,0.0,0.0
096300,베트남개발1,518,527,518,524,597575,312446959,,,,,,
007210,벽산,8550,8830,8450,8590,260719,2254717000,2770.0,26.03,3.1011958483754514,330.0,0.79,68.0
002760,보락,3800,3800,3530,3700,19839,73201825,3434.0,21.27,1.0775243884682586,174.0,1.89,70.0
003850,보령제약,64800,65300,63200,64700,45139,2903631000,22070.0,24.44,2.9309498187584957,2647.0,0.31,200.0
004740,보루네오,0,0,0,1615,0,0,855.0,0.0,0.0,0.0,0.0,0.0
000890,보해양조,1885,1920,1820,1825,2479349,4606667580,965.0,24.66,1.8907383419689119,74.0,0.0,0.0
003000,부광약품,43100,43200,34900,34900,6342780,238856438150,6165.0,47.34,5.659747566909975,737.0,1.43,500.0
001270,부국증권,14900,15600,14800,14850,2063,30941550,29700.0,8.29,0.49985558712121214,1791.0,6.73,1000.0
001275,부국증권우,15000,15500,14800,14800,1184,17780550,0.0,0.0,0.0,0.0,7.09,1050.0
026940,부국철강,2500,2550,2485,2510,26146,65805815,5365.0,16.3,0.467794734389562,154.0,2.99,75.0
015350,부산가스,31900,32500,30900,32350,10183,320587350,41784.0,9.23,0.774179784726211,3506.0,1.55,500.0
011390,부산산업,28250,28850,28000,28500,5102,144670550,35432.0,10.4,0.8041239204673741,2740.0,0.88,250.0
005030,부산주공,1400,1450,1365,1435,95165,134407935,3060.0,20.2,0.46876531862745097,71.0,1.05,15.0
100220,비상교육,7830,7830,7510,7750,8070,62211430,12014.0,8.81,0.6454969202596971,880.0,1.68,130.0
005180,빙그레,71500,71800,70800,71800,20082,1434717800,49132.0,16.77,1.4611741075063096,4282.0,1.74,1250.0
003960,사조대림,18000,18400,17300,17300,27388,484881500,24345.0,16.52,0.7109622098993633,1048.0,1.16,200.0
007160,사조산업,61700,63300,60800,62700,33932,2101719600,56890.0,13.63,1.1025588031727895,4601.0,0.0,0.0
014710,사조씨푸드,6290,6470,6120,6440,44353,280781940,9650.0,11.9,0.667052299222798,541.0,0.0,0.0
006090,사조오양,17050,17100,16000,16400,138725,2287164600,16952.0,0.0,0.0,0.0,0.0,0.0
079660,사조해표,17200,17200,16600,16800,18307,308695700,15515.0,10.58,1.082698195294876,1588.0,0.0,0.0
005090,삼광글라스,88700,88800,86100,86700,5735,498821400,53301.0,19.36,1.6264475572690944,4478.0,0.87,750.0
005610,삼립식품,316000,319500,310000,319500,17510,5517434500,25936.0,80.25,12.314736273904996,3980.0,0.24,762.0
001470,삼부토건,2865,3285,2700,3285,591369,1844025285,56745.0,0.0,0.0,0.0,0.0,0.0
006400,삼성SDI,101000,101500,99700,100500,215519,21697886300,164621.0,0.0,0.0,0.0,1.0,1000.0
006405,삼성SDI우,62600,64600,62600,62900,2569,164098600,0.0,0.0,0.0,0.0,1.67,1050.0
006660,삼성공조,9510,9700,9510,9700,1406,13489930,22478.0,7.54,0.4313210416852033,1286.0,0.82,80.0
028260,삼성물산,148500,150500,147000,149000,508803,75797059500,39134.0,34.78,3.8075043440486533,4284.0,0.0,0.0
02826K,삼성물산우B,113000,114000,109000,114000,2124,239220000,0.0,0.0,0.0,0.0,0.0,0.0
032830,삼성생명,100000,101500,97800,98400,413180,40835479600,111025.0,13.93,0.8860297511821662,7062.0,1.83,1800.0
018260,삼성에스디에스,251000,253000,247000,249500,64933,16249972500,53145.0,46.75,4.695672217518111,5338.0,0.2,500.0
028050,삼성엔지니어링,12600,12850,12300,12650,670992,8472368600,14847.0,13.65,0.8521655258638109,927.0,0.0,0.0
009150,삼성전기,52500,54400,52000,53400,358749,19143914500,58677.0,8.24,0.9103672169248598,6481.0,1.4,750.0
009155,삼성전기우,29650,31250,29650,31100,6924,209555300,0.0,0.0,0.0,0.0,2.57,800.0
005930,삼성전자,1133000,1155000,1125000,1131000,190352,217067654000,953266.0,7.39,1.1870156290321905,153105.0,1.77,20000.0
005935,삼성전자우,965000,988000,957000,957000,36365,35157220000,0.0,0.0,0.0,0.0,2.1,20050.0
004000,삼성정밀화학,38050,39450,38050,38500,86081,3354455750,45995.0,16.03,0.8372010544624415,2402.0,0.78,300.0
001360,삼성제약,8890,9010,8610,8720,225541,1981589630,1019.0,0.0,0.0,0.0,0.0,0.0
010140,삼성중공업,9200,9610,9100,9310,1484073,13927764490,23973.0,13.43,0.3882189729070204,693.0,2.69,250.0
010145,삼성중공우,36050,36400,34700,34700,3192,112031700,0.0,0.0,0.0,0.0,0.86,300.0
016360,삼성증권,34750,35350,34250,34400,430476,14996348200,44832.0,11.13,0.7673177780380086,3090.0,1.89,650.0
068290,삼성출판사,12800,12850,12400,12500,61799,778365050,7735.0,27.6,1.616026987718164,453.0,0.8,100.0
029780,삼성카드,29350,29450,28800,29400,74652,2180720850,55156.0,5.17,0.5330718212887083,5685.0,3.4,1000.0
000810,삼성화재,293000,293000,281500,282500,119730,33988403500,188371.0,15.04,1.4998265557065578,18786.0,1.59,4500.0
000815,삼성화재우,181500,185000,179500,179500,2626,476131500,0.0,0.0,0.0,0.0,2.51,4505.0
006110,삼아알미늄,3065,3090,3030,3050,4898,14955820,9886.0,38.12,0.3085170948816508,80.0,2.46,75.0
145990,삼양사,120000,123500,110500,110500,133718,15415552000,91316.0,18.1,1.210463869968023,6109.0,1.36,1500.0
145995,삼양사우,52000,52000,50500,50500,688,35240300,0.0,0.0,0.0,0.0,3.07,1550.0
003230,삼양식품,25600,26350,25400,25550,38636,998298350,21780.0,47.4,1.1731849747474747,539.0,0.39,100.0
002170,삼양통상,43100,44000,42400,42850,8623,371663000,74181.0,12.58,0.5773515539693452,3405.0,1.75,750.0
000070,삼양홀딩스,161500,164000,155000,160500,25705,4111445000,148290.0,490.8,1.0821717580416752,327.0,0.93,1500.0
000075,삼양홀딩스우,70800,71600,69000,71600,692,48191800,0.0,0.0,0.0,0.0,2.16,1550.0
002810,삼영무역,20950,21350,20200,20900,20312,423586150,14855.0,15.57,1.4066212975429149,1342.0,0.96,200.0
005680,삼영전자,11000,11100,10850,11100,22608,248331400,22646.0,12.0,0.4901527863640378,925.0,1.8,200.0
003720,삼영화학,1460,1500,1460,1460,106331,157226335,2932.0,0.0,0.0,0.0,0.0,0.0
023000,삼원강재,3255,3340,3255,3310,20021,65783600,4238.0,9.12,0.7809200241859368,363.0,3.63,120.0
004380,삼익THK,8910,8970,8900,8920,40288,360211340,6624.0,10.47,1.3465240036231885,852.0,3.36,300.0
002450,삼익악기,2965,3020,2915,2935,670369,1983660025,2525.0,22.94,1.1627722772277227,128.0,1.7,50.0
000520,삼일제약,7930,8090,7810,7900,10550,84106510,10075.0,0.0,0.0,0.0,2.53,200.0
009770,삼정펄프,34500,35300,34500,35200,1802,63196150,62556.0,13.4,0.5624447994596842,2626.0,2.84,1000.0
005500,삼진제약,26400,26750,25450,25650,119191,3065815250,9068.0,15.41,2.827084252315836,1664.0,1.95,500.0
004690,삼천리,88000,88100,87000,87500,5760,504569500,290704.0,18.9,0.3011170726924982,4630.0,2.29,2000.0
001880,삼호,14600,15050,14450,14950,5587,83116950,9380.0,7.88,1.5942605610341152,1898.0,0.0,0.0
010960,삼호개발,3150,3295,3150,3275,41173,134004045,4860.0,21.12,0.6737397119341564,155.0,3.05,100.0
004450,삼화왕관,38750,39500,38500,39000,551,21412800,53396.0,9.19,0.730409347142108,4245.0,3.21,1250.0
009470,삼화전기,4410,4610,4370,4560,44839,199811285,3652.0,0.0,0.0,0.0,1.1,50.0
011230,삼화전자,1560,1600,1510,1555,65125,100840495,812.0,0.0,0.0,0.0,0.0,0.0
001820,삼화콘덴서,11650,12250,11050,11800,735363,8587387800,4300.0,0.0,0.0,0.0,0.42,50.0
000390,삼화페인트,11400,12100,11350,11600,75602,889874500,12479.0,7.08,0.9296455545316131,1639.0,3.45,400.0
041650,상신브레이크,6430,6530,6400,6470,23084,148801450,5153.0,6.3,1.2557543845817971,1027.0,2.47,160.0
075180,새론오토모티브,8000,8000,7650,7870,25286,196933990,9198.0,6.34,0.8553757440476191,1241.0,2.54,200.0
007540,샘표식품,50600,51400,49000,49600,16286,815258400,33291.0,21.9,1.4904225241056142,2265.0,0.6,300.0
007860,서연,11450,11750,11300,11400,139914,1602468900,19105.0,0.49,0.5966057488631903,23262.0,1.32,150.0
200880,서연이화,14600,14950,14400,14500,80382,1176959750,18847.0,0.0,0.0,0.0,1.03,150.0
017390,서울가스,93000,94000,88500,90000,1664,149745100,167323.0,5.76,0.5381800609823515,15629.0,1.67,1500.0
004410,서울식품,3740,3740,3560,3565,64380,231087350,1854.0,115.0,1.9228694714131607,31.0,0.0,0.0
004415,서울식품우,24850,26100,24800,25350,387,9868600,0.0,0.0,0.0,0.0,0.0,0.0
021050,서원,2050,2285,2010,2165,1674342,3618392360,3250.0,0.0,0.0,0.0,0.0,0.0
008490,서흥,35850,38450,35250,38100,36596,1366886150,18410.0,20.64,2.069668318848452,1846.0,0.66,250.0
007610,선도전기,2670,2770,2625,2635,309945,833927665,4264.0,30.3,0.6181585659005628,87.0,0.38,10.0
136490,선진,27450,28000,26600,27750,9674,264723000,20525.0,9.61,1.352101096224117,2888.0,0.36,100.0
002820,선창산업,12350,12650,12150,12500,46250,575020000,21643.0,0.0,0.0,0.0,1.2,150.0
014910,성문전자,2340,2365,2265,2310,136918,317501385,1895.0,0.0,0.0,0.0,0.0,0.0
014915,성문전자우,6320,6430,6280,6400,5705,36259470,0.0,0.0,0.0,0.0,0.08,5.0
003080,성보화학,54000,54500,52800,54200,1451,77643700,45407.0,23.45,1.1931358325808796,2310.0,3.69,2000.0
004980,성신양회,7220,7340,6970,7110,243129,1740227700,13983.0,19.44,0.5087695773439176,366.0,0.0,0.0
004987,성신양회2우B,9400,9580,8610,9200,13534,120565620,0.0,0.0,0.0,0.0,0.0,0.0
004989,성신양회3우B,8490,8610,8000,8000,1053,8492940,0.0,0.0,0.0,0.0,0.0,0.0
004985,성신양회우,5840,5840,5760,5790,522,3023480,0.0,0.0,0.0,0.0,0.0,0.0
011300,성안,926,935,870,918,213632,193762262,1409.0,0.0,0.0,0.0,0.0,0.0
005980,성지건설,4110,4290,4050,4115,2037,8306090,6750.0,111.25,0.6098148148148148,37.0,0.0,0.0
000180,성창기업지주,38300,41450,37950,38500,201690,8032618800,42511.0,0.0,0.0,0.0,0.0,0.0
002420,세기상사,45800,46700,45000,45800,1315,60071700,65848.0,0.0,0.0,0.0,0.0,0.0
004360,세방,15150,15650,15100,15550,6203,95623550,29220.0,9.3,0.531977241615332,1672.0,0.96,150.0
004365,세방우,7330,7630,7330,7590,191,1436240,0.0,0.0,0.0,0.0,2.04,155.0
004490,세방전지,37500,38450,37450,38250,17564,667942750,49929.0,8.68,0.7659416997135933,4406.0,0.78,300.0
001430,세아베스틸,24000,24650,23750,23800,100942,2447567550,41936.0,6.85,0.5677503740819344,3475.0,4.2,1000.0
003030,세아제강,47600,48950,47600,48700,9134,442025950,190864.0,3.95,0.2552061366339383,12334.0,3.08,1500.0
019440,세아특수강,17450,17850,17350,17400,7200,127463450,31260.0,4.67,0.5568588051823417,3726.0,4.6,800.0
058650,세아홀딩스,124000,131500,120500,127000,4862,604027500,373560.0,4.83,0.33964636704947,26279.0,1.42,1800.0
013000,세우글로벌,1970,2075,1850,1860,1343654,2591814205,1282.0,169.1,1.4511505460218408,11.0,0.0,0.0
091090,세원셀론텍,3200,3255,3100,3175,302938,962519935,1889.0,0.0,0.0,0.0,0.0,0.0
021820,세원정공,20800,21600,20600,21250,3665,77093500,40698.0,4.98,0.5220570958646616,4266.0,0.47,100.0
067830,세이브존I&C,5230,5340,5020,5320,13898,73403520,7579.0,7.98,0.7023317926177596,667.0,0.56,30.0
033530,세종공업,9840,9840,9550,9610,8819,84649240,18785.0,8.46,0.5116648922012244,1136.0,1.56,150.0
075580,세진중공업,3050,3050,2960,3020,43483,129996620,3304.0,6.82,0.914466839437046,443.0,0.0,0.0
027970,세하,1630,1660,1600,1635,93460,151771475,767.0,0.0,0.0,0.0,0.0,0.0
145210,세화아이엠씨,8670,8670,8430,8550,19052,162348300,13797.0,4.86,0.6202333387692976,1761.0,0.0,0.0
004430,송원산업,13800,13950,13450,13750,231688,3190095250,11897.0,0.0,0.0,0.0,0.44,60.0
017550,수산중공업,2195,2270,2190,2215,817217,1822198700,1726.0,19.6,1.2827889629200464,113.0,0.68,15.0
002200,수출포장,18200,18800,18200,18800,2778,51537650,57088.0,6.68,0.32925729794352576,2814.0,2.66,500.0
003060,슈넬생명과학,4710,4745,4365,4380,7691607,34740159165,806.0,0.0,0.0,0.0,0.0,0.0
053210,스카이라이프,14300,14650,14050,14100,208584,2989027750,9050.0,12.19,1.5581146408839779,1157.0,2.48,350.0
016590,신대양제지,23350,23900,23000,23750,3644,85957800,69649.0,5.17,0.3409847951872963,4592.0,1.58,375.0
029530,신도리코,47100,47100,46250,46650,10987,512787900,81343.0,26.8,0.5735387110753231,1741.0,3.22,1500.0
004970,신라교역,14500,14750,13900,14650,14509,208320200,26551.0,14.74,0.5519089441075665,994.0,2.05,300.0
011930,신성솔라에너지,1625,1645,1550,1610,944953,1516257790,700.0,0.0,0.0,0.0,0.0,0.0
104120,신성에프에이,2980,3170,2945,3045,377831,1150741530,2060.0,7.37,1.4777969508495146,413.0,0.0,0.0
104110,신성이엔지,2510,2655,2485,2565,474239,1216332755,2744.0,13.94,0.9345845481049563,184.0,0.0,0.0
005390,신성통상,1250,1280,1210,1215,1162565,1438714505,1468.0,25.84,0.8274225136239782,47.0,0.0,0.0
004170,신세계,208000,209500,202000,202500,47688,9785623500,265687.0,12.72,0.7622049159349159,15922.0,0.57,1150.0
035510,신세계 I&C,96600,98900,95000,97900,5934,576634300,93869.0,13.91,1.0427946792870917,7039.0,1.02,1000.0
034300,신세계건설,36750,37800,35800,36900,34700,1279576950,7058.0,47.06,5.227684896571267,784.0,0.0,0.0
031430,신세계인터내셔날,80600,83200,80000,82400,12654,1037439600,62912.0,28.78,1.3097774470689216,2863.0,0.73,600.0
031440,신세계푸드,134000,148000,134000,147500,34267,4851150000,73718.0,120.8,2.00103180363005,1221.0,0.51,750.0
006880,신송홀딩스,9080,9080,8720,8930,50067,444493770,13469.0,30.38,0.6630224961021605,294.0,0.9,80.0
005800,신영와코루,152000,152000,150000,151500,43,6496000,0.0,0.0,0.0,0.0,0.0,0.0
001720,신영증권,48200,48850,48100,48150,1887,90987900,107813.0,4.95,0.44656952315583465,9728.0,4.15,2000.0
001725,신영증권우,46550,46550,45800,45800,15232,702524850,0.0,0.0,0.0,0.0,4.48,2050.0
025620,신우,675,854,675,759,44678916,35587953489,328.0,0.0,0.0,0.0,0.0,0.0
009270,신원,1710,1770,1705,1710,214362,368006410,2797.0,27.58,0.6113134608509116,62.0,0.0,0.0
009275,신원우,29250,29250,28500,28900,606,17292700,0.0,0.0,0.0,0.0,0.0,0.0
002700,신일산업,1090,1105,1050,1065,384117,410860510,754.0,0.0,0.0,0.0,0.0,0.0
019170,신풍제약,4720,4855,4600,4625,256367,1204835235,4175.0,56.4,1.1078592814371258,82.0,1.08,50.0
019175,신풍제약우,3845,3920,3775,3775,5641,21343660,0.0,0.0,0.0,0.0,1.72,65.0
002870,신풍제지,6820,7100,6820,6970,1061,7410360,17004.0,0.0,0.0,0.0,7.17,500.0
005450,신한,6950,7030,6710,6900,18687,127590130,11393.0,15.61,0.6055774379004651,442.0,0.0,0.0
055550,신한지주,36200,37050,36200,36600,778649,28513728000,60136.0,8.72,0.608207334209126,4195.0,2.6,950.0
001770,신화실업,18300,18600,18100,18550,2725,49844350,31128.0,44.6,0.595958622462092,416.0,1.08,200.0
004080,신흥,9530,9540,9350,9450,268,2526600,8618.0,13.35,1.0968793513576236,708.0,2.12,200.0
102280,쌍방울,1790,1865,1765,1790,5172095,9377031405,799.0,0.0,0.0,0.0,0.0,0.0
047400,쌍용머티리얼,2665,2750,2625,2665,362407,968573590,2197.0,31.34,1.2126621529358215,85.0,1.31,35.0
003410,쌍용양회,15650,15700,14300,14950,299519,4424114750,15275.0,11.4,0.9782881546644845,1311.0,0.0,0.0
003419,쌍용양회3우B,15100,16350,15100,15700,2348,37221550,0.0,0.0,0.0,0.0,0.0,0.0
003415,쌍용양회우,10450,10550,10000,10200,4268,43948150,0.0,0.0,0.0,0.0,0.0,0.0
003620,쌍용차,5940,6460,5940,6330,445984,2760280400,5665.0,0.0,0.0,0.0,0.0,0.0
004770,써니전자,5280,5650,5150,5150,4800730,25854282290,977.0,0.0,0.0,0.0,0.0,0.0
004920,씨아이테크,889,910,887,898,315886,282771829,760.0,0.0,0.0,0.0,0.0,0.0
112610,씨에스윈드,19750,20300,19500,19950,89371,1789846500,17211.0,5.07,1.1583562111440358,3932.0,3.51,700.0
008700,아남전자,1475,1490,1400,1440,2428644,3521186245,892.0,0.0,0.0,0.0,0.0,0.0
002790,아모레G,142500,142500,136500,136500,101149,13993369000,26072.0,49.66,5.235694662856704,2749.0,0.24,325.0
002795,아모레G우,82500,82500,80600,81500,3017,244807900,0.0,0.0,0.0,0.0,0.4,330.0
090430,아모레퍼시픽,387500,391000,382000,385000,117806,45520967500,41432.0,70.06,9.295558083124154,5497.0,0.23,900.0
090435,아모레퍼시픽우,203500,207000,203000,203000,18757,3833243000,0.0,0.0,0.0,0.0,0.45,905.0
090370,아비스타,3815,3900,3730,3800,72309,274860990,3527.0,0.0,0.0,0.0,0.0,0.0
002030,아세아,94600,97300,94400,96200,2010,193871000,280514.0,5.69,0.34307017931814454,16909.0,1.56,1500.0
183190,아세아시멘트,95300,96700,94200,94700,1796,170880300,177830.0,8.02,0.5330760505117247,11815.0,1.58,1500.0
002310,아세아제지,16450,16850,16300,16700,11861,196307050,53845.0,8.02,0.3100895800445724,2081.0,2.69,450.0
083570,아시아10호,4645,4645,4305,4305,675,2908885,,,,,,
083580,아시아11호,4590,4590,4400,4440,306,1347445,,,,,,
083590,아시아12호,4640,4640,4640,4640,1,4640,,,,,,
083600,아시아13호,4650,4650,4650,4650,1,4650,,,,,,
083610,아시아14호,4940,4940,4940,4940,3100,15314000,,,,,,
083620,아시아15호,0,0,0,4905,0,0,,,,,,
020560,아시아나항공,4070,4205,4050,4200,721346,2988946340,5156.0,13.17,0.8149395122187743,319.0,0.0,0.0
122900,아이마켓코리아,20900,21350,20400,20950,121231,2531937850,10295.0,18.61,2.0353721466731423,1126.0,2.39,500.0
010780,아이에스동서,36500,37450,35250,36600,83716,3049065150,16721.0,19.12,2.189178278811076,1914.0,1.09,400.0
039570,아이콘트롤스,34400,35400,34400,35300,8031,281528700,11377.0,30.86,3.1030258416102665,1144.0,0.57,200.0
033660,아주캐피탈,5980,6070,5800,5830,26437,156773280,11769.0,10.16,0.49534263743733536,574.0,5.15,300.0
101140,아티스,1750,1945,1645,1800,1397828,2535839370,306.0,0.0,0.0,0.0,0.0,0.0
001780,알루코,6050,6130,5910,6040,285671,1712984130,2381.0,36.38,2.5360142797144056,166.0,0.0,0.0
002250,알보젠코리아,18350,18600,18100,18100,13717,249757950,15284.0,0.0,0.0,0.0,0.0,0.0
161000,애경유화,48750,49150,47850,47950,8662,419613750,57448.0,5.78,0.8352662407742654,8300.0,3.96,1900.0
011090,에넥스,3400,3535,3350,3395,530368,1823498145,889.0,34.28,3.81759701912261,99.0,0.59,20.0
005850,에스엘,16750,16900,16200,16800,73479,1215954750,21825.0,6.04,0.7697902348224513,2782.0,1.19,200.0
012750,에스원,95500,95500,91700,93600,60543,5664598200,23316.0,28.3,4.014670719677475,3308.0,1.23,1150.0
210980,에스케이디앤디,64400,65800,64300,64700,6889,448327600,15666.0,22.6,4.130505553427805,2864.0,0.8,520.0
023960,에쓰씨엔지니어링,5050,5210,4990,5050,11690,58775150,1157.0,0.0,0.0,0.0,0.0,0.0
078520,에이블씨엔씨,21050,21900,21050,21300,108822,2331934150,12124.0,113.9,1.756402589904322,187.0,0.05,10.0
015260,에이엔피,1365,1405,1325,1325,1706198,2323032905,1442.0,33.12,0.9188626907073509,40.0,0.0,0.0
036570,엔씨소프트,229000,230000,222000,223000,115464,26064016500,62045.0,19.36,3.59448787170602,11520.0,1.54,3430.0
138250,엔에스쇼핑,179000,180500,176000,180000,3688,660985000,80015.0,8.55,2.2495430544272947,21060.0,0.56,1000.0
085310,엔케이,6970,7090,6820,6840,762074,5291061890,3432.0,43.84,1.9928977272727273,156.0,0.73,50.0
069640,엠케이트렌드,13200,13850,12850,13550,139789,1889174050,12064.0,89.1,1.1229277188328912,152.0,1.11,150.0
014440,영보화학,5350,5420,5200,5270,170069,894061570,4845.0,27.88,1.0873839009287927,189.0,1.9,100.0
111770,영원무역,46200,47050,45550,46650,145845,6767660950,21940.0,16.14,2.126825290565178,2891.0,0.43,200.0
009970,영원무역홀딩스,65000,65000,63000,63100,548,34919600,49794.0,8.52,1.2678857204181226,7407.0,0.79,500.0
003520,영진약품,2465,2510,2410,2450,3405736,8377140540,567.0,490.0,4.320987654320987,5.0,0.0,0.0
000670,영풍,909000,920000,871000,891000,1842,1631049000,1329356.0,11.96,0.6700290168698226,74468.0,0.84,7500.0
006740,영풍제지,2660,2715,2550,2580,146685,381756445,44787.0,31.08,0.05759448891419385,83.0,7.75,200.0
012280,영화금속,1490,1530,1470,1485,740856,1107054395,1114.0,9.46,1.333363723070018,157.0,2.02,30.0
012160,영흥철강,2155,2245,2155,2160,92604,203571920,1987.0,46.97,1.0873490186210368,46.0,2.31,50.0
015360,예스코,35450,35450,34600,34600,2351,82356450,96822.0,16.77,0.3572275348061391,2063.0,3.61,1250.0
007310,오뚜기,1310000,1322000,1280000,1319000,5113,6691340000,237829.0,47.5,5.545717721556244,27767.0,0.3,4000.0
002630,오리엔트바이오,1290,1315,1245,1250,2030666,2573755810,536.0,0.0,0.0,0.0,0.0,0.0
001800,오리온,1064000,1064000,1012000,1012000,18148,18527692000,208725.0,32.6,4.848657024793388,31050.0,0.59,6000.0
010600,와이비로드,2065,2080,2045,2065,46994,96881805,2290.0,0.0,0.0,0.0,0.0,0.0
004720,우리들제약,6360,6480,6190,6340,206767,1305295450,2478.0,0.0,0.0,0.0,0.0,0.0
118000,우리들휴브레인,2940,2985,2795,2890,311811,896053935,810.0,0.0,0.0,0.0,0.0,0.0
000030,우리은행,8230,8390,8200,8340,1878977,15653894310,26592.0,5.14,0.3133631590327918,1621.0,6.0,500.0
010050,우리종금,480,508,480,490,3033423,1490324153,141.0,98.0,3.475177304964539,5.0,0.0,0.0
006980,우성사료,3455,3555,3325,3325,528738,1833134550,5645.0,20.9,0.5888562887511072,159.0,1.5,50.0
017370,우신시스템,3825,3990,3825,3885,131172,514206380,6208.0,4.28,0.6261879832474226,908.0,0.51,20.0
105840,우진,6910,7200,6910,7140,37958,266998300,5775.0,66.1,1.2366233766233765,108.0,2.38,170.0
049800,우진플라임,4000,4120,3985,4020,104838,422304845,8274.0,0.0,0.0,0.0,0.0,0.0
016880,웅진,2960,3045,2925,2955,163330,481992035,5360.0,1.69,0.5522280564948694,1751.0,0.0,0.0
095720,웅진씽크빅,10850,10900,10550,10750,151642,1626656350,6979.0,30.28,1.5403129029946985,355.0,0.0,0.0
103130,웅진에너지,1510,1560,1475,1520,520319,787254665,970.0,0.0,0.0,0.0,0.0,0.0
005820,원림,20650,20650,19950,20500,567,11421900,35599.0,9.53,0.5761748925531616,2152.0,1.71,350.0
008600,윌비스,2045,2200,1985,2035,3094482,6392037520,2269.0,37.0,0.8968708682238872,55.0,0.98,20.0
033270,유나이티드제약,19400,19800,18450,18550,122291,2309635700,9985.0,15.95,1.8581356409614422,1163.0,1.08,200.0
014830,유니드,43800,43800,42000,42850,7513,320196300,59185.0,7.64,0.7243650734983527,5611.0,2.57,1100.0
000910,유니온,3830,3830,3685,3705,46911,174691755,8351.0,14.59,0.44387648185846007,254.0,1.89,70.0
011330,유니켐,0,0,0,1780,0,0,231.0,0.0,0.0,0.0,0.0,0.0
077500,유니퀘스트,3065,3180,3060,3180,65822,204492235,6400.0,5.54,0.49678466796875,574.0,11.82,376.0
002920,유성기업,3620,3650,3550,3555,65557,233968315,9469.0,5.46,0.37544305760904,651.0,3.66,130.0
000700,유수홀딩스,6390,6600,6220,6270,262646,1672229510,7336.0,0.0,0.0,0.0,0.0,0.0
003470,유안타증권,2760,2885,2710,2870,903659,2551256510,4388.0,0.0,0.0,0.0,0.0,0.0
003475,유안타증권우,2150,2200,2050,2155,19602,41810955,0.0,0.0,0.0,0.0,0.0,0.0
011690,유양디앤유,1570,1790,1555,1790,6876562,11718849475,1006.0,223.8,1.779324055666004,8.0,0.0,0.0
072130,유엔젤,4820,5100,4800,4880,20602,101032265,3984.0,0.0,0.0,0.0,2.05,100.0
000220,유유제약,12650,13050,12400,12750,66078,836672850,10659.0,0.0,0.0,0.0,1.41,180.0
000225,유유제약1우,8080,8080,7710,7900,2362,18602290,0.0,0.0,0.0,0.0,2.41,190.0
000227,유유제약2우B,18300,18400,17600,18300,2441,43823600,0.0,0.0,0.0,0.0,1.04,190.0
001200,유진투자증권,2195,2250,2160,2185,508039,1120788015,5883.0,23.75,0.37140914499405064,92.0,0.0,0.0
000100,유한양행,321500,323000,305500,307000,40274,12514238000,112029.0,34.94,2.740636353087147,8788.0,0.57,1750.0
000105,유한양행우,187500,188000,181500,183000,83,15306500,0.0,0.0,0.0,0.0,0.98,1800.0
003460,유화증권,14700,14700,14450,14450,3589,51881950,31429.0,21.31,0.4597624805116294,678.0,3.11,450.0
003465,유화증권우,13600,13600,13600,13600,3000,40800000,0.0,0.0,0.0,0.0,3.68,500.0
008730,율촌화학,11150,11400,11150,11400,23941,271213050,12665.0,31.23,0.9001616166600869,365.0,4.39,500.0
008250,이건산업,9950,10200,9770,9950,149170,1487157920,16896.0,7.49,0.5885675603693182,1328.0,1.51,150.0
025820,이구산업,1180,1275,1180,1230,73630,89205715,3257.0,19.22,0.3776481424623887,64.0,1.63,20.0
214320,이노션,78100,80300,77100,78500,110704,8693470600,23072.0,17.25,3.403346047156727,4552.0,0.89,700.0
139480,이마트,163500,169000,162500,167500,118703,19833615500,247807.0,16.1,0.6759443841376556,10408.0,0.9,1500.0
007660,이수페타시스,4050,4165,4020,4120,219356,893370595,4793.0,17.17,0.8598476945545588,240.0,1.94,80.0
005950,이수화학,9130,9180,8890,8900,56616,509019050,21868.0,0.0,0.0,0.0,1.12,100.0
015020,이스타코,1245,1270,1165,1210,539114,656981695,1133.0,0.0,0.0,0.0,0.0,0.0
093230,이아이디,850,899,848,858,1532227,1329463863,428.0,0.0,0.0,0.0,0.0,0.0
074610,이엔쓰리,2450,2650,2415,2555,430993,1086753965,484.0,51.1,5.278279958677686,50.0,0.0,0.0
102460,이연제약,39550,41000,38800,39750,77142,3077382650,12055.0,44.22,3.297607320613853,899.0,0.63,250.0
084680,이월드,2625,2675,2560,2630,309362,807012845,1060.0,28.6,2.4817216981132075,92.0,0.0,0.0
000760,이화산업,20800,21100,19900,20200,4006,80634750,39123.0,7.89,0.5163203230836081,2560.0,0.0,0.0
014990,인디에프,2730,2745,2460,2505,375808,963372945,1378.0,0.0,0.0,0.0,0.0,0.0
006490,인스코비,1690,1735,1640,1655,507815,849806630,351.0,0.0,0.0,0.0,0.0,0.0
023800,인지컨트롤스,4780,4890,4700,4815,11042,53411575,12415.0,14.42,0.3879908376963351,334.0,2.08,100.0
034590,인천도시가스,30050,30200,29550,29700,220,6542350,35767.0,5.23,0.8307739807294433,5681.0,4.21,1250.0
129260,인터지스,2875,2875,2795,2800,27790,78441405,5950.0,0.0,0.0,0.0,2.68,75.0
023810,인팩,5000,5250,5000,5230,63096,320609830,9307.0,3.68,0.5622129176963576,1422.0,2.68,140.0
000230,일동제약,29200,30400,28700,29550,479976,14166829050,13227.0,60.44,2.2343643683374914,489.0,0.68,200.0
013360,일성건설,11500,11950,11250,11800,7214,83225350,16447.0,0.0,0.0,0.0,0.0,0.0
013367,일성건설2우B,37600,38100,37000,37000,685,25607250,0.0,0.0,0.0,0.0,0.0,0.0
003120,일성신약,113500,117000,109000,113000,1454,163952000,123565.0,37.62,0.9140958200137579,3002.0,0.44,500.0
003200,일신방직,144000,144000,134500,136500,1772,242080500,271145.0,13.59,0.5034517970089805,10042.0,1.28,1750.0
007110,일신석재,1115,1135,1090,1120,547252,612511800,714.0,0.0,0.0,0.0,0.0,0.0
007570,일양약품,64800,65800,61800,62000,739226,46652444500,10026.0,266.0,6.181727508477957,233.0,0.16,100.0
007575,일양약품우,42350,42450,39450,39500,14082,568034000,0.0,0.0,0.0,0.0,0.32,125.0
008500,일정실업,28700,28750,28400,28450,516,14748350,43324.0,11.31,0.6569626534945988,2516.0,4.39,1250.0
081000,일진다이아,7250,7410,7120,7200,47792,347867490,6228.0,21.23,1.155820989884393,339.0,1.39,100.0
020760,일진디스플,4500,4655,4465,4560,142382,650340010,5591.0,9.23,0.8152248032552316,494.0,2.19,100.0
020150,일진머티리얼즈,13000,13250,12400,12800,589223,7559083600,6921.0,148.9,1.849913307325531,86.0,0.0,0.0
103590,일진전기,4510,4570,4415,4415,97004,434124120,8852.0,12.69,0.49878558517849075,348.0,1.81,80.0
015860,일진홀딩스,10050,10350,9900,10000,355942,3587856960,5588.0,33.22,1.7893421170365067,301.0,0.7,70.0
226320,잇츠스킨,168500,171500,165500,166500,34057,5731935500,10029.0,17.38,16.602315784225745,9583.0,0.54,905.0
033240,자화전자,15000,15250,14750,14900,95521,1437125850,13925.0,11.18,1.0701991696588868,1333.0,2.68,400.0
000950,전방,55100,55400,53300,54200,3704,201507000,102101.0,0.0,0.0,0.0,0.0,0.0
030000,제일기획,20900,22200,20700,21850,785018,17107584500,7636.0,21.12,2.8605618124672603,1034.0,0.0,0.0
002620,제일약품,41000,42200,37700,39200,216732,8577634400,15839.0,243.5,2.4751246922154175,161.0,0.15,60.0
001560,제일연마,6810,6910,6670,6700,20840,140751230,6550.0,7.73,1.0232544131679389,867.0,2.99,200.0
006220,제주은행,7830,7830,7560,7700,41261,317864100,13805.0,12.3,0.5576127308946034,626.0,1.3,100.0
089590,제주항공,30000,31750,29300,30950,267883,8304808100,0.0,0.0,0.0,0.0,0.0,0.0
004910,조광페인트,12350,12850,12250,12500,71748,903205000,11739.0,7.83,1.0642889087656529,1596.0,1.6,200.0
004700,조광피혁,30650,32850,30650,31100,16378,518070350,25626.0,14.24,1.2138038515570124,2184.0,0.0,0.0
001550,조비,11700,11850,11450,11700,6443,74685600,7243.0,0.0,0.0,0.0,0.0,0.0
000480,조선내화,83100,84700,82300,84700,257,21507800,136969.0,6.57,0.6186605751118867,12897.0,4.72,4000.0
120030,조선선재,58700,59400,58100,58700,2837,167067600,48385.0,5.63,1.2128004062467708,10425.0,0.0,0.0
018470,조일알미늄,2190,2240,2060,2060,1850362,3963703090,2447.0,0.0,0.0,0.0,0.0,0.0
002600,조흥,146000,152000,144000,145000,134,19599000,169429.0,16.48,0.8554062468644683,8792.0,1.72,2500.0
185750,종근당,166500,175000,160000,167000,757050,125995032000,35226.0,44.7,4.742005195026401,3738.0,0.48,800.0
063160,종근당바이오,26000,26900,25700,26250,114120,3002965750,23300.0,0.0,0.0,0.0,0.38,100.0
001630,종근당홀딩스,122500,126500,119000,119000,66897,8142846000,43396.0,42.2,2.741468107659692,2820.0,0.59,700.0
044380,주연테크,954,998,938,947,724696,690208287,584.0,0.0,0.0,0.0,0.0,0.0
900050,중국원양자원,3020,3075,2940,3055,1648103,4973202745,,,,,,
007630,지에스인스트루,1795,2070,1790,1805,348579,665855450,1052.0,18.61,1.715883436311787,97.0,0.0,0.0
013870,지엠비코리아,4240,4270,4110,4175,7218,30038335,10593.0,4.55,0.39394566281978666,917.0,4.79,200.0
071320,지역난방공사,57100,57800,56600,56600,8654,494759400,141046.0,9.27,0.4013891633757781,6105.0,3.73,2110.0
010580,지코,701,715,686,714,34888,24394208,582.0,0.0,0.0,0.0,0.0,0.0
035000,지투알,9080,9350,8850,9070,17488,158697530,7568.0,15.19,1.1980625660676534,597.0,2.21,200.0
088790,진도,4200,4340,4200,4205,22418,94907510,7556.0,5.53,0.5563459502382213,760.0,0.0,0.0
003780,진양산업,2950,2950,2860,2905,18584,53507400,2555.0,12.41,1.1362279843444227,234.0,5.16,150.0
010640,진양폴리,0,0,0,2300,0,0,1575.0,41.8,1.4601190476190475,55.0,5.43,125.0
100250,진양홀딩스,2995,3050,2950,3030,60858,182874710,5294.0,11.31,0.5726766150358897,268.0,5.45,165.0
051630,진양화학,3180,3250,3075,3160,39880,124724150,2491.0,7.23,1.2684523660176636,437.0,6.8,215.0
011000,진원생명과학,11450,11600,10950,11000,316610,3533936200,2230.0,0.0,0.0,0.0,0.0,0.0
002780,진흥기업,2275,2275,2150,2255,157293,348588540,882.0,0.0,0.0,0.0,0.0,0.0
002787,진흥기업2우B,7700,8190,7230,7540,44315,335582750,0.0,0.0,0.0,0.0,0.0,0.0
002785,진흥기업우B,3405,3540,3345,3405,40289,137834630,0.0,0.0,0.0,0.0,0.0,0.0
009310,참엔지니어링,0,0,0,1430,0,0,1942.0,0.0,0.0,0.0,0.0,0.0
000650,천일고속,63700,63700,62800,63600,366,23161100,32366.0,18.88,1.9652953716863375,3370.0,0.0,0.0
012600,청호컴넷,6530,6570,6190,6530,3081,20037350,5963.0,0.0,0.0,0.0,0.0,0.0
033250,체시스,2760,2975,2700,2780,643750,1851474410,1509.0,0.0,0.0,0.0,0.0,0.0
006380,카프로,2200,2300,2180,2210,187917,419346225,7037.0,0.0,0.0,0.0,0.0,0.0
021960,케이비캐피탈,19650,19950,18750,19800,52355,999883350,19904.0,13.03,0.9944970232114148,1519.0,2.27,450.0
029460,케이씨텍,11800,12150,11300,12000,231124,2714151100,7307.0,14.96,1.6420790851238538,802.0,0.83,100.0
145270,케이탑리츠,1045,1045,1005,1020,99794,101186775,,,,,,
058860,케이티스,3815,3990,3780,3925,120830,469522035,4252.0,13.13,0.9234973982831609,299.0,3.06,120.0
900140,코라오홀딩스,9180,9250,8810,8940,427450,3844619510,,,,,,
090970,코리아01호,4600,4600,4425,4430,1086,4821445,,,,,,
090980,코리아02호,4565,4700,4400,4415,3365,15060405,,,,,,
090990,코리아03호,4565,4570,4355,4405,2782,12377065,,,,,,
091000,코리아04호,4545,4565,4445,4450,1546,6905220,,,,,,
007815,코리아써우,4545,4575,4445,4500,331,1489150,0.0,0.0,0.0,0.0,2.33,105.0
007810,코리아써키트,10050,10250,9980,10050,150499,1511234010,13119.0,1675.0,0.766064486622456,6.0,1.0,100.0
00781K,코리아써키트2우B,5490,5490,5400,5450,5153,28042610,0.0,0.0,0.0,0.0,1.93,105.0
152330,코리아오토글라스,16100,16100,14750,15000,283629,4348043200,10828.0,11.77,1.3852382134281493,1274.0,3.33,500.0
003690,코리안리,12550,12750,12450,12700,203214,2564449950,15278.0,12.41,0.83071041693939,1023.0,1.77,225.0
192820,코스맥스,181500,184000,175500,180000,61547,10995516000,8977.0,97.5,20.04957112621143,1846.0,0.28,500.0
044820,코스맥스비티아이,72400,73000,70200,70200,15622,1114067200,27108.0,40.7,2.589122675962815,1725.0,0.34,240.0
005070,코스모신소재,2400,2490,2350,2390,53452,128214645,5023.0,0.0,0.0,0.0,0.0,0.0
005420,코스모화학,5380,5380,5190,5210,27956,146279030,17405.0,0.0,0.0,0.0,0.0,0.0
071950,코아스,2130,2285,2120,2265,1049964,2327911375,1423.0,107.9,1.591971187631764,21.0,0.0,0.0
002020,코오롱,74600,77400,73100,76200,55197,4181367700,48642.0,95.9,1.5669714444307388,795.0,0.66,500.0
003070,코오롱글로벌,13750,14000,13300,13800,21529,293864750,22947.0,30.73,0.6013742264784068,449.0,0.0,0.0
003075,코오롱글로벌우,13300,13600,13000,13600,1189,15730150,0.0,0.0,0.0,0.0,25.55,3475.0
144620,코오롱머티리얼,7570,7760,7370,7370,10689,80239460,21470.0,0.0,0.0,0.0,0.0,0.0
002025,코오롱우,27650,28200,27050,27700,3235,90108250,0.0,0.0,0.0,0.0,1.99,550.0
120110,코오롱인더,56900,58000,56000,57400,89960,5159015700,67609.0,34.53,0.8488653507669097,1662.0,0.87,500.0
120115,코오롱인더우,23900,24200,23750,24200,10468,250194600,0.0,0.0,0.0,0.0,2.27,550.0
138490,코오롱플라스틱,6160,6430,6140,6360,57188,359615080,3119.0,100.94,2.038814523885861,63.0,0.79,50.0
021240,코웨이,94300,95200,91100,92000,122390,11339735400,13466.0,27.38,6.832569062824892,3361.0,2.17,2000.0
031820,콤텍시스템,2675,2745,2360,2370,4832342,12245497025,1578.0,0.0,0.0,0.0,0.0,0.0
192400,쿠쿠전자,234500,235000,227000,228500,21264,4897842000,44981.0,20.58,5.079911518196572,11104.0,0.66,1500.0
005740,크라운제과,592000,635000,587000,618000,25577,15778254000,141977.0,40.4,4.353767247511921,15298.0,0.16,1000.0
005745,크라운제우,203000,220000,203000,215000,541,116474000,0.0,0.0,0.0,0.0,0.49,1050.0
012170,키스톤글로벌,1060,1115,1035,1065,2781472,2978855980,588.0,0.0,0.0,0.0,0.0,0.0
039490,키움증권,50700,52200,49850,50200,115545,5867105200,41500.0,14.68,1.2097477409638555,3420.0,0.9,450.0
015890,태경산업,5140,5140,5090,5120,530,2707890,6647.0,43.03,0.7703804347826086,119.0,2.93,150.0
006890,태경화학,5880,5950,5810,5910,15304,90311850,8161.0,11.24,0.7245914256831271,526.0,2.54,150.0
003240,태광산업,957000,957000,933000,951000,499,471431000,2229492.0,10.87,0.4264563862810452,87491.0,0.13,1250.0
011280,태림포장,2940,2960,2890,2900,74549,216796200,5357.0,11.46,0.5412763090349076,253.0,1.03,30.0
004100,태양금속,1400,1450,1370,1390,326596,457744515,2468.0,7.43,0.5629463381280388,187.0,1.08,15.0
004105,태양금속우,4390,4475,4305,4310,98976,433399085,0.0,0.0,0.0,0.0,0.46,20.0
009410,태영건설,4745,4970,4745,4925,36663,179091870,10525.0,0.0,0.0,0.0,0.0,0.0
009415,태영건설우,3315,3380,3225,3250,15340,49929375,0.0,0.0,0.0,0.0,0.0,0.0
001420,태원물산,3340,3490,3330,3345,35898,120686285,4129.0,30.14,0.8102711007507871,111.0,2.39,80.0
007980,태평양물산,3865,3920,3800,3850,59457,229459000,4226.0,240.6,0.9110269758637008,16.0,0.65,25.0
078000,텔코웨어,12700,12800,12550,12600,6890,87506450,10322.0,9.31,1.2206754989343152,1353.0,4.76,600.0
214420,토니모리,34550,34550,33250,33500,59252,2008213800,4963.0,28.84,6.74744987910538,1161.0,0.6,200.0
140890,트러스제7호,3840,3885,3840,3885,34,130740,,,,,,
019180,티에이치엔,1845,1860,1800,1830,87789,160475340,596.0,0.0,0.0,0.0,1.09,20.0
004870,티웨이홀딩스,6160,6400,6160,6240,97205,611175400,2492.0,13.68,2.5031851926163724,456.0,0.0,0.0
008900,티이씨앤코,2680,2750,2560,2600,196103,518934125,6345.0,0.46,0.4087816747931442,5639.0,0.0,0.0
134790,팀스,15350,15700,15050,15150,8074,123159000,10905.0,270.5,1.3890875745071067,56.0,0.0,0.0
005690,파미셀,4470,4540,4350,4360,968450,4284116490,1584.0,0.0,0.0,0.0,0.0,0.0
036580,팜스코,13150,13500,13100,13250,73474,976471600,7264.0,39.44,1.8242015418502202,336.0,0.0,0.0
028670,팬오션,2935,3450,2895,3150,3804877,12283191045,8281.0,0.49,0.37922321121958397,6409.0,0.0,0.0
010820,퍼스텍,4770,5470,4655,5240,6941543,36190751670,1387.0,174.6,3.77703677000721,30.0,0.48,25.0
016800,퍼시스,35650,36750,35550,36150,762,27433900,28598.0,13.86,1.2639083152668018,2608.0,1.94,700.0
001020,페이퍼코리아,676,695,662,685,1402916,956103299,1245.0,0.0,0.0,0.0,0.0,0.0
090080,평화산업,1780,1850,1770,1785,159495,288268040,1511.0,0.0,0.0,0.0,0.0,0.0
010770,평화홀딩스,3325,3365,3220,3220,6131,20067760,9419.0,0.0,0.0,0.0,3.11,100.0
058430,포스코강판,17400,17900,17400,17700,808,14214200,27722.0,0.0,0.0,0.0,0.0,0.0
051310,포스코플랜텍,1050,1060,1000,1025,977598,1001453085,1193.0,0.0,0.0,0.0,0.0,0.0
017810,풀무원,200000,201500,193000,196500,6049,1186575000,68602.0,13.27,2.8643475226669777,14804.0,0.52,1020.0
103140,풍산,22850,23100,22500,23000,146915,3366048600,37339.0,8.75,0.6158440236749779,2628.0,2.61,600.0
005810,풍산홀딩스,38000,38600,37500,38500,1814,69323050,69820.0,5.64,0.5512979805213406,6824.0,3.12,1200.0
033180,필룩스,2750,3075,2570,2570,2709573,7729135865,2590.0,12.42,0.9927907818532818,207.0,1.56,40.0
086790,하나금융지주,19650,20700,19600,20050,1966492,39864731800,72879.0,6.31,0.275009294086774,3177.0,2.99,600.0
099340,하나니켈1호,1310,1310,1270,1270,105,134200,,,,,,
099350,하나니켈2호,1420,1420,1420,1420,21,29820,,,,,,
039130,하나투어,85700,89300,85600,87000,159784,14029130100,15521.0,29.2,5.603176744410798,2978.0,1.49,1300.0
172580,하이골드12호,2275,2525,2115,2245,4071,9156615,,,,,,
139200,하이골드2호,1820,1820,1610,1700,5745,9741415,,,,,,
153360,하이골드3호,2045,2045,1975,2030,1009,2005855,,,,,,
159650,하이골드8호,2430,2430,2405,2405,25,60150,,,,,,
071090,하이스틸,18250,18900,17650,18250,2370,43103400,65649.0,0.0,0.0,0.0,0.82,150.0
019490,하이트론,7620,7730,7350,7450,90026,680811210,7940.0,0.0,0.0,0.0,0.0,0.0
000080,하이트진로,29200,29300,27800,28250,331810,9393099400,18628.0,95.75,1.5163329396607257,295.0,3.54,1000.0
000087,하이트진로2우B,18900,19050,18500,18900,5750,107072350,0.0,0.0,0.0,0.0,5.56,1050.0
000140,하이트진로홀딩스,15350,15550,14950,15400,25530,389054300,20245.0,0.0,0.0,0.0,2.92,450.0
000145,하이트진로홀딩스우,11200,11350,11100,11200,731,8185200,0.0,0.0,0.0,0.0,4.46,500.0
152550,한국ANKOR유전,1920,1960,1920,1960,3511,6756575,,,,,,
036460,한국가스공사,31700,32250,31000,31450,330513,10472853950,105341.0,6.18,0.2986566395088332,5091.0,0.79,250.0
005430,한국공항,28550,28900,28000,28000,3381,96446350,83932.0,3.06,0.3339792787986108,9159.0,1.79,500.0
071050,한국금융지주,42000,42500,41000,41500,121178,5080277900,46435.0,10.15,0.893875511467643,4090.0,1.69,700.0
071055,한국금융지주우,28800,28800,28250,28500,4309,122787250,0.0,0.0,0.0,0.0,2.67,762.0
010040,한국내화,2870,2930,2870,2905,35299,102282085,4344.0,8.62,0.6685064888351749,337.0,1.72,50.0
025540,한국단자,99700,99700,95100,99000,15848,1555200700,47909.0,17.92,2.0668007968231437,5525.0,0.45,450.0
004090,한국석유,93500,95000,93000,94300,1091,102704200,178801.0,9.25,0.5274746785532519,10196.0,1.06,1000.0
002960,한국쉘석유,463000,470000,454000,469000,1725,802181500,69679.0,22.64,6.7295739659725315,20711.0,4.05,19000.0
002000,한국유리,23500,23500,23350,23350,3,70200,49125.0,8.53,0.4751450381679389,2736.0,0.43,100.0
002005,한국유리우,16950,16950,16650,16800,9,151200,0.0,0.0,0.0,0.0,0.89,150.0
015760,한국전력,50900,51600,50500,50500,861126,43862251500,83496.0,11.77,0.6049157669229663,4290.0,0.99,500.0
006200,한국전자홀딩스,892,930,875,889,167897,150455788,3336.0,24.69,0.2664118705035971,36.0,0.0,0.0
002300,한국제지,29900,31350,29900,30000,1183,35867450,96935.0,25.06,0.3094838035797184,1197.0,1.17,350.0
023350,한국종합기술,5050,5230,5000,5150,22371,113748330,11209.0,19.44,0.45953586403782676,265.0,1.94,100.0
025890,한국주강,2750,2855,2750,2775,10300,28526790,5878.0,0.0,0.0,0.0,0.0,0.0
000970,한국주철관,11200,11250,10300,10300,193500,2059615500,10228.0,29.34,1.0070058906922175,351.0,1.21,125.0
104700,한국철강,37000,37000,35650,35950,12773,461505700,75009.0,18.4,0.47948662827127414,1954.0,2.5,900.0
017960,한국카본,6540,6580,6350,6350,657827,4245449130,6884.0,12.21,0.9223834253341081,520.0,1.89,120.0
161890,한국콜마,94900,96700,93500,95300,84626,8069398300,8521.0,58.06,11.181852188710245,1641.0,0.17,160.0
024720,한국콜마홀딩스,59100,60600,58500,59100,41875,2486186600,12131.0,49.34,4.872954620394032,1198.0,0.17,100.0
161390,한국타이어,44200,44500,42450,42450,244065,10620264450,36416.0,7.51,1.1664864216621815,5655.0,0.94,400.0
000240,한국타이어월드와이드,17350,17600,17100,17350,66815,1161855650,25963.0,8.65,0.6678780259407618,2005.0,1.73,300.0
007280,한국특수형강,1190,1230,1165,1180,264861,316738580,8849.0,0.0,0.0,0.0,2.12,25.0
168490,한국패러랠,2370,2380,2350,2360,61558,145241325,,,,,,
010100,한국프랜지,11700,11900,11500,11850,3880,45332400,34132.0,1077.0,0.3470936364701746,11.0,2.11,250.0
047810,한국항공우주,64200,65300,62300,62900,1222267,77998362000,10636.0,55.2,5.9151701767581795,1140.0,0.4,250.0
123690,한국화장품,11100,11400,10900,11150,124585,1381742500,3139.0,6.8,3.550965424896464,1639.0,0.0,0.0
003350,한국화장품제조,32000,33350,31250,32450,58951,1903030350,7311.0,15.06,4.437782109150595,2154.0,0.0,0.0
011500,한농화성,3600,3700,3535,3600,35533,127360215,5558.0,7.07,0.6474971325116948,509.0,2.5,90.0
002390,한독,33000,33700,32000,32050,59383,1941294700,24438.0,265.0,1.3120959161960881,121.0,0.47,150.0
014790,한라,3900,3900,3700,3830,36884,138380615,10287.0,0.0,0.0,0.0,0.0,0.0
060980,한라홀딩스,59200,59400,58200,58600,28578,1681697700,84839.0,0.8,0.6884962804547436,73032.0,0.85,500.0
053690,한미글로벌,12000,12500,11950,12200,51795,635973050,8225.0,11.17,1.4832446808510638,1092.0,2.05,250.0
042700,한미반도체,12450,12900,12200,12700,86872,1101441350,8059.0,9.84,1.5769054783471894,1291.0,3.94,500.0
008930,한미사이언스,162500,168000,157500,166500,607265,99819207000,7505.0,438.2,22.189873417721518,380.0,0.0,0.0
128940,한미약품,731000,737000,711000,725000,98014,71048349000,53137.0,200.6,13.64130690479327,3613.0,0.0,0.0
009240,한샘,255500,256000,246500,248000,31669,7898413500,14357.0,51.75,17.276433098836804,4793.0,0.34,850.0
020000,한섬,37500,37800,36900,37400,45449,1697096050,31089.0,21.84,1.202885264884686,1712.0,0.8,300.0
003680,한성기업,8130,8130,7200,7420,59132,447129210,9360.0,0.0,0.0,0.0,0.0,0.0
105630,한세실업,57300,58000,56200,57100,54193,3080011300,8273.0,36.97,6.8995225432128615,1544.0,0.35,200.0
016450,한세예스24홀딩스,26250,26250,25350,26200,19700,510979600,5386.0,30.05,4.864625881916079,872.0,0.38,100.0
010420,한솔PNS,1385,1425,1365,1370,344514,478261185,1498.0,14.42,0.9146048898531375,95.0,1.09,15.0
009180,한솔로지스틱스,3440,3440,3345,3400,66316,224600625,1931.0,188.9,1.7606162610046607,18.0,0.59,20.0
007190,한솔아트원제지,2085,2435,2080,2135,1282267,2897944815,2654.0,0.0,0.0,0.0,0.0,0.0
007197,한솔아트원제지2우B,8170,10150,8130,8650,585056,5382057390,0.0,0.0,0.0,0.0,0.0,0.0
213500,한솔제지,19900,20100,19500,19650,120069,2369155450,0.0,0.0,0.0,0.0,0.0,0.0
014680,한솔케미칼,63400,63800,59600,60000,152153,9191733700,18852.0,31.06,3.1833625079567156,1932.0,1.0,600.0
004710,한솔테크닉스,22200,22700,21900,22300,304038,6798690300,9556.0,0.0,0.0,0.0,0.0,0.0
004150,한솔홀딩스,6810,6810,6650,6670,131024,878489160,8559.0,0.0,0.0,0.0,0.0,0.0
025750,한솔홈데코,1420,1455,1400,1415,477088,679343430,1768.0,707.5,0.8003393665158371,2.0,0.0,0.0
004960,한신공영,17500,17750,16900,16900,18145,314808750,17988.0,0.0,0.0,0.0,0.0,0.0
011700,한신기계,2360,2435,2310,2400,261125,623545110,2001.0,10.76,1.1988966454272865,223.0,1.88,45.0
001750,한양증권,6620,6940,6620,6790,28727,197190260,19600.0,14.21,0.34657286352040817,478.0,5.15,350.0
001755,한양증권우,7190,7500,7060,7280,3016,21489420,0.0,0.0,0.0,0.0,5.49,400.0
018880,한온시스템,50000,53500,49800,52500,239168,12498090250,15160.0,20.36,3.463511090039578,2579.0,1.85,970.0
009420,한올바이오파마,14300,14650,14000,14450,393444,5671389850,1096.0,0.0,0.0,0.0,0.0,0.0
014130,한익스프레스,122000,124500,120000,124500,5580,685443000,37997.0,8.14,3.276217530331342,15292.0,0.4,500.0
003300,한일시멘트,89900,89900,87000,88500,12806,1129772600,183723.0,6.71,0.4816513004631973,13186.0,1.69,1500.0
002220,한일철강,16950,17450,16850,16900,2340,39701750,78981.0,0.0,0.0,0.0,0.89,150.0
051600,한전KPS,97800,97800,93400,95100,127203,12058183400,15512.0,25.44,6.133074394017535,3740.0,1.76,1670.0
052690,한전기술,26100,27400,25850,27100,83752,2233355650,10652.0,18.83,2.543529090781074,1439.0,2.12,575.0
130660,한전산업,4520,4610,4450,4560,36605,166436200,1844.0,253.4,2.4732917570498913,18.0,2.94,134.0
002320,한진,45550,47650,45550,47100,45818,2159504800,64702.0,12.78,0.7281334039133257,3686.0,0.85,400.0
097230,한진중공업,2980,3130,2935,3060,750400,2289183975,15386.0,0.0,0.0,0.0,0.0,0.0
003480,한진중공업홀딩스,4330,4390,4205,4265,89359,385095640,30426.0,0.0,0.0,0.0,4.69,200.0
180640,한진칼,15550,15900,15300,15700,259677,4064372500,26396.0,2.15,0.5960906274861721,7317.0,0.48,75.0
18064K,한진칼우,10800,10850,10300,10850,187,1942300,0.0,0.0,0.0,0.0,0.92,100.0
117930,한진해운,2800,3205,2755,2960,5070308,15269596840,2963.0,0.0,0.0,0.0,0.0,0.0
005110,한창,4505,4580,4425,4455,997867,4479789560,710.0,63.62,6.272887323943662,70.0,0.34,15.0
009460,한창제지,1070,1110,1000,1005,4370448,4613548788,659.0,25.77,1.5248245447647952,39.0,0.0,0.0
000880,한화,31150,32850,31000,31850,300738,9685216250,57774.0,0.0,0.0,0.0,1.57,500.0
027390,한화갤러리아타임월드,70000,70500,68000,69200,36314,2512046700,47298.0,16.55,1.4640930245464925,4185.0,1.45,1000.0
088350,한화생명,6840,6940,6700,6740,438306,2969160520,9961.0,13.98,0.6763079133621123,482.0,2.67,180.0
000370,한화손해보험,7240,7290,6910,7090,549866,3875396980,6558.0,49.94,1.0812938395852394,142.0,0.0,0.0
000885,한화우,20750,21450,20700,21050,3539,73562150,0.0,0.0,0.0,0.0,2.61,550.0
009830,한화케미칼,24100,24900,23650,24400,1382702,33833612450,26824.0,67.25,0.9100712048911422,363.0,0.61,150.0
009835,한화케미칼우,13150,13150,12700,13150,7578,98011850,0.0,0.0,0.0,0.0,1.52,200.0
012450,한화테크윈,31000,31650,30450,31200,198267,6186513950,30891.0,0.0,0.0,0.0,0.0,0.0
003530,한화투자증권,3280,3385,3220,3270,313394,1031120275,8708.0,27.02,0.37538936897106107,121.0,2.14,70.0
003535,한화투자증권우,2450,2520,2380,2450,10555,25659230,0.0,0.0,0.0,0.0,4.9,120.0
025850,한화화인케미칼,9010,9420,9010,9290,11302,104975080,8559.0,0.0,0.0,0.0,0.0,0.0
015540,핫텍,4150,4275,4070,4150,221803,923783550,456.0,0.0,0.0,0.0,0.0,0.0
089470,현대EP,8990,9060,8690,8930,535143,4756099310,5609.0,10.21,1.5928989681761454,875.0,1.12,100.0
000720,현대건설,29000,30450,28750,29700,870135,25906144350,48844.0,7.88,0.6078068698304807,3768.0,1.68,500.0
000725,현대건설우,42000,42000,38000,39900,1220,48637800,0.0,0.0,0.0,0.0,1.38,550.0
005440,현대그린푸드,22050,22250,21750,22200,212723,4680233950,14091.0,19.86,1.5756710843801007,1118.0,0.27,60.0
086280,현대글로비스,186000,189000,183000,184500,47450,8824882000,73895.0,12.9,2.4960776270383653,14300.0,1.08,2000.0
064350,현대로템,10950,11400,10850,11000,320661,3558569850,19541.0,0.0,0.0,0.0,0.0,0.0
079430,현대리바트,36400,36600,35150,35450,62852,2246055600,12682.0,22.16,2.795300425800347,1600.0,0.23,80.0
012330,현대모비스,240000,246000,239000,240000,147507,35861344500,237937.0,6.7,1.0085556884542968,35821.0,1.25,3000.0
010620,현대미포조선,60700,62200,58500,59900,131056,7960062600,89863.0,0.0,0.0,0.0,0.0,0.0
069960,현대백화점,121000,122000,118500,119500,110603,13280589500,138633.0,10.26,0.8621614712947134,11652.0,0.59,700.0
004560,현대비앤지스틸,8570,8750,8250,8250,103371,861078620,21240.0,4.23,0.3885896671963277,1951.0,1.21,100.0
004565,현대비앤지스틸우,32800,34400,31650,33150,620,20588450,0.0,0.0,0.0,0.0,0.45,150.0
012630,현대산업,39400,42000,39350,41600,483611,19912006350,28927.0,44.44,1.4378781069588966,936.0,0.72,300.0
011760,현대상사,21500,22200,21150,21450,46291,1004426350,31010.0,13.65,0.6914445440986778,1571.0,2.33,500.0
011200,현대상선,2800,3005,2620,3005,30371011,86407092530,3110.0,26.6,0.9662680868167203,113.0,0.0,0.0
006390,현대시멘트,0,0,0,19400,0,0,6385.0,0.47,3.035635354468481,41242.0,0.0,0.0
227840,현대씨앤에프,26550,26950,26050,26100,28423,746202450,0.0,0.0,0.0,0.0,0.0,0.0
004310,현대약품,4300,4530,4275,4465,611629,2692762485,3739.0,70.9,1.1942029954533298,63.0,1.01,45.0
126560,현대에이치씨엔,3205,3250,3110,3145,197436,623854415,5014.0,7.71,0.6274556242520941,408.0,1.27,40.0
017800,현대엘리베이,47200,49000,45850,47500,306274,14626298750,17612.0,18.78,2.696898776402453,2529.0,0.0,0.0
011210,현대위아,102500,105000,102500,102500,71804,7445951500,104757.0,6.1,0.9781650927861623,16794.0,0.78,800.0
004020,현대제철,44400,44950,43650,43850,459281,20314848200,116893.0,6.64,0.37494225488267047,6600.0,1.71,750.0
009540,현대중공업,81200,83200,79400,81600,240404,19628438600,199655.0,0.0,0.0,0.0,0.0,0.0
003450,현대증권,5030,5190,4990,5070,1476321,7529225570,12698.0,39.3,0.39937883918727357,129.0,0.99,50.0
005380,현대차,136000,138000,135500,137000,455723,62273889000,201958.0,5.07,0.678784891227384,27037.0,2.19,3000.0
005387,현대차2우B,96600,99300,96200,97000,55333,5409683700,0.0,0.0,0.0,0.0,3.2,3100.0
005389,현대차3우B,86600,88900,86400,86700,4592,403337900,0.0,0.0,0.0,0.0,3.52,3050.0
005385,현대차우,94700,97400,94700,95000,60017,5713634300,0.0,0.0,0.0,0.0,3.21,3050.0
011720,현대페인트,1265,1325,1220,1240,766800,971332890,270.0,1.47,4.605143229166667,846.0,0.0,0.0
001450,현대해상,31600,31600,30700,30950,269621,8357735400,26536.0,10.59,1.1665261343081097,2922.0,2.42,750.0
057050,현대홈쇼핑,109500,113000,109000,111000,29158,3236618500,86544.0,9.0,1.2823419301164725,12331.0,1.17,1300.0
093240,형지엘리트,2800,2810,2735,2750,147281,407626305,5510.0,1.65,0.4978129253629764,1662.0,0.0,0.0
003010,혜인,2855,2870,2800,2840,12998,36914215,8177.0,22.19,0.34731564143328847,128.0,1.76,50.0
008770,호텔신라,66000,67000,63200,63600,993273,64472094500,18249.0,34.1,3.4861602005589347,1866.0,0.55,350.0
008775,호텔신라우,44800,46150,44200,44200,3416,153196900,0.0,0.0,0.0,0.0,0.9,400.0
002460,화성산업,9950,10450,9930,10250,61732,628987360,21358.0,5.19,0.4802986585822643,1976.0,3.9,400.0
013520,화승알앤에이,35600,36100,35000,35900,14189,505646050,31644.0,18.23,1.1340301478953356,1968.0,0.7,250.0
006060,화승인더,7620,7760,7310,7450,503502,3773632340,2121.0,158.5,3.5122583686940123,47.0,0.0,0.0
010690,화신,5500,5500,5330,5370,30407,164130410,10764.0,4.04,0.49869138447603123,1329.0,1.86,100.0
133820,화인베스틸,1845,2365,1790,2365,1796023,4203094090,3271.0,3.74,0.7226622210333231,632.0,0.0,0.0
010660,화천기계,25500,25500,25050,25300,212,5362900,57424.0,7.24,0.4402918014462594,3493.0,3.56,900.0
000850,화천기공,51500,51900,50400,51500,1387,71291500,113144.0,5.31,0.4551134781782507,9700.0,2.91,1500.0
016580,환인제약,19350,19850,18900,19650,138632,2693685350,10136.0,15.95,1.9390538674033149,1232.0,1.27,250.0
032560,황금에스티,5490,5720,5490,5650,13785,77290250,12040.0,10.2,0.4694793397009967,554.0,0.88,50.0
004800,효성,108500,112500,107500,110000,135428,14968566000,79506.0,13.59,1.3837222190778053,8093.0,1.82,2000.0
094280,효성ITX,13650,13950,13450,13600,47195,646110650,3158.0,19.19,4.3077699493350226,709.0,0.55,75.0
093370,후성,4680,4795,4600,4660,1035206,4878049000,571.0,0.0,0.0,0.0,0.0,0.0
081660,휠라코리아,93000,93000,89800,92500,47253,4317020000,54116.0,16.25,1.7091987582230763,5692.0,0.27,250.0
005870,휴니드,10400,10950,10300,10700,98485,1050927750,6048.0,65.6,1.7686631944444444,163.0,0.0,0.0
079980,휴비스,7000,7320,7000,7310,65853,473228570,10984.0,8.58,0.6653826019664967,852.0,4.1,300.0
005010,휴스틸,14150,14150,13850,14150,6579,91955850,57438.0,6.51,0.2464653463299558,2174.0,4.95,700.0
069260,휴켐스,13850,14250,13800,14050,123962,1743854000,11525.0,13.64,1.2190753796095444,1030.0,3.91,550.0
000540,흥국화재,3785,3805,3735,3800,4382,16586275,6163.0,7.62,0.6170575663232192,499.0,0.0,0.0
000547,흥국화재2우B,16100,16400,15850,16150,2123,34104050,0.0,0.0,0.0,0.0,0.0,0.0
000545,흥국화재우,4030,4090,3950,3995,3682,14669885,0.0,0.0,0.0,0.0,0.0,0.0
003280,흥아해운,1425,1725,1420,1495,3542325,5511466480,1976.0,6.8,0.7571720015182186,220.0,0.6,9.0
060310,3S,2510,2650,2440,2560,360772,915911145,928.0,0.0,0.0,0.0,0.0,0.0
054620,AP시스템,18550,18650,17750,18400,1885449,34315146900,4185.0,311.8,4.395041816009558,59.0,0.0,0.0
032040,C&S자산관리,4235,4335,4190,4205,183053,779552675,2197.0,0.0,0.0,0.0,0.0,0.0
130960,CJ E&M,86200,87000,84300,84900,163445,14024588700,38970.0,14.59,2.1798875737746983,5821.0,0.0,0.0
035760,CJ오쇼핑,172200,175400,172000,174500,14144,2454670700,136840.0,11.09,1.2755704655071616,15734.0,1.43,2500.0
051500,CJ프레시웨이,76100,76900,75000,75700,12614,961081100,17665.0,77.6,4.2844254174922165,975.0,0.26,200.0
058820,CMG제약,2330,2395,2235,2250,1241154,2850001685,566.0,1125.0,3.9752650176678443,2.0,0.0,0.0
023460,CNH,1315,1350,1295,1350,118527,155570575,2501.0,0.0,0.0,0.0,3.7,50.0
065770,CS,2355,2435,2255,2280,183858,428288025,1860.0,0.0,0.0,0.0,0.0,0.0
083660,CSA 코스믹,6030,6200,5790,5850,309790,1845411420,919.0,0.0,0.0,0.0,0.0,0.0
068790,DMS,6300,6390,6060,6330,161947,1014502850,3482.0,0.0,0.0,0.0,0.0,0.0
037370,EG,10800,10800,10400,10600,16320,172436050,7564.0,26.62,1.4009452670544686,398.0,0.47,50.0
079190,EMW,2130,2270,2100,2235,361961,799780395,1833.0,0.0,0.0,0.0,0.0,0.0
083450,GST,5160,5200,4870,5000,70181,351761780,5223.0,5.92,0.9580670830940072,845.0,1.4,70.0
028150,GS홈쇼핑,162000,163900,158300,163900,11566,1882328100,133693.0,8.97,1.2261734907586785,18278.0,4.7,7700.0
078150,HB테크놀러지,2585,2595,2445,2480,1586232,3972722770,1029.0,137.8,2.4096209912536444,18.0,0.0,0.0
036640,HRS,3330,3415,3250,3400,62568,209063580,4176.0,11.53,0.8145878232758621,295.0,2.35,80.0
204840,IBKS제2호스팩,1990,2015,1990,1995,3552,7092870,1875.0,0.0,0.0,0.0,0.0,0.0
225430,IBKS제3호스팩,1980,2000,1980,2000,2415,4819310,0.0,0.0,0.0,0.0,0.0,0.0
095340,ISC,24850,25600,24050,24350,56310,1385801150,9556.0,24.55,2.548189619087484,992.0,2.05,500.0
099520,ITX시큐리티,2275,2340,2205,2275,75000,171410500,2586.0,0.0,0.0,0.0,0.0,0.0
067290,JW중외신약,8530,9120,8450,8660,2330270,20605590470,1123.0,0.0,0.0,0.0,0.35,30.0
035900,JYP Ent.,4225,4280,4175,4235,89861,380938630,1633.0,17.22,2.5938839559093694,246.0,0.0,0.0
024120,KB오토시스,5620,5650,5520,5590,5742,31969320,5342.0,17.97,1.0461028172968925,311.0,3.22,180.0
021320,KCC건설,6980,7000,6820,6980,12144,84112520,18041.0,70.5,0.38686879884707054,99.0,3.58,250.0
036670,KCI,8120,8400,8060,8190,121613,994387450,3579.0,27.12,2.288837664151998,302.0,1.1,90.0
044180,KD건설,233,236,222,232,9148890,2097433289,103.0,0.0,0.0,0.0,0.0,0.0
151860,KG ETS,2725,2745,2620,2645,621143,1643663980,3325.0,5.88,0.795641447368421,450.0,3.78,100.0
046440,KG모빌리언스,10900,11050,10600,10800,273221,2959334050,6555.0,13.32,1.6480203565980167,811.0,1.39,150.0
035600,KG이니시스,12700,12950,12100,12150,606327,7552115750,6577.0,16.95,1.8481664322639502,717.0,1.65,200.0
060720,KH바텍,17100,17400,16700,16750,139659,2367911250,13357.0,12.4,1.254045748483941,1351.0,2.39,401.0
083470,KJ프리텍,2270,2350,2270,2305,67943,156674095,2312.0,4.84,0.9964384191176471,476.0,0.0,0.0
122450,KMH,7850,8240,7810,8040,57816,464468480,6472.0,11.28,1.242820032447466,713.0,0.0,0.0
058400,KNN,7150,7210,7100,7100,1262,8994010,12940.0,16.67,0.5488577086553323,426.0,3.52,250.0
114450,KPX생명과학,5300,5330,4990,5050,195140,998072935,3435.0,0.0,0.0,0.0,0.0,0.0
036030,KTH,8530,8790,8510,8510,44505,381784620,5476.0,26.02,1.5535261824324325,327.0,0.0,0.0
043610,KT뮤직,3820,3820,3700,3750,155985,589237315,1347.0,48.1,2.7849387527839644,78.0,0.0,0.0
060370,KT서브마린,5640,5710,5400,5500,384131,2131777400,4357.0,12.53,1.262616192334175,439.0,2.18,120.0
079950,LIG인베니아,3270,3370,3140,3205,34285,111682365,1426.0,0.0,0.0,0.0,0.0,0.0
159910,MBK,2020,2040,1885,1885,818246,1587987585,583.0,0.0,0.0,0.0,0.0,0.0
086960,MDS테크,23400,23650,22850,23200,45150,1049860450,9960.0,20.14,2.3295180722891566,1152.0,1.16,270.0
065150,MPK,3110,3185,3085,3125,274520,859658335,540.0,446.5,5.787962962962963,7.0,0.16,5.0
160550,NEW,11000,11300,10700,11050,207438,2288164500,4722.0,68.6,2.339818932655654,161.0,0.0,0.0
030190,NICE평가정보,8490,8920,8330,8820,701347,6132469740,1939.0,30.0,4.548736462093863,294.0,1.13,100.0
036490,OCI머티리얼즈,102500,106800,100500,105200,86557,9048693900,30604.0,81.6,3.4379370343745914,1289.0,0.95,1000.0
024940,PN풍년,3665,3750,3620,3665,52217,191599580,2834.0,32.44,1.2933794989414256,113.0,0.68,25.0
091340,S&K폴리텍,2910,3080,2840,3055,52049,154534155,5825.0,17.27,0.5246378755364807,177.0,0.0,0.0
950110,SBI액시즈,3360,3420,3360,3400,2997,10190055,,,,,,
019550,SBI인베스트먼트,487,494,475,479,471796,227577779,479.0,43.56,1.000391440501044,11.0,0.0,0.0
046140,SBS콘텐츠허브,12900,13350,12900,13150,11960,157310850,7244.0,32.16,1.8155585657095528,409.0,1.9,250.0
099220,SDN,1585,1655,1520,1600,3689276,5865884235,1534.0,0.0,0.0,0.0,0.0,0.0
040610,SG&G,3180,3235,3050,3130,78314,246502355,6520.0,4.24,0.4797318347392638,738.0,0.0,0.0
049470,SGA,1230,1260,1220,1235,1469458,1822931460,670.0,22.45,1.8431669776119404,55.0,0.0,0.0
184230,SGA솔루션즈,3080,3175,2930,3070,525168,1615797860,1941.0,204.6,1.581336939721793,15.0,0.0,0.0
052300,SH 홀딩스,917,1030,884,945,2741117,2658074006,438.0,0.0,0.0,0.0,0.0,0.0
090730,SIMPAC METALLOY,4170,4170,4110,4160,26,107995,13795.0,12.64,0.30146905581732514,329.0,1.92,80.0
207930,SK1호스팩,2000,2000,2000,2000,42,84000,1239.0,0.0,0.0,0.0,0.0,0.0
219550,SK2호스팩,1990,1995,1970,1975,4975,9858750,0.0,0.0,0.0,0.0,0.0,0.0
057500,SKC 솔믹스,1700,1765,1655,1700,98238,167707010,1412.0,0.0,0.0,0.0,0.0,0.0
178920,SKC코오롱PI,10000,10200,9940,10150,136849,1372891380,6595.0,15.38,1.5394474981046247,660.0,0.0,0.0
066270,SK컴즈,3080,3780,3045,3380,1714264,6059197490,3090.0,0.0,0.0,0.0,0.0,0.0
048550,SM C&C,2755,2935,2720,2830,756331,2171189600,798.0,0.0,0.0,0.0,0.0,0.0
036540,STS반도체,2215,2215,2160,2160,273501,598546765,2708.0,0.0,0.0,0.0,0.0,0.0
032540,TJ미디어,3700,3800,3575,3755,51171,189166605,5746.0,0.0,0.0,0.0,0.0,0.0
048770,TPC,4725,4800,4600,4750,29263,137718875,2399.0,25.4,1.980395477282201,187.0,0.53,25.0
057030,YBM시사닷컴,3990,4085,3935,4005,20444,80874655,3756.0,64.6,1.0667598509052183,62.0,5.24,210.0
040300,YTN,2690,2735,2680,2695,20414,55093910,4445.0,10.41,0.6063484251968504,259.0,0.37,10.0
051390,YW,2855,2935,2830,2850,55086,156880590,6458.0,28.5,0.44131310003096935,100.0,3.51,100.0
052220,iMBC,4395,4400,4200,4380,49363,212250725,2167.0,47.62,2.0219197046608213,92.0,0.68,30.0
079940,가비아,6870,6970,6540,6930,89940,612118590,3322.0,25.56,2.08532134256472,271.0,0.29,20.0
078890,가온미디어,10600,10650,10200,10450,140837,1468417400,6890.0,9.78,1.5161647314949203,1068.0,0.96,100.0
030270,가희,1425,1660,1400,1510,2641076,4090499075,1412.0,0.0,0.0,0.0,0.0,0.0
192410,감마누,9130,9310,8960,9000,94695,862163260,8207.0,6.54,1.0971474427318144,1377.0,1.49,134.0
024840,갑을메탈,622,665,612,628,2434729,1553261684,528.0,0.0,0.0,0.0,0.0,0.0
217730,강스템바이오텍,16200,16600,15900,16250,528750,8580423850,609.0,0.0,0.0,0.0,0.0,0.0
094480,갤럭시아컴즈,4360,4575,4360,4440,12045,53840530,1415.0,10.78,3.1391342756183747,412.0,0.0,0.0
063080,게임빌,70400,72900,69500,70700,85527,6102700800,29725.0,19.7,2.378294785534062,3588.0,0.0,0.0
039240,경남스틸,8970,9190,8710,9190,21335,189249710,14189.0,6.34,0.6474334761963493,1449.0,3.26,300.0
053950,경남제약,9000,9150,8600,8600,463440,4138180660,1179.0,148.2,7.293044953350297,58.0,0.0,0.0
011040,경동제약,18250,18400,17600,18150,64926,1160730850,14333.0,8.74,1.2662234877555292,2076.0,3.31,600.0
139050,경봉,2750,2900,2710,2820,1329675,3754705245,1596.0,26.36,1.7672012061403508,107.0,0.0,0.0
024910,경창산업,5370,5370,5180,5190,13369,70025970,6640.0,3.39,0.7822948042168675,1532.0,1.54,80.0
089890,고려반도체,3150,3170,3130,3170,829,2612300,619.0,0.0,0.0,0.0,0.0,0.0
049720,고려신용정보,2625,2670,2535,2600,86541,224589225,867.0,29.55,2.9989907727797003,88.0,2.88,75.0
014570,고려제약,5550,5670,5220,5290,89148,483266510,4436.0,26.72,1.192586226330027,198.0,1.32,70.0
098460,고영,34850,35550,34300,34950,62000,2170466650,8605.0,21.12,4.062972109238815,1655.0,0.86,300.0
206660,골든브릿지제2호스팩,1995,2080,1995,2000,12063,24127000,1172.0,0.0,0.0,0.0,0.0,0.0
219580,골든브릿지제3호스팩,1990,1990,1965,1985,9494,18708130,0.0,0.0,0.0,0.0,0.0,0.0
227950,골든브릿지제4호스팩,1985,1990,1980,1985,24843,49258305,0.0,0.0,0.0,0.0,0.0,0.0
215000,골프존,75300,79400,71600,78400,23369,1748685500,0.0,0.0,0.0,0.0,0.0,0.0
121440,골프존유원홀딩스,8340,8370,8010,8350,2625306,21281508880,13597.0,3.76,0.6141383726649261,2221.0,6.17,515.0
014200,광림,3250,3350,3215,3300,361398,1187932115,3429.0,89.2,0.9623614756488772,37.0,0.0,0.0
026910,광진실업,3280,4175,3280,3570,1060064,4016306290,4416.0,36.44,0.8086220561594203,98.0,0.7,25.0
090150,광진윈텍,2640,2745,2610,2650,100817,269951135,4225.0,28.48,0.6269933431952662,93.0,1.13,30.0
222810,교보4호스팩,1910,1935,1910,1925,3129,6005890,0.0,0.0,0.0,0.0,0.0,0.0
223040,교보5호스팩,2005,2005,1995,1995,11349,22667170,0.0,0.0,0.0,0.0,0.0,0.0
053270,구영테크,1900,1940,1850,1850,188474,357525655,2589.0,15.04,0.7144861674391657,123.0,0.0,0.0
066620,국보디자인,15550,16500,15550,15900,23428,372600350,9913.0,10.9,1.6040371544940986,1459.0,1.57,250.0
043650,국순당,7360,7640,7290,7350,513981,3829930720,10755.0,38.1,0.6835977452347746,193.0,0.68,50.0
006050,국영지앤엠,1810,1845,1745,1765,911913,1636932280,1577.0,126.06,1.119134432466709,14.0,0.85,15.0
060480,국일신동,2030,2105,2030,2075,61325,127082405,3437.0,11.28,0.6039423916205994,184.0,1.2,25.0
078130,국일제지,2970,2970,2855,2855,45745,131805575,1448.0,0.0,0.0,0.0,0.0,0.0
019010,그랜드백화점,9890,9890,9400,9560,4466,42329930,32489.0,0.0,0.0,0.0,3.14,300.0
900070,글로벌에스엠,2750,2910,2665,2785,71611,197142630,,,,,,
019660,글로본,4505,4585,4335,4350,73071,322331960,659.0,13.06,6.600625948406677,333.0,0.0,0.0
053260,금강철강,4005,4210,4000,4055,200371,827091050,5347.0,12.07,0.7584860669534318,336.0,2.47,100.0
058370,금성테크,2990,3115,2945,3055,274680,838510800,1268.0,0.0,0.0,0.0,0.0,0.0
130500,금호엔티,4030,4300,4030,4200,87874,369077935,3856.0,25.61,1.0891954097510372,164.0,1.79,75.0
036190,금화피에스시,32600,32700,31300,32300,1836,58552800,22194.0,9.06,1.4557003018833918,3565.0,2.79,900.0
049080,기가레인,5120,5410,5120,5410,146594,778776870,4269.0,12.32,1.2669517890606699,439.0,0.92,50.0
035460,기산텔레콤,3465,3590,3255,3265,245308,831473280,2470.0,18.05,1.3224633097165992,181.0,0.0,0.0
187790,나노,1520,1600,1500,1540,138501,213838820,1932.0,85.56,0.797166149068323,18.0,0.0,0.0
151910,나노스,7860,8050,7810,7960,35764,282187130,5058.0,204.1,1.5739175563463819,39.0,1.88,150.0
121600,나노신소재,19200,20650,18800,19550,161795,3224763950,5676.0,54.47,3.4450812632135306,359.0,0.77,150.0
039860,나노엔텍,6680,6710,6500,6550,56456,372135780,1573.0,0.0,0.0,0.0,0.0,0.0
091970,나노캠텍,2665,2715,2645,2705,73393,196074125,4876.0,15.11,0.5546714776456112,179.0,1.11,30.0
051490,나라엠앤디,4800,4845,4730,4730,29304,140149370,5058.0,14.42,0.9352263740608936,328.0,2.54,120.0
190510,나무가,66100,69000,64000,67800,51915,3477348000,8622.0,98.25,7.862734864300626,690.0,0.0,0.0
089600,나스미디어,62600,63700,61000,61000,60127,3675086400,7587.0,63.22,8.040871721365493,965.0,0.48,290.0
138610,나이벡,9900,9900,9430,9560,28750,275282600,1181.0,0.0,0.0,0.0,0.0,0.0
130580,나이스디앤비,5160,5390,4900,4900,83472,425206265,1650.0,20.84,2.968655303030303,235.0,1.45,71.0
036800,나이스정보통신,28600,29600,27950,28550,53929,1530746400,9576.0,9.16,2.980370848997494,3117.0,0.84,240.0
091590,남화토건,5850,5870,5690,5840,8079,46787120,9866.0,11.85,0.5922177490877762,493.0,1.71,100.0
168330,내츄럴엔도텍,20100,20350,19450,19600,272547,5390749150,3706.0,18.12,5.286865893146249,1081.0,0.0,0.0
072770,네오디안테크놀로지,1655,1800,1580,1685,1105159,1890410785,656.0,0.0,0.0,0.0,0.0,0.0
212560,네오오토,9750,9850,9420,9420,16304,156324720,9844.0,5.79,0.9562185722267371,1626.0,0.0,0.0
095660,네오위즈게임즈,16300,16600,15950,16150,207596,3363833150,12950.0,0.0,0.0,0.0,0.0,0.0
042420,네오위즈홀딩스,14000,14200,13700,14100,49183,685557800,26528.0,2.13,0.5316706198403574,6619.0,0.0,0.0
085910,네오티스,4645,4645,4495,4540,27215,123634175,6333.0,13.08,0.7165813003315964,347.0,7.71,350.0
092730,네오팜,28750,28850,27500,27900,75731,2136085200,4174.0,77.3,6.686586607570676,361.0,0.9,250.0
101400,네오피델리티,3630,3700,3470,3550,41585,148205060,1236.0,0.0,0.0,0.0,0.0,0.0
153460,네이블,5900,6070,5810,5810,14562,85864920,5082.0,54.8,1.14327528532074,106.0,0.0,0.0
007390,네이처셀,6140,6140,5720,6000,1011849,6056060950,355.0,120.0,16.901408450704224,50.0,0.0,0.0
033640,네패스,5360,5520,5270,5340,88401,474781870,5525.0,0.0,0.0,0.0,0.0,0.0
087730,네패스신소재,9510,9520,9310,9440,823,7772720,4710.0,7.59,2.0030097200106156,1243.0,1.59,150.0
073070,넥센테크,4980,4980,4895,4930,1231,6064195,2951.0,11.55,1.6707948576753642,427.0,1.52,75.0
089140,넥스턴,10100,10800,9830,9900,125436,1280586500,5013.0,14.93,1.974542751346499,663.0,1.01,100.0
065170,넥스트BT,3165,3290,3060,3060,928946,2932364565,907.0,0.0,0.0,0.0,0.0,0.0
139670,넥스트리밍,5340,5630,5330,5420,19577,105664710,3415.0,14.49,1.5871385431918008,374.0,0.92,50.0
137940,넥스트아이,12650,12750,12150,12350,48828,607326850,4558.0,26.05,2.708692134708205,474.0,0.4,50.0
092600,넥스트칩,5130,5350,5060,5240,93659,485763980,3525.0,0.0,0.0,0.0,0.0,0.0
041140,넥슨지티,10300,10650,10200,10200,122116,1267690950,3154.0,37.1,3.2342362872542805,275.0,0.0,0.0
031390,녹십자셀,46950,48900,46300,46500,116416,5518387950,3142.0,0.0,0.0,0.0,0.0,0.0
142280,녹십자엠에스,16400,16400,15600,16000,32038,512889950,3295.0,32.78,4.855007587253414,488.0,0.31,50.0
054050,농우바이오,22250,22450,21500,22400,50314,1108801900,11523.0,23.31,1.9442256790766292,961.0,1.12,250.0
040160,누리텔레콤,11700,11950,11300,11450,113149,1312812300,3273.0,86.75,3.4986251145737857,132.0,0.0,0.0
069140,누리플랜,5000,5000,4645,4700,7865,36934530,3672.0,0.0,0.0,0.0,0.0,0.0
126870,뉴로스,8430,8850,8430,8680,20372,175958040,6945.0,155.0,1.249820014398848,56.0,0.0,0.0
060260,뉴보텍,1450,1480,1370,1390,837203,1201343585,616.0,0.0,0.0,0.0,0.0,0.0
012340,뉴인텍,1700,1765,1665,1690,509674,869048800,490.0,0.0,0.0,0.0,0.0,0.0
222040,뉴트리바이오텍,50900,50900,48450,48650,116598,5733771650,1497.0,178.2,32.506513026052104,273.0,0.0,0.0
900100,뉴프라이드,7420,7580,7220,7230,1970899,14540451130,,,,,,
085670,뉴프렉스,2725,2815,2680,2725,165977,456720005,3005.0,15.94,0.9069259567387687,171.0,0.0,0.0
053290,능률교육,3725,3970,3680,3850,58569,223479500,3739.0,13.23,1.0294008257555496,291.0,1.3,50.0
119860,다나와,9410,9480,9220,9440,10853,101929040,8134.0,12.55,1.1599766412589132,752.0,2.33,220.0
064260,다날,7670,8280,7630,7850,209870,1667020530,4602.0,55.66,1.7052436440677967,141.0,0.0,0.0
093640,다믈멀티미디어,5540,5820,5320,5350,549315,3051898290,984.0,63.7,5.436737804878049,84.0,0.0,0.0
039560,다산네트웍스,6300,6370,6130,6130,96663,600482760,7220.0,0.0,0.0,0.0,0.0,0.0
032190,다우데이타,11350,12150,11300,11500,246791,2883659900,8104.0,15.31,1.4190137586377098,751.0,0.96,110.0
068240,다원시스,25100,25650,24400,24600,115073,2867230200,5108.0,47.6,4.8171434514487075,517.0,0.24,60.0
020400,대동금속,33850,38400,33100,34650,47299,1704848700,36950.0,51.78,0.9375279093369419,669.0,0.87,300.0
008830,대동기어,24550,27000,23500,24550,29502,742407400,56072.0,156.4,0.43784553787986874,157.0,1.22,300.0
048470,대동스틸,2910,3070,2905,3030,84936,253338190,5704.0,70.5,0.531469144460028,43.0,0.99,30.0
004780,대륙제관,6020,6150,5970,6100,44539,268989320,4310.0,11.69,1.4155162412993039,522.0,0.98,60.0
017650,대림제지,4300,4555,4300,4410,1967,8693315,10440.0,6.14,0.4223150143678161,718.0,1.13,50.0
007720,대명코퍼레이션,1000,1030,999,1000,240910,243224039,881.0,8.06,1.1347900113507379,124.0,0.0,0.0
078140,대봉엘에스,10850,11250,10650,10700,134013,1460355550,4383.0,21.8,2.4417671971252566,491.0,0.47,50.0
036480,대성미생물,86200,88900,86200,87400,1732,151679700,55625.0,16.27,1.5717345505617977,5375.0,0.97,850.0
025440,대성엘텍,850,851,829,842,138827,116646995,392.0,29.03,2.1477200255102042,29.0,0.0,0.0
027830,대성창투,2015,2040,1960,1960,474656,943052065,1297.0,23.61,1.5108543754818813,83.0,1.53,30.0
104040,대성파인텍,5700,5700,5520,5600,5538,30995760,5978.0,8.46,0.9369589536634326,662.0,1.96,110.0
217270,대신밸런스제1호스팩,1990,1995,1985,1995,3630,7221645,0.0,0.0,0.0,0.0,0.0,0.0
232140,대신밸런스제2호스팩,1975,1975,1975,1975,10,19750,0.0,0.0,0.0,0.0,0.0,0.0
020180,대신정보통신,989,1045,960,1000,1288195,1294373554,567.0,32.25,1.7632275132275133,31.0,0.0,0.0
045390,대아티아이,1300,1320,1285,1290,599250,778721930,935.0,18.44,1.3803475935828877,70.0,0.0,0.0
108380,대양전기공업,12000,12050,11500,11550,8688,101296050,14547.0,7.67,0.7937149841891799,1505.0,0.0,0.0
006580,대양제지,14350,14350,13500,14300,1325,18659850,37054.0,5.0,0.38565337075619366,2858.0,1.75,250.0
215480,대우SBI스팩1호,2065,2065,2060,2060,15,30905,0.0,0.0,0.0,0.0,0.0,0.0
204440,대우스팩2호,2015,2015,2000,2015,779,1558255,1906.0,0.0,0.0,0.0,0.0,0.0
215580,대우스팩3호,2005,2020,2005,2010,11320,22696890,0.0,0.0,0.0,0.0,0.0,0.0
048910,대원미디어,8320,8400,8110,8150,73544,605486350,4260.0,0.0,0.0,0.0,0.0,0.0
005710,대원산업,6120,6580,6120,6390,3169,20263770,9887.0,8.84,0.6467109588348336,723.0,1.96,125.0
120240,대정화금,12900,13100,12550,12800,22489,286411100,12274.0,11.38,1.0433162834039433,1125.0,1.95,250.0
003310,대주산업,1030,1060,993,1030,699089,715077080,1328.0,23.95,0.7755906438253012,43.0,0.0,0.0
078600,대주전자재료,5030,5090,4815,4920,5612,27516350,4501.0,0.0,0.0,0.0,0.0,0.0
065690,대진디엠피,4030,4085,3915,4070,31555,125588175,6537.0,14.03,0.6224663454183876,290.0,0.0,0.0
096350,대창솔루션,2395,2395,2250,2365,28054,65570045,5821.0,0.0,0.0,0.0,1.27,30.0
140520,대창스틸,3310,3435,3310,3385,58219,196870165,7203.0,28.69,0.46996043315285296,118.0,4.43,150.0
131220,대한과학,7900,8370,7750,8090,49193,397889020,3350.0,62.22,2.4144589552238807,130.0,0.0,0.0
010170,대한광통신,1155,1250,1130,1160,202557,236211985,1584.0,0.0,0.0,0.0,0.0,0.0
054670,대한뉴팜,15400,15550,14900,15150,117082,1780161050,5147.0,80.2,2.944518651641733,189.0,0.0,0.0
023910,대한약품,23300,23650,22600,23300,24758,575410900,10683.0,13.41,2.1797862257792753,1737.0,0.64,150.0
021040,대호피앤씨,1390,1415,1345,1405,328084,455217895,630.0,0.0,0.0,0.0,0.0,0.0
021045,대호피앤씨우,1375,1415,1370,1370,69554,96027610,0.0,0.0,0.0,0.0,0.0,0.0
067080,대화제약,41050,41700,39950,40350,234322,9554054800,3182.0,0.0,0.0,0.0,0.25,100.0
192080,더블유게임즈,41700,41950,39450,39550,336141,13541547800,3251.0,17.9,12.172504613964934,2210.0,0.0,0.0
213420,덕산네오룩스,31000,31900,30150,30700,134150,4149148100,8519.0,0.0,0.0,0.0,0.0,0.0
077360,덕산하이메탈,9300,9550,9110,9370,55111,515673560,7978.0,5.65,1.174574807282527,1659.0,0.0,0.0
090410,덕신하우징,6080,6600,6080,6250,38392,238264540,8674.0,6.13,0.720008700570671,1019.0,1.92,120.0
194480,데브시스터즈,25000,25450,24900,25100,21904,548846100,18087.0,6.65,1.386515522198264,3772.0,0.0,0.0
017680,데코앤이,2525,2560,2450,2450,2435103,6062549490,695.0,0.0,0.0,0.0,0.0,0.0
206560,덱스터,31400,31750,29900,30000,278789,8558146150,6631.0,14.29,4.5231099664454835,2099.0,0.0,0.0
067990,도이치모터스,3230,3290,3150,3270,48377,156264400,2069.0,251.5,1.5802319961333977,13.0,0.0,0.0
100130,동국S&C,4140,4265,4100,4205,275031,1149423570,4118.0,21.23,1.0209825764934435,198.0,1.66,70.0
005160,동국산업,3270,3430,3245,3325,80888,267833545,6463.0,10.33,0.5145685053380783,322.0,3.61,120.0
075970,동국알앤에스,1700,1700,1625,1635,56843,94006240,3996.0,16.86,0.40924909284284283,97.0,4.89,80.0
086450,동국제약,60900,64300,59400,62500,100873,6309726400,19828.0,26.12,3.1516542263465808,2392.0,0.48,300.0
099410,동방선기,4060,4180,3980,4020,230556,935904675,3174.0,0.0,0.0,0.0,0.0,0.0
045890,동부라이텍,1540,1595,1480,1530,174368,263603645,1775.0,23.55,0.8622799295774648,65.0,0.0,0.0
226440,동부스팩3호,2000,2000,1995,1995,3350,6697500,0.0,0.0,0.0,0.0,0.0,0.0
230490,동부제4호스팩,2530,2615,2395,2425,257366,623520050,0.0,0.0,0.0,0.0,0.0,0.0
026960,동서,32000,32750,30600,30600,154365,4842821900,10591.0,23.83,2.888802993107355,1284.0,1.96,600.0
033500,동성화인텍,3995,3995,3735,3905,94162,369431095,3816.0,4.48,1.0226646439334381,871.0,3.33,130.0
025950,동신건설,4225,4400,4225,4295,1418,6112610,8283.0,18.77,0.5188130055535434,229.0,2.33,100.0
088130,동아엘텍,18500,19200,17950,18800,494751,9212955900,8296.0,23.34,2.2651541405496625,805.0,0.43,80.0
041930,동아화성,5120,5190,5020,5140,34515,175958660,4668.0,7.67,1.101147440017138,670.0,1.56,80.0
038500,동양시멘트,3590,3590,3470,3500,81841,286319175,5310.0,1.15,0.6596872793079096,3045.0,0.0,0.0
060380,동양에스텍,2645,2645,2600,2630,4441,11670240,4912.0,0.0,0.0,0.0,3.8,100.0
079960,동양이엔피,12600,12800,12500,12700,16764,212496050,20672.0,9.24,0.6147449599700078,1375.0,2.36,300.0
104460,동양피엔에프,4850,4980,4825,4850,218472,1067072925,5242.0,13.4,0.925264092903472,362.0,2.47,120.0
088910,동우,4020,4055,3920,3955,187867,743246295,5384.0,54.2,0.7347116456166419,73.0,0.0,0.0
094170,동운아나텍,11500,12000,11150,11800,171166,1981411150,3767.0,10.96,3.1337748042208653,1077.0,0.85,100.0
013120,동원개발,3660,3780,3650,3700,193199,714277005,3612.0,5.69,1.024201013981174,650.0,1.76,65.0
109860,동일금속,8670,8930,8670,8700,3398,29870070,13421.0,8.06,0.6487966619476939,1080.0,1.61,140.0
032960,동일기연,13800,14000,13750,13950,4369,60480850,10834.0,13.26,1.287356354993539,1052.0,0.25,35.0
023790,동일철강,3345,3700,3200,3460,72352,247803475,3292.0,0.0,0.0,0.0,0.0,0.0
005290,동진쎄미켐,4505,4650,4400,4565,523952,2374564115,3299.0,18.86,1.38344005759321,242.0,1.31,60.0
025900,동화기업,33400,33750,32050,32500,19842,650013250,24667.0,15.8,1.3173134906960717,2057.0,0.0,0.0
078590,두올산업,2650,2675,2500,2500,81285,210731210,714.0,35.72,3.5018382352941178,70.0,0.0,0.0
030350,드래곤플라이,4995,5030,4785,4785,54357,265457800,2026.0,0.0,0.0,0.0,0.0,0.0
073190,디비케이,2300,2300,2230,2280,6064,13801950,3409.0,0.0,0.0,0.0,0.0,0.0
066670,디스플레이텍,3890,3975,3850,3880,183057,715790015,6950.0,4.28,0.5581025179856115,906.0,3.87,150.0
109740,디에스케이,8550,8830,8150,8190,65512,554886590,4939.0,20.73,1.6582462289937234,395.0,0.61,50.0
090710,디에스티로봇,4490,4490,4355,4355,26986,119565480,547.0,0.0,0.0,0.0,0.0,0.0
131030,디에이치피코리아,10350,10550,10300,10350,84650,881288150,3460.0,16.97,2.9916004335260116,610.0,0.97,100.0
196490,디에이테크놀로지,10300,10800,9990,10300,90983,943997410,4586.0,14.49,2.2468262783471435,711.0,0.49,50.0
066900,디에이피,3575,3690,3555,3600,4507,16150870,3501.0,0.0,0.0,0.0,0.0,0.0
127120,디엔에이링크,12700,12850,12350,12600,11072,139244100,1521.0,0.0,0.0,0.0,0.0,0.0
092070,디엔에프,12050,12400,11550,11950,136462,1635728650,3966.0,11.51,3.011878309379728,1038.0,0.0,0.0
101000,디엠씨,3990,4200,3880,4045,33957,136051830,2386.0,13.95,1.6958953269069572,290.0,0.62,25.0
134580,디엠티,3880,3890,3745,3800,21676,82676560,4090.0,10.92,0.9292940097799511,348.0,1.84,70.0
039840,디오,35900,36000,34700,35200,128938,4540725200,3811.0,0.0,0.0,0.0,0.0,0.0
108860,디오텍,3255,3400,3185,3250,81681,265324815,2498.0,0.0,0.0,0.0,0.0,0.0
079810,디이엔티,4280,4445,4260,4260,39625,170953280,2690.0,0.0,0.0,0.0,0.0,0.0
113810,디젠스,1270,1310,1230,1275,81826,104513440,1365.0,0.0,0.0,0.0,0.0,0.0
043360,디지아이,3220,3340,3130,3270,49965,162354040,5768.0,18.17,0.5670834778085991,180.0,1.53,50.0
106520,디지탈옵틱,11400,11750,10800,11500,593917,6688578000,5013.0,0.0,0.0,0.0,0.0,0.0
068930,디지털대성,3000,3040,2995,3015,15053,45258995,2738.0,8.17,1.1013228177501826,369.0,5.31,160.0
033130,디지틀조선,4980,5080,4920,4985,422621,2115983345,1584.0,51.38,3.1460700757575757,97.0,0.8,40.0
033310,디케이디앤아이,2490,2565,2430,2430,79044,196628835,1614.0,6.85,1.507004143432466,355.0,0.0,0.0
105740,디케이락,5100,5120,5010,5050,35235,178193450,9403.0,6.8,0.5373796095660959,743.0,3.96,200.0
187220,디티앤씨,14800,15300,14750,14950,21845,328903050,6482.0,13.96,2.3067207748380127,1071.0,0.0,0.0
131180,딜리,2710,2785,2650,2700,429607,1167602605,1667.0,22.88,1.6192261547690463,118.0,1.85,50.0
042510,라온시큐어,3970,3970,3590,3620,3992114,14866962175,315.0,0.0,0.0,0.0,0.0,0.0
050120,라이브플렉스,1465,1515,1445,1445,442496,649077270,1145.0,111.1,1.2616812227074237,13.0,0.0,0.0
171120,라이온켐텍,12900,12950,12550,12750,24274,309172950,7792.0,19.62,1.6370957392197125,650.0,0.78,100.0
171010,램테크놀러지,2550,2620,2445,2445,7140,17741325,1925.0,0.0,0.0,0.0,0.0,0.0
084650,랩지노믹스,26600,27400,25600,26600,33609,901399100,5155.0,40.12,5.1605965082444225,663.0,0.0,0.0
141080,레고켐바이오,28650,29650,27350,27700,136303,3880241900,2618.0,0.0,0.0,0.0,0.0,0.0
060300,레드로버,8890,9020,8640,8900,582563,5172946710,2491.0,107.25,3.573564833400241,83.0,0.0,0.0
038390,레드캡투어,21200,21700,21150,21650,2442,52469550,14753.0,10.76,1.4671401579339796,2012.0,2.77,600.0
047440,레이젠,2060,2265,1955,1955,1698748,3494492005,3358.0,18.62,0.5823779035139964,105.0,0.0,0.0
026040,로만손,9030,9300,8840,9220,168816,1534703400,4601.0,15.73,2.0029918767659205,586.0,1.08,100.0
090360,로보스타,10100,10250,9970,10050,120931,1219951740,3744.0,36.4,2.6837940705128207,276.0,0.0,0.0
016170,로엔,68200,70000,66300,68900,61637,4228493800,7993.0,38.25,8.61857250093832,1801.0,1.03,711.0
067730,로지시스,4700,4800,4570,4570,92514,431954290,1610.0,18.73,2.839246894409938,244.0,4.05,185.0
071280,로체시스템즈,4215,4345,3950,4170,94382,389507715,5103.0,0.0,0.0,0.0,0.0,0.0
043710,로켓모바일,4030,4030,3705,3860,69791,265287810,1036.0,0.0,0.0,0.0,0.0,0.0
109960,로코조이,7370,7700,7050,7370,79373,590551830,380.0,0.0,0.0,0.0,0.0,0.0
038060,루멘스,4800,4965,4775,4850,1111689,5440311600,4807.0,19.02,1.0087340076971083,255.0,0.52,25.0
082800,루미마이크로,1135,1165,1120,1120,170318,192863455,894.0,0.0,0.0,0.0,0.0,0.0
085370,루트로닉,48900,49950,48200,49900,138391,6848446350,3253.0,328.2,15.337841992007379,152.0,0.05,25.0
060240,룽투코리아,9820,10200,9800,9810,26358,262751360,954.0,0.0,0.0,0.0,0.0,0.0
042940,르네코,944,1195,935,966,1677330,1779422415,688.0,0.0,0.0,0.0,0.0,0.0
058470,리노공업,38800,39800,38400,39800,21571,851303450,10252.0,19.64,3.881379852711666,2026.0,1.76,700.0
039980,리노스,2985,3125,2985,3065,396454,1214907760,1496.0,18.45,2.04760611631016,166.0,1.63,50.0
197210,리드,5320,5460,4780,5070,644036,3249661815,520.0,7.36,9.751171875,689.0,0.0,0.0
012700,리드코프,8980,8980,8630,8930,94034,829025590,8070.0,6.11,1.1068037484510533,1462.0,1.12,100.0
038340,리젠,1580,1630,1550,1580,742979,1171378855,446.0,0.0,0.0,0.0,0.0,0.0
131100,리켐,2350,2400,2240,2365,99996,232858470,5564.0,0.0,0.0,0.0,0.0,0.0
042500,링네트,4100,4235,3960,3960,575420,2376373330,2941.0,10.42,1.3465870452227133,380.0,0.0,0.0
098120,마이크로컨텍솔,5320,5430,5250,5250,50454,268371940,4735.0,5.21,1.1093189017951426,1008.0,3.05,160.0
035480,마제스타,3045,3085,2960,3075,96941,293878660,1362.0,43.94,2.2581681350954477,70.0,0.0,0.0
038290,마크로젠,38200,38550,37300,37650,121170,4620552000,7561.0,109.44,4.979037164396244,344.0,0.0,0.0
005990,매일유업,40500,41850,39850,41650,41039,1696784250,25855.0,21.84,1.6111402533359118,1907.0,0.3,125.0
127160,매직마이크로,4930,5150,4740,5000,42187,205752115,5355.0,3.83,0.9333803834033614,1305.0,0.0,0.0
093520,매커스,3145,3190,3070,3070,236896,739457315,2353.0,9.03,1.3049830004249894,340.0,0.0,0.0
141070,맥스로텍,2665,2670,2560,2605,53673,139442750,2115.0,130.2,1.2316784869976358,20.0,1.15,30.0
072870,메가스터디,39050,40700,39050,39800,2056,81865500,59889.0,6.85,0.6650325237105311,5813.0,5.53,2200.0
215200,메가스터디교육,59200,59900,58200,58700,708,41567800,0.0,0.0,0.0,0.0,0.0,0.0
133750,메가엠디,3885,4045,3835,3900,1110349,4380230580,2460.0,14.72,1.5855564024390243,265.0,0.0,0.0
041920,메디아나,24600,25550,24000,24750,106206,2640657550,3780.0,41.25,6.5476190476190474,600.0,0.0,0.0
086900,메디톡스,526200,529000,509000,509600,31372,16036110100,14424.0,62.84,35.32564649195785,8108.0,0.29,1500.0
078160,메디포스트,101600,102400,99100,99100,120980,12181528000,16178.0,0.0,0.0,0.0,0.0,0.0
065650,메디프론,3305,3390,3215,3335,181590,605909125,1011.0,0.0,0.0,0.0,0.0,0.0
140410,메지온,28200,28950,27800,28000,35190,996136000,8149.0,0.0,0.0,0.0,0.0,0.0
059210,메타바이오메드,4305,4350,4130,4130,262047,1111453440,2268.0,0.0,0.0,0.0,0.24,10.0
058110,멕아이씨에스,10500,10750,9800,9800,322925,3256743470,381.0,0.0,0.0,0.0,5.1,500.0
096640,멜파스,5450,5510,5360,5360,72559,395305040,6597.0,0.0,0.0,0.0,0.0,0.0
149940,모다정보통신,4880,5040,4645,4715,257062,1227813455,1750.0,0.0,0.0,0.0,0.0,0.0
080160,모두투어,29850,30850,29850,30350,35838,1090563500,7835.0,23.75,3.873962986598596,1278.0,1.68,510.0
100030,모바일리더,10900,11200,10550,11150,56628,618946000,9260.0,26.17,1.2040193034557236,426.0,0.0,0.0
101330,모베이스,6660,6900,6660,6800,23742,160714190,9142.0,3.05,0.7438406701214176,2229.0,1.22,83.0
033200,모아텍,2495,2520,2470,2510,10850,27106295,7202.0,0.0,0.0,0.0,0.0,0.0
006920,모헨즈,4630,4745,4625,4640,47174,220344015,1426.0,18.7,3.2527173913043477,248.0,0.0,0.0
001810,무림SP,3415,3635,3405,3475,60574,210120350,8143.0,0.0,0.0,0.0,1.01,35.0
161570,미동전자통신,10300,10450,9940,9940,448514,4561592730,3730.0,50.2,2.664108579088472,198.0,0.5,50.0
095500,미래나노텍,4935,5140,4880,5010,59623,296640035,5895.0,0.0,0.0,0.0,0.0,0.0
215750,미래에셋제3호스팩,1980,2085,1980,2015,25640,51190820,0.0,0.0,0.0,0.0,0.0,0.0
222420,미래에셋제4호스팩,0,0,0,2240,0,0,91.0,0.0,0.0,0.0,0.0,0.0
049950,미래컴퍼니,15550,15800,15000,15300,80317,1235464300,8039.0,0.0,0.0,0.0,0.0,0.0
213090,미래테크놀로지,12500,12650,12100,12400,19642,240991200,3848.0,10.92,3.224337318087318,1136.0,1.01,125.0
207760,미스터블루,4500,4500,4300,4460,68199,301909790,1925.0,0.0,0.0,0.0,0.0,0.0
059090,미코,2205,2345,2205,2260,96273,217863135,2001.0,0.0,0.0,0.0,0.0,0.0
214180,민앤지,29300,29800,28500,28800,97236,2819449250,2276.0,21.8,12.650998187609842,1321.0,0.0,0.0
206640,바디텍메드,0,0,0,4100,0,0,1927.0,0.0,0.0,0.0,0.0,0.0
018700,바른손,2525,2655,2525,2560,122641,316313630,745.0,0.0,0.0,0.0,0.0,0.0
035620,바른손이앤에이,2285,2480,2215,2245,1654366,3910009910,307.0,0.0,0.0,0.0,0.0,0.0
064520,바른전자,4215,4470,3755,3755,48701832,201375404385,799.0,125.2,4.70040675844806,30.0,0.0,0.0
053030,바이넥스,19050,19500,18550,19100,955434,18234105000,4267.0,47.16,4.475809995312866,405.0,0.0,0.0
084990,바이로메드,191600,201500,184500,196700,388274,75221559500,4724.0,17890.0,41.65283657917019,11.0,0.0,0.0
064550,바이오니아,10750,11050,10250,10650,93796,1003443350,2155.0,0.0,0.0,0.0,0.0,0.0
052260,바이오랜드,27100,27450,26350,26500,145888,3907754300,7632.0,37.62,3.470649895178197,704.0,0.94,250.0
208710,바이오로그디바이스,3190,3635,3120,3325,5861867,19740142285,1973.0,0.0,0.0,0.0,0.0,0.0
038460,바이오스마트,8280,9080,8250,8550,2765604,24055207250,3557.0,158.4,2.404343547933652,54.0,0.0,0.0
086040,바이오톡스텍,6130,6290,5890,6100,38439,231521380,1800.0,0.0,0.0,0.0,0.0,0.0
043150,바텍,45000,46000,44000,45100,111927,5058106300,5895.0,68.44,7.650604325699746,659.0,0.22,100.0
046310,백금T&A,3125,3125,2990,2995,56977,172469000,1973.0,0.0,0.0,0.0,0.0,0.0
066110,백산OPC,918,970,881,892,300243,275116318,263.0,0.0,0.0,0.0,0.0,0.0
036620,버추얼텍,1675,1735,1575,1575,91447,150379895,2334.0,0.0,0.0,0.0,0.0,0.0
104200,벅스,9700,10100,9650,9990,125625,1241278430,3916.0,15.81,2.5519662921348316,632.0,0.0,0.0
177350,베셀,8560,8840,8470,8680,97394,835302470,3501.0,4.01,2.4808257908454725,2165.0,0.0,0.0
225530,보광산업,7440,7520,6970,7000,838260,5992208860,2405.0,11.59,2.9116943866943865,604.0,0.0,0.0
014100,보령메디앙스,20600,21300,20350,20750,127396,2655124150,3416.0,42.0,6.073770491803279,494.0,0.0,0.0
006910,보성파워텍,4960,5040,4860,4880,886075,4388520195,1079.0,0.0,0.0,0.0,0.0,0.0
026260,보타바이오,8390,8510,8000,8080,329940,2677332500,796.0,0.0,0.0,0.0,0.0,0.0
014470,부방,3840,4155,3840,3915,216327,855389435,4885.0,8.53,0.8016056806550665,459.0,0.0,0.0
025270,부산방직,6000,6240,5930,6100,4875,29174250,4680.0,381.2,1.3034188034188035,16.0,0.0,0.0
008470,부스타,5100,5220,5100,5130,51545,267043740,6730.0,10.91,0.7616549034175334,470.0,1.75,90.0
100120,뷰웍스,48500,50700,47050,48900,114291,5596863500,7068.0,46.66,6.917904640633843,1048.0,0.2,100.0
064480,브리지텍,4900,5010,4820,4865,103041,504793755,3195.0,15.25,1.5226134585289515,319.0,2.47,120.0
033560,블루콤,10000,10100,9640,9640,234653,2312713930,7092.0,6.47,1.3581456218274113,1489.0,4.15,400.0
200780,비씨월드제약,36200,36900,35750,35900,40041,1448698200,9247.0,39.06,3.88217124472802,919.0,0.28,100.0
052900,비아이이엠티,0,0,0,1995,0,0,1000.0,13.76,1.9948828125,145.0,0.0,0.0
141000,비아트론,25400,25700,24100,24600,375784,9328425950,5362.0,130.9,4.588679597165237,188.0,0.0,0.0
090460,비에이치,5170,5300,5070,5270,142467,738657430,6501.0,5.98,0.8113787782648824,882.0,0.0,0.0
083650,비에이치아이,2810,2895,2635,2735,1228120,3370534985,5492.0,0.0,0.0,0.0,0.0,0.0
086670,비엠티,3910,3980,3910,3975,726,2879380,7027.0,7.43,0.5656585758502918,535.0,2.52,100.0
082920,비츠로셀,11400,11400,10900,11350,34017,375597400,5931.0,13.5,1.9142640364188164,841.0,0.18,20.0
054220,비츠로시스,1305,1350,1295,1300,827763,1090970405,1492.0,0.0,0.0,0.0,0.0,0.0
042370,비츠로테크,4680,4680,4535,4565,18842,86608365,4117.0,27.67,1.109025837988827,165.0,0.0,0.0
032850,비트컴퓨터,8050,8230,7920,7920,383744,3099742430,1880.0,99.0,4.212765957446808,80.0,0.0,0.0
093190,빅솔론,14100,14150,13900,14150,11212,157120750,9439.0,10.34,1.4991259667337642,1368.0,1.41,200.0
065450,빅텍,2085,2185,2050,2140,2317277,4919573115,1304.0,28.53,1.6409844708588956,75.0,0.0,0.0
069540,빛과전자,4400,4590,4400,4500,57521,259559570,6298.0,8.18,0.7143264726897428,550.0,0.0,0.0
072950,빛샘전자,5360,5650,5360,5480,67746,373673780,7604.0,5.08,0.7199130391899,1078.0,0.0,0.0
143240,사람인에이치알,18800,20950,18200,19100,39703,772252700,5139.0,68.2,3.715216968281767,280.0,0.42,80.0
123260,사파이어테크놀로지,6870,7250,6580,6870,103914,709985390,8863.0,0.0,0.0,0.0,0.0,0.0
016100,산성앨엔에스,27300,27500,26000,26000,499438,13241793250,3277.0,28.73,7.9354926380836135,905.0,0.0,0.0
100090,삼강엠앤티,3980,3985,3825,3890,29936,115906975,3529.0,13.55,1.1017152521960896,287.0,0.0,0.0
122350,삼기오토모티브,3790,3850,3685,3765,212601,804948200,2873.0,7.59,1.3103245736164288,496.0,1.86,70.0
014970,삼륭물산,5030,5150,4875,4995,52421,258462745,3491.0,41.28,1.43083106559725,121.0,1.0,50.0
158380,삼목강업,3175,3250,3175,3190,9473,30264320,5224.0,20.98,0.6105714012251149,152.0,2.51,80.0
018310,삼목에스폼,21300,22300,20950,21550,108977,2365635150,16111.0,5.24,1.3369630997455155,4112.0,0.46,100.0
053700,삼보모터스,6580,6720,6560,6590,26891,177692440,11063.0,3.71,0.5950649123203471,1774.0,0.76,50.0
009620,삼보산업,22500,22500,22000,22250,1478,32887000,20248.0,0.0,0.0,0.0,0.0,0.0
023600,삼보판지,7800,7970,7760,7850,18791,146870140,18952.0,9.39,0.4142339858590122,836.0,0.64,50.0
111870,삼본정밀전자,7480,7550,7420,7450,4706,35131030,8381.0,41.62,0.8890198067056437,179.0,4.03,300.0
009300,삼아제약,15250,15600,15100,15300,26335,402019100,21060.0,11.57,0.7263035671889838,1322.0,1.31,200.0
054540,삼영엠텍,2790,2835,2750,2800,41524,115703700,5395.0,121.75,0.5190454124189064,23.0,0.0,0.0
065570,삼영이엔씨,7510,7620,7460,7500,3191,23988340,8622.0,9.72,0.8702012294131292,772.0,2.8,210.0
082660,삼우엠스,3000,3200,3000,3165,53762,164773525,4805.0,5.75,0.658168574401665,550.0,0.0,0.0
073640,삼원테크,1140,1140,1085,1115,207853,231203770,1754.0,0.0,0.0,0.0,0.0,0.0
032280,삼일,3240,3305,3150,3170,72366,232379915,2372.0,15.93,1.3364282514755481,199.0,0.0,0.0
002290,삼일기업공사,2260,2320,2260,2320,13469,30671160,3993.0,18.12,0.5810167793638868,128.0,1.08,25.0
037460,삼지전자,4860,4905,4695,4700,72519,346556075,5153.0,0.0,0.0,0.0,0.0,0.0
032750,삼진,9620,9930,9500,9750,69020,673281330,8904.0,8.78,1.0946976078167117,1110.0,1.03,100.0
054090,삼진엘앤디,2875,2925,2800,2850,317563,910933410,4074.0,0.0,0.0,0.0,0.0,0.0
000250,삼천당제약,8920,9160,8790,9040,204464,1843820040,5008.0,15.19,1.8044254193290734,595.0,0.83,75.0
024950,삼천리자전거,18100,18400,17800,17800,115488,2086333650,6856.0,21.8,2.59743974256126,817.0,1.12,200.0
017480,삼현철강,3330,3430,3320,3360,22308,74730200,8262.0,4.09,0.4069052968409586,822.0,4.46,150.0
046390,삼화네트웍스,1235,1280,1235,1270,104587,131324810,801.0,0.0,0.0,0.0,0.0,0.0
027580,상보,3070,3240,3070,3120,84667,267105010,2978.0,0.0,0.0,0.0,0.0,0.0
091580,상신이디피,3660,3785,3480,3710,133937,492795380,3780.0,17.1,0.9813078703703704,217.0,1.35,50.0
089980,상아프론테크,12450,12950,12100,12850,851864,10769331650,6724.0,39.3,1.9118363325401546,327.0,0.83,107.0
042600,새로닉스,3495,3570,3440,3520,18757,65620855,4255.0,5.24,0.8272914218566393,672.0,1.14,40.0
038070,서린바이오,15700,15950,15250,15400,63279,985445500,7815.0,31.56,1.9708893154190659,488.0,0.84,130.0
006730,서부T&D,20850,21400,20450,20450,137419,2859240600,13175.0,2556.0,1.5520303605313093,8.0,0.0,0.0
079650,서산,115100,117000,114000,117000,98,11305100,132144.0,6.56,0.8848919963732746,17829.0,0.43,500.0
100660,서암기계공업,3310,3390,3275,3340,65230,216829075,4356.0,25.5,0.7668732782369146,131.0,2.25,75.0
012860,서연전자,2995,3050,2985,3000,33848,101909335,5234.0,3.33,0.5732518896876194,901.0,1.67,50.0
019770,서연탑메탈,3745,3770,3630,3630,20125,73748565,6949.0,4.06,0.5215605437832782,893.0,2.2,80.0
046890,서울반도체,14550,15100,14450,14850,411724,6092084750,9571.0,0.0,0.0,0.0,0.0,0.0
036120,서울신용평가,1340,1435,1340,1375,52415,71754405,376.0,275.0,3.6569148936170213,5.0,0.0,0.0
063170,서울옥션,24900,24950,24000,24300,200336,4875754200,3301.0,109.0,7.363526204180551,223.0,0.33,80.0
027040,서울전자통신,985,1015,975,994,553379,550522781,510.0,0.0,0.0,0.0,0.0,0.0
018680,서울제약,14900,15400,14800,14850,17944,269801650,4535.0,0.0,0.0,0.0,0.24,35.0
093920,서원인텍,10300,10300,9880,9910,70745,707411790,7623.0,5.97,1.2989841597796143,1659.0,5.05,500.0
189860,서전기전,6550,6550,6230,6300,11915,75604580,6685.0,2.33,0.9424878459237098,2704.0,7.22,455.0
122690,서진오토모티브,6780,6940,6380,6380,823865,5426524900,7532.0,14.02,0.8471407411710037,455.0,0.94,60.0
011370,서한,1505,1540,1485,1525,426452,647643035,1152.0,5.82,1.3237169053819444,262.0,1.31,20.0
065710,서호전기,9290,9390,9010,9290,11893,110282140,9633.0,18.3,0.9648928163604277,508.0,3.23,300.0
033790,서화정보통신,2175,2330,2155,2155,35142,76844595,2118.0,19.4,1.017041430594901,111.0,0.0,0.0
035890,서희건설,987,1005,986,992,991548,988897827,1141.0,21.56,0.8693032427695004,46.0,0.0,0.0
003100,선광,17650,17700,17300,17650,16741,292714550,42912.0,0.0,0.0,0.0,2.83,500.0
123420,선데이토즈,12100,12200,11650,11750,253440,3001199400,2644.0,7.53,4.446399867624811,1561.0,0.0,0.0
014620,성광벤드,8150,8340,8050,8110,96467,787963560,15806.0,5.28,0.5132228267746426,1536.0,1.85,150.0
037350,성도이엔지,4370,4400,4260,4295,78776,340751675,9492.0,5.83,0.4525208728402866,737.0,1.16,50.0
081580,성우전자,6150,6150,5930,6060,94517,568095100,5016.0,8.35,1.208778782894737,726.0,1.65,100.0
045300,성우테크론,2660,2755,2655,2695,42624,115335415,4121.0,0.0,0.0,0.0,0.0,0.0
015750,성우하이텍,7860,8040,7830,7860,178454,1413740610,15307.0,4.29,0.5138917243744692,1834.0,2.54,200.0
080470,성창오토텍,4715,4845,4520,4700,158907,745379745,5721.0,22.27,0.8211933009963294,211.0,1.06,50.0
043260,성호전자,928,969,928,959,39671,37250591,1532.0,0.0,0.0,0.0,0.0,0.0
053060,세동,1430,1500,1420,1500,48294,70949675,2028.0,0.0,0.0,0.0,0.0,0.0
017510,세명전기,2775,2895,2775,2875,59547,168931865,3783.0,13.69,0.7598136399682791,210.0,2.78,80.0
214310,세미콘라이트,7690,7910,7690,7780,52712,408904630,4496.0,4.53,1.7324774799822065,1719.0,0.0,0.0
011560,세보엠이씨,6740,6780,6630,6760,6966,46561060,8729.0,9.09,0.7750887845113987,744.0,1.85,125.0
121800,세븐스타웍스,13400,15600,13050,14800,500200,7199051250,4084.0,139.6,3.6239593535749264,106.0,0.0,0.0
096690,세우테크,9400,9410,8660,8890,636635,5695629350,3865.0,32.56,2.30001617076326,273.0,0.56,50.0
100700,세운메디칼,4990,5050,4900,4900,170469,847927825,1446.0,35.5,3.387966804979253,138.0,0.51,25.0
024830,세원물산,8410,8490,8110,8460,1225,10069450,20610.0,0.0,0.0,0.0,0.89,75.0
036630,세종텔레콤,3270,3445,2885,3050,63850091,198237982935,399.0,435.8,7.644736842105263,7.0,0.0,0.0
039310,세중,3665,3810,3665,3735,86265,325233825,4029.0,9.53,0.9273392901464383,392.0,2.68,100.0
080440,세진전자,799,899,772,806,1358987,1128434064,1037.0,0.0,0.0,0.0,0.0,0.0
067770,세진티에스,2755,2880,2755,2840,16851,47187820,6036.0,29.28,0.47055686713055006,97.0,0.0,0.0
053450,세코닉스,15400,15600,14900,14950,144977,2196314200,12193.0,10.21,1.2260159517756088,1464.0,0.67,100.0
158310,세호로보트,6480,6480,6140,6250,31467,197568850,6128.0,0.0,0.0,0.0,0.0,0.0
049180,셀루메드,3420,3650,3400,3540,236249,826917550,1564.0,0.0,0.0,0.0,0.0,0.0
068270,셀트리온,119200,119400,115400,116500,1732714,202902259200,11699.0,107.9,9.95854346525344,1080.0,0.0,0.0
068760,셀트리온제약,17600,17800,17150,17450,146445,2549665800,11020.0,44.4,1.5836348684210526,393.0,0.0,0.0
053110,소리바다,4690,4890,4660,4670,185202,883098585,429.0,0.0,0.0,0.0,0.0,0.0
052190,소프트맥스,9730,10000,9710,9870,15191,148947920,3729.0,0.0,0.0,0.0,0.0,0.0
032680,소프트센,1670,1670,1600,1600,67935,110350990,1098.0,11.19,1.4570241347905282,143.0,0.0,0.0
032685,소프트센우,18400,18400,17700,17900,1485,26687850,0.0,0.0,0.0,0.0,0.0,0.0
066910,손오공,4465,4545,4320,4400,342282,1522548900,927.0,0.0,0.0,0.0,0.0,0.0
043100,솔고바이오,1270,1285,1220,1235,1702224,2122069155,438.0,0.0,0.0,0.0,0.0,0.0
070300,솔라시아,6000,6050,5780,5910,45296,265018690,3349.0,0.0,0.0,0.0,0.0,0.0
154040,솔루에타,6830,6980,6640,6750,121291,826809730,6045.0,26.89,1.1165503515301902,251.0,0.0,0.0
035610,솔본,5300,5360,5120,5350,113027,592318680,4518.0,23.27,1.1843943669765382,230.0,0.0,0.0
036830,솔브레인,36250,37250,35000,36650,58226,2122682100,25596.0,15.5,1.4315518049695264,2364.0,1.23,450.0
039230,솔브레인이엔지,1410,1470,1335,1425,666062,945225980,981.0,101.8,1.4529816513761469,14.0,0.0,0.0
086980,쇼박스,7900,8240,7840,8220,1003324,8145785000,1679.0,0.0,0.0,0.0,0.0,0.0
084180,수성,3320,3360,3320,3330,4488,14974620,3108.0,11.06,1.0713682432432432,301.0,2.1,70.0
094840,슈프리마,0,0,0,16300,0,0,9655.0,15.66,1.6880534697048162,1041.0,0.0,0.0
192440,슈피겐코리아,45800,47100,45350,45900,87594,4038810650,20736.0,5.26,2.216235125506366,8734.0,1.44,660.0
099440,스맥,3815,4055,3815,3920,143841,563500760,3731.0,29.05,1.0510126306620209,135.0,1.02,40.0
115570,스타플렉스,7850,8040,7690,7980,4255,33284630,11372.0,190.0,0.7017235314808301,42.0,0.0,0.0
032860,스틸앤리소시즈,0,0,0,2280,0,0,0.0,0.0,0.0,0.0,0.0,0.0
087220,스틸플라워,1540,1605,1535,1550,148110,231224855,5892.0,0.0,0.0,0.0,0.0,0.0
013810,스페코,4120,4245,3980,4125,690205,2841005760,3121.0,19.73,1.3215265539891061,209.0,0.0,0.0
039670,스포츠서울,2140,2220,2000,2050,191103,401613670,312.0,0.0,0.0,0.0,0.0,0.0
049830,승일,11500,11850,11250,11700,6384,73255000,20017.0,8.39,0.5847490570515063,1395.0,0.73,85.0
111610,승화프리텍,4920,5220,3985,3985,333204,1396229945,9120.0,0.0,0.0,0.0,0.0,0.0
020710,시공테크,5260,5500,5210,5460,145165,778379620,4173.0,15.92,1.3086995267193866,343.0,0.73,40.0
033170,시그네틱스,1570,1610,1545,1560,564508,890143425,2040.0,0.0,0.0,0.0,0.0,0.0
025320,시노펙스,1700,1720,1510,1510,5012897,8108545970,1476.0,0.0,0.0,0.0,0.0,0.0
131090,시큐브,4630,4825,4575,4690,15573,72468795,3007.0,64.25,1.5597771865646823,73.0,0.0,0.0
001000,신라섬유,12300,12300,11800,12050,5687,68261400,3260.0,121.75,3.6973159509202453,99.0,0.0,0.0
025870,신라에스지,6750,6750,6230,6500,3951,25584120,4780.0,67.7,1.3594142259414226,96.0,0.0,0.0
065350,신성델타테크,3320,3425,3300,3385,129482,436445235,5065.0,33.5,0.6680157946692991,101.0,1.48,50.0
086830,신양,1315,1345,1285,1305,522916,684646700,683.0,0.0,0.0,0.0,0.0,0.0
225590,신영스팩2호,2050,2050,2005,2005,33,66280,0.0,0.0,0.0,0.0,0.0,0.0
017000,신원종합개발,6060,6060,5680,5790,45315,262919400,4880.0,0.0,0.0,0.0,0.0,0.0
012790,신일제약,14000,14600,13650,14200,44127,626338550,8968.0,10.47,1.5829198260481714,1356.0,0.85,120.0
138070,신진에스엠,14000,14000,13500,13850,48568,663508900,6678.0,22.67,2.0743509471398625,611.0,0.79,110.0
203650,신한제2호SPAC,2000,2025,1995,2025,571,1141975,1907.0,2025.0,1.0618772941793393,1.0,0.0,0.0
056700,신화인터텍,1975,2010,1900,1955,39617,77584405,3472.0,6.03,0.5628240207373272,324.0,0.0,0.0
187270,신화콘텍,4850,5020,4560,4570,204408,953433125,4889.0,4.23,0.9345277664143997,1080.0,1.09,50.0
066430,신후,3105,3440,3055,3165,1217185,3948856710,0.0,0.0,0.0,0.0,0.0,0.0
007820,신흥기계,6000,6130,5890,6020,81195,490700640,3295.0,13.87,1.8265127086494688,434.0,1.11,67.0
108320,실리콘웍스,29500,30000,29000,29350,93858,2764710800,18371.0,14.44,1.5977049425725327,2033.0,2.04,600.0
204630,심엔터테인먼트,2610,2840,2560,2655,198602,538075270,1963.0,0.0,0.0,0.0,0.0,0.0
222800,심텍,5740,5860,5630,5680,60351,346923490,0.0,0.0,0.0,0.0,0.0,0.0
036710,심텍홀딩스,2160,2245,2155,2185,66050,144997545,5100.0,48.56,0.4284926470588235,45.0,0.0,0.0
160980,싸이맥스,9780,9900,9580,9790,53245,520807940,7077.0,6.06,1.3825955781051293,1615.0,0.0,0.0
010280,쌍용정보통신,1195,1210,1170,1170,187090,222001665,853.0,0.0,0.0,0.0,0.0,0.0
051170,썬코어,8430,8700,7950,8400,5649002,47313670490,1329.0,0.0,0.0,0.0,0.0,0.0
037760,쎄니트,1600,1615,1535,1570,258104,403263155,1186.0,10.47,1.3240408937605397,150.0,1.27,20.0
136510,쎄미시스코,5400,5470,5170,5240,21479,112524640,4675.0,0.0,0.0,0.0,0.38,20.0
099320,쎄트렉아이,23900,24000,23250,23550,8511,200156850,12204.0,48.88,1.930330219600131,482.0,0.64,150.0
049960,쎌바이오텍,64000,65200,62800,64000,38632,2475854800,5570.0,47.5,11.486983842010773,1347.0,0.23,150.0
050890,쏠리드,6180,6210,5980,6100,183198,1115086780,4326.0,8.58,1.4098582697642164,711.0,1.8,110.0
099830,씨그널엔터테인먼트그룹,2180,2395,2090,2345,4482550,10223071230,1047.0,0.0,0.0,0.0,0.0,0.0
066790,씨씨에스,1910,1950,1865,1880,5779122,11021589060,457.0,0.0,0.0,0.0,0.0,0.0
021880,씨엑스씨종합캐피탈,430,458,423,434,773494,337107822,368.0,0.0,0.0,0.0,0.0,0.0
115530,씨엔플러스,13000,13200,12150,13150,145300,1829289350,5502.0,0.0,0.0,0.0,0.0,0.0
037340,씨엘인터내셔널,2925,3045,2900,2950,2103102,6258334010,384.0,0.0,0.0,0.0,0.0,0.0
115480,씨유메디칼,6990,7190,6810,6840,493736,3462904910,5125.0,0.0,0.0,0.0,0.0,0.0
096530,씨젠,42250,42700,40800,40800,344133,14362542200,3744.0,112.06,10.894965277777779,364.0,0.0,0.0
900120,씨케이에이치,3110,3110,3025,3030,327280,1003960970,,,,,,
101240,씨큐브,8970,9340,8970,8980,56244,513785610,5564.0,14.79,1.613400599838246,607.0,1.11,100.0
047920,씨트리,14100,14800,13800,14150,391385,5611871550,834.0,262.0,16.964028776978417,54.0,0.0,0.0
060590,씨티씨바이오,18450,19850,17000,17050,3710330,69338720750,4903.0,0.0,0.0,0.0,0.0,0.0
036170,씨티엘,1680,1740,1650,1650,257360,435448425,1932.0,165.0,0.8540372670807453,10.0,0.0,0.0
013990,아가방컴퍼니,10650,10950,10350,10600,1308209,13988459350,5134.0,0.0,0.0,0.0,0.0,0.0
123860,아나패스,17550,17600,16450,16900,138487,2355411850,9763.0,13.54,1.7306924101198402,1248.0,2.07,350.0
058220,아리온,2410,2475,2355,2360,310996,746779515,2811.0,102.6,0.8396922803272857,23.0,0.0,0.0
052710,아모텍,16350,16500,15700,15900,267874,4310850600,13116.0,0.0,0.0,0.0,0.0,0.0
074430,아미노로직스,1100,1145,1100,1120,169770,190566710,435.0,0.0,0.0,0.0,0.0,0.0
092040,아미코젠,72300,73400,70000,72800,53399,3830274000,5780.0,81.9,12.592884948096886,889.0,0.16,120.0
083930,아바코,4895,5020,4795,4930,90203,443412885,5347.0,10.34,0.9227545820086029,477.0,1.01,50.0
149950,아바텍,7010,7210,6910,6960,90477,640105120,6907.0,4.66,1.0073278241276966,1493.0,2.87,200.0
036010,아비코전자,4920,5000,4900,4900,68033,336193550,5254.0,10.14,0.9322272316330414,483.0,3.06,150.0
050860,아세아텍,3235,3350,3235,3280,85759,283338165,4504.0,17.83,0.7283248223801065,184.0,1.52,50.0
067390,아스트,21300,21700,20650,20650,106535,2239254200,3720.0,0.0,0.0,0.0,0.0,0.0
127710,아시아경제,2630,2690,2600,2615,157023,414401835,1460.0,14.45,1.7917915239726028,181.0,0.0,0.0
143160,아이디스,16650,17050,16650,16950,5889,99637000,13273.0,17.27,1.277393486777669,982.0,1.77,300.0
054800,아이디스홀딩스,15000,15700,15000,15550,1947,30325500,16157.0,0.0,0.0,0.0,0.64,100.0
078780,아이디에스,0,0,0,13150,0,0,1339.0,0.0,0.0,0.0,0.0,0.0
060570,아이리버,4710,4920,4650,4670,40372,190447515,1532.0,51.3,3.0479357049608353,91.0,0.0,0.0
099190,아이센스,33250,34650,33250,33950,91270,3110345450,8625.0,31.9,3.9360289855072463,1064.0,0.0,0.0
214430,아이쓰리시스템,59700,59700,57900,59200,20297,1191477000,7795.0,31.66,7.594251122514432,1870.0,0.0,0.0
040910,아이씨디,7180,7240,7060,7110,67024,477934400,5710.0,0.0,0.0,0.0,1.41,100.0
068940,아이씨케이,3795,3880,3615,3820,58895,220855605,2266.0,0.0,0.0,0.0,0.0,0.0
052860,아이앤씨,2000,2090,1940,2000,86651,174043350,3995.0,0.0,0.0,0.0,0.0,0.0
069920,아이에스이커머스,6060,6150,5900,6070,48218,290060780,741.0,0.0,0.0,0.0,0.0,0.0
038880,아이에이,4175,4185,3985,4030,196334,798038315,368.0,0.0,0.0,0.0,0.0,0.0
101390,아이엠,3520,3650,3500,3555,107327,381880635,2883.0,0.0,0.0,0.0,0.0,0.0
078860,아이오케이,3755,4000,3755,3925,65791,256077780,798.0,0.0,0.0,0.0,0.0,0.0
114810,아이원스,24650,24750,24100,24300,20753,507122900,5194.0,40.78,4.679558144012322,596.0,0.21,50.0
031310,아이즈비전,3130,3145,3010,3140,44207,135840700,4239.0,15.78,0.7408513210662893,199.0,1.59,50.0
185490,아이진,24500,26500,23200,23650,743936,18228249950,488.0,0.0,0.0,0.0,0.0,0.0
059100,아이컴포넌트,16400,16600,15900,16600,110356,1805006950,3986.0,0.0,0.0,0.0,0.0,0.0
052460,아이크래프트,9060,9400,8800,8840,50165,450675890,4013.0,48.3,2.203136680787441,183.0,0.79,70.0
119830,아이텍반도체,7250,7250,5440,5600,695634,4134847460,4555.0,33.53,1.229356476399561,167.0,0.0,0.0
124500,아이티센,12800,12800,12050,12200,13046,160411150,5675.0,6.59,2.1505534140969162,1852.0,0.16,19.0
053810,아이팩토리,0,0,0,10100,0,0,2820.0,0.0,0.0,0.0,0.0,0.0
032080,아즈텍WB,2440,2505,2395,2440,145137,354611305,4615.0,19.52,0.5285922264355363,125.0,2.05,50.0
013310,아진산업,7020,7580,6850,7140,836197,6015254050,7813.0,4.0,0.9133495456290798,1784.0,0.0,0.0
059120,아진엑스텍,6100,6420,6100,6290,14120,89961500,4470.0,10.92,1.4073825503355704,576.0,0.0,0.0
056730,아큐픽스,2090,2100,2005,2055,213392,436975195,307.0,0.0,0.0,0.0,0.0,0.0
023890,아트라스BX,37800,38150,37100,38000,8147,307919000,43235.0,6.74,0.8793195978374002,5642.0,1.84,700.0
067160,아프리카TV,20800,21300,20250,20300,184687,3826779450,4115.0,68.1,4.9334750911300125,298.0,0.74,150.0
001540,안국약품,20550,20850,19850,20000,156961,3178239700,9415.0,0.0,0.0,0.0,1.0,200.0
053800,안랩,67200,72000,65800,65800,706251,48478077800,15156.0,63.16,4.342096364476115,1042.0,0.46,300.0
131370,알서포트,2005,2045,1930,1990,183318,366400045,1010.0,0.0,0.0,0.0,0.0,0.0
096610,알에프세미,7060,7300,7060,7260,8757,63632740,6381.0,18.44,1.1384383325497571,394.0,0.34,25.0
061040,알에프텍,6900,7090,6780,6780,98953,678571870,7606.0,0.0,0.0,0.0,0.68,46.0
196170,알테오젠,45550,46100,43500,44500,80238,3595514550,6421.0,195.1,6.928593676997353,228.0,0.0,0.0
123750,알톤스포츠,6050,6100,5960,6030,37114,223526600,4775.0,10.52,1.2628125,573.0,1.66,100.0
085810,알티캐스트,4120,4200,4090,4100,118851,492083505,4564.0,6.52,0.898506826522787,629.0,3.66,150.0
117670,알파칩스,6010,6190,5940,5970,84460,512549770,4080.0,17.16,1.463327205882353,348.0,1.17,70.0
022220,애강리메텍,1940,1990,1900,1955,48406,94000240,1013.0,0.0,0.0,0.0,0.0,0.0
205500,액션스퀘어,1270,1310,1220,1220,1540224,1939447785,1947.0,610.0,0.6266050333846944,2.0,0.0,0.0
052790,액토즈소프트,24350,24900,22750,23000,241183,5688801550,10903.0,0.0,0.0,0.0,0.0,0.0
131400,액트,1675,1690,1590,1650,484339,789679475,2355.0,0.0,0.0,0.0,0.0,0.0
030960,양지사,6850,7450,6850,7200,38138,269926420,3760.0,0.0,0.0,0.0,0.69,50.0
102120,어보브반도체,5180,5320,5150,5190,55954,292657650,3967.0,13.11,1.3086242752709856,396.0,0.77,40.0
019990,에너토크,4950,5090,4850,4995,5065,24923225,4041.0,14.03,1.2361111111111112,356.0,2.0,100.0
025980,에머슨퍼시픽,33800,35300,32650,34600,79518,2718669650,4275.0,128.6,8.09359649122807,269.0,0.0,0.0
041440,에버다임,8800,8890,8600,8700,9585,83316870,7808.0,11.54,1.1142998367059427,754.0,1.72,150.0
038680,에스넷,6830,6950,6740,6740,204889,1399718040,4257.0,21.67,1.5832635952548744,311.0,0.74,50.0
121890,에스디시스템,8050,8160,7880,8030,20110,161314040,7448.0,8.19,1.0773026315789473,980.0,1.25,100.0
097780,에스맥,2585,2745,2585,2675,79975,214746990,6581.0,0.0,0.0,0.0,0.0,0.0
042110,에스씨디,2075,2080,2035,2075,59457,121794070,1581.0,10.75,1.312302340290955,193.0,0.0,0.0
065420,에스아이리소스,1000,1005,974,998,215557,214045032,334.0,0.0,0.0,0.0,0.0,0.0
050320,에스아이티글로벌,7900,8480,7900,8290,186100,1536438260,745.0,0.0,0.0,0.0,0.0,0.0
103230,에스앤더블류,3425,3570,3405,3475,11925,41253010,7660.0,124.1,0.4537206266318538,28.0,0.0,0.0
900080,에스앤씨엔진그룹,1705,1785,1675,1740,388675,674794125,,,,,,
101490,에스앤에스텍,7050,7100,6780,7000,161230,1115259960,2966.0,0.0,0.0,0.0,0.0,0.0
095910,에스에너지,7000,7030,6700,6840,26051,178934420,7564.0,24.44,0.904613960867266,280.0,1.46,100.0
036500,에스에스컴텍,1915,1965,1750,1815,3816801,7105502360,3103.0,0.0,0.0,0.0,0.0,0.0
031330,에스에이엠티,1785,1820,1755,1785,538164,960297635,793.0,0.0,0.0,0.0,0.0,0.0
060540,에스에이티,1740,1785,1705,1730,272209,474647490,2482.0,12.18,0.6968233783239323,142.0,0.0,0.0
112240,에스에프씨,2755,2785,2720,2745,30748,84311465,3707.0,19.2,0.7407733679525222,143.0,0.55,15.0
056190,에스에프에이,50100,52200,50100,51500,101190,5204229600,26594.0,21.89,1.9368519449875912,2353.0,1.27,652.0
080000,에스엔유,4760,4840,4645,4650,161917,765737745,3162.0,0.0,0.0,0.0,0.0,0.0
160600,에스엔텍,16000,16050,15350,15950,28595,449242950,2455.0,21.5,6.49816700610998,742.0,0.0,0.0
041510,에스엠,46900,48000,45900,46500,371168,17412697700,11689.0,159.2,3.978184618016939,292.0,0.0,0.0
109610,에스와이패널,10900,11150,10550,11000,379304,4124016600,6521.0,14.51,1.686385811225272,758.0,0.0,0.0
096630,에스코넥,1530,1710,1465,1500,40060350,63947792025,980.0,15.15,1.5303013392857143,99.0,0.0,0.0
069510,에스텍,10000,10000,9720,9930,3818,37539370,9228.0,6.41,1.075305794863459,1548.0,3.83,380.0
041910,에스텍파마,27300,27750,26400,27100,341256,9267507250,6979.0,34.1,3.883727074079381,795.0,0.18,50.0
039440,에스티아이,8150,8260,7900,8080,157534,1278788780,3211.0,18.53,2.5162332606664592,436.0,0.87,70.0
098660,에스티오,4120,4120,3960,4120,4125,16671975,3209.0,0.0,0.0,0.0,0.49,20.0
052020,에스티큐브,5220,5330,5050,5050,149166,771072620,993.0,0.0,0.0,0.0,0.0,0.0
050760,에스폴리텍,1440,1465,1400,1450,11276,16208970,2871.0,0.0,0.0,0.0,0.0,0.0
058610,에스피지,4795,5000,4795,4960,70563,345512240,4503.0,16.0,1.1014878969575839,310.0,4.03,200.0
043340,에쎈테크,625,640,611,629,455802,286088412,307.0,41.94,2.0490635179153096,15.0,0.0,0.0
054630,에이디칩스,2190,2250,2060,2090,67104,144720225,451.0,0.0,0.0,0.0,0.0,0.0
200710,에이디테크놀로지,12200,12600,11900,12000,93338,1145314450,9212.0,3.39,1.3014817629179332,3536.0,0.0,0.0
031860,에이모션,3620,3725,3450,3570,105158,377604220,2207.0,28.11,1.617530867693702,127.0,0.0,0.0
003800,에이스침대,135100,139800,135100,138800,22,3017100,146350.0,11.17,0.9484834087803211,12425.0,1.8,2500.0
088800,에이스테크,4010,4030,3845,3980,129536,514797455,5181.0,7.52,0.7677730228237792,529.0,1.26,50.0
138360,에이씨티,17300,18300,17300,17500,55427,987679100,6404.0,24.06,2.731642332916927,727.0,1.0,175.0
035290,에이원앤,5250,5270,4850,5240,70019,350678370,731.0,0.0,0.0,0.0,0.0,0.0
028300,에이치엘비,22850,22850,21500,21700,321040,7039100550,854.0,0.0,0.0,0.0,0.0,0.0
067630,에이치엘비생명과학,4300,4310,4170,4260,74321,314475015,1006.0,40.56,4.233660536779324,105.0,0.0,0.0
226340,에이치엠씨3호스팩,2000,2000,1995,1995,4651,9283745,0.0,0.0,0.0,0.0,0.0,0.0
044780,에이치케이,1895,1970,1880,1910,394748,760999930,2400.0,12.17,0.7962434895833334,157.0,0.0,0.0
071670,에이테크솔루션,4585,4720,4545,4550,51232,234284760,6829.0,74.56,0.6660290672133549,61.0,0.0,0.0
045660,에이텍,4050,4050,3950,4020,39189,156249530,4812.0,7.5,0.8354114713216958,536.0,2.49,100.0
224110,에이텍티앤,9500,9640,9450,9510,17406,165288770,0.0,0.0,0.0,0.0,0.0,0.0
021080,에이티넘인베스트,1980,2080,1975,2050,318777,646729040,1055.0,23.56,1.943068720379147,87.0,1.22,25.0
089530,에이티세미콘,1020,1070,1000,1030,1996675,2064334150,1080.0,0.0,0.0,0.0,0.0,0.0
182400,에이티젠,37550,39600,36950,38250,211742,8102661700,0.0,0.0,0.0,0.0,0.0,0.0
073570,에이티테크놀러지,1785,1785,1690,1765,369811,639490245,419.0,0.0,0.0,0.0,0.0,0.0
043580,에임하이,5890,6470,5550,6020,1107792,6775090040,1231.0,0.0,0.0,0.0,0.0,0.0
214870,에치디프로,7490,7570,7350,7380,48075,357580370,8383.0,6.09,0.8797328857509245,1211.0,0.0,0.0
038870,에코에너지,17450,17450,15950,15950,73570,1209373050,5174.0,11.53,3.0822803923463473,1383.0,0.0,0.0
086520,에코프로,14050,14350,13550,13750,820201,11452838650,5187.0,128.5,2.6507615191825717,107.0,0.0,0.0
038110,에코플라스틱,3760,3840,3545,3645,2031325,7485719360,5444.0,13.35,0.6695401474099927,273.0,1.37,50.0
073540,에프알텍,3260,3470,3185,3350,192566,642845570,3609.0,14.32,0.9284990648379052,234.0,0.0,0.0
036810,에프에스티,3620,3840,3565,3815,171487,637652245,3222.0,17.11,1.1841684124767224,223.0,2.1,80.0
173940,에프엔씨엔터,20350,20800,19650,19950,170907,3427488750,4438.0,25.38,4.494085173501578,786.0,1.0,200.0
065160,에프티이앤이,7300,7940,6990,7870,1852594,14190276970,949.0,0.0,0.0,0.0,0.0,0.0
054940,엑사이엔씨,2250,2350,2045,2050,2251683,4900170310,1652.0,7.51,1.2413433527542372,273.0,0.0,0.0
950130,엑세스바이오,7500,7640,7310,7310,313979,2342041730,,,,,,
205100,엑셈,3890,4030,3860,3980,53949,214722470,1912.0,0.0,0.0,0.0,0.0,0.0
092870,엑시콘,7800,7970,7320,7600,70664,537490960,5796.0,8.6,1.311901526915114,884.0,0.0,0.0
067570,엔브이에이치코리아,3010,3140,2930,2945,36538,108486795,4751.0,0.0,0.0,0.0,3.4,100.0
054340,엔알케이,1480,1540,1480,1530,117525,177905375,2906.0,0.0,0.0,0.0,0.0,0.0
217820,엔에스,17300,18200,16650,17600,87561,1546345650,5925.0,11.13,2.972507911392405,1582.0,0.0,0.0
095300,엔에스브이,7770,8180,7490,7760,245911,1931922190,2160.0,0.0,0.0,0.0,0.0,0.0
207720,엔에이치SL스팩,2045,2240,2045,2170,6333,14120620,1789.0,542.5,1.21296813862493,4.0,0.0,0.0
198440,엔에이치스팩3호,2045,2045,2045,2045,18,36810,1931.0,127.8,1.0590367685137234,16.0,0.0,0.0
215790,엔에이치스팩5호,2005,2005,2005,2005,345,691725,0.0,0.0,0.0,0.0,0.0,0.0
217810,엔에이치스팩7호,2000,2005,2000,2000,786,1572090,0.0,0.0,0.0,0.0,0.0,0.0
218410,엔에이치스팩8호,0,0,0,2075,0,0,0.0,0.0,0.0,0.0,0.0,0.0
225570,엔에이치스팩9호,1990,2005,1990,2005,29283,58521645,0.0,0.0,0.0,0.0,0.0,0.0
206400,엔터메이트,2945,2945,2850,2900,160186,465606395,1895.0,0.0,0.0,0.0,0.0,0.0
069410,엔텔스,14850,15200,14550,14600,44893,664797050,6569.0,19.81,2.2228364286801643,737.0,0.68,100.0
068150,엔티피아,3045,3160,2950,2950,4383863,13351011695,311.0,0.0,0.0,0.0,0.0,0.0
048830,엔피케이,3505,3600,3385,3395,269953,941723180,2325.0,485.0,1.4602150537634409,7.0,0.88,30.0
096870,엘디티,3100,3130,2930,3065,17319,51808770,2486.0,0.0,0.0,0.0,0.0,0.0
061970,엘비세미콘,1350,1350,1285,1310,26102,33835675,2040.0,0.0,0.0,0.0,0.0,0.0
138690,엘아이에스,16900,17400,16700,17000,61201,1043113750,1319.0,0.0,0.0,0.0,0.0,0.0
208140,엘아이지스팩2호,0,0,0,2000,0,0,1920.0,0.0,0.0,0.0,0.0,0.0
220260,엘아이지이에스스팩,1990,2030,1985,2005,32226,64276845,0.0,0.0,0.0,0.0,0.0,0.0
066970,엘앤에프,7790,8120,7790,7840,89237,710122090,4015.0,0.0,0.0,0.0,0.26,20.0
073110,엘엠에스,8600,8900,8600,8800,58246,508392680,13099.0,3.1,0.6708445360809986,2835.0,0.57,50.0
083310,엘오티베큠,10050,11500,9740,11500,959175,10424961400,5510.0,27.0,2.0874773139745915,426.0,0.0,0.0
037950,엘컴텍,1600,1640,1575,1605,92842,148527650,643.0,114.6,2.495723172628305,14.0,0.0,0.0
170920,엘티씨,10950,11100,10450,10900,34424,367949250,11685.0,7.51,0.9334202503209242,1452.0,1.38,150.0
058630,엠게임,4705,4795,4560,4630,177654,828514830,1001.0,0.0,0.0,0.0,0.0,0.0
019590,엠벤처투자,560,570,532,570,874008,481147109,347.0,0.0,0.0,0.0,0.0,0.0
097520,엠씨넥스,29300,29350,28250,28450,105676,3047810750,8561.0,18.34,3.3212022544095317,1550.0,1.05,300.0
009780,엠에스씨,69200,70200,68500,69300,363,25167600,50078.0,12.85,1.3834972130975678,5391.0,0.65,450.0
123040,엠에스오토텍,4455,4600,4360,4360,2003,8855320,2559.0,0.0,0.0,0.0,1.72,75.0
074150,엠제이비,4105,4290,4105,4170,254261,1069054170,1335.0,6.33,3.1237710674157304,659.0,0.0,0.0
032790,엠젠플러스,5670,5770,5300,5310,334244,1848346450,6580.0,0.0,0.0,0.0,0.0,0.0
180400,엠지메드,32350,32800,31100,31950,15850,510500400,4189.0,202.2,7.628431606588685,158.0,0.0,0.0
033160,엠케이전자,6210,6300,6150,6250,65342,407601380,5966.0,12.21,1.0479383171304055,512.0,2.4,150.0
050540,엠피씨,5270,5380,4995,5230,67960,348370295,1974.0,307.8,2.6503292806484295,17.0,0.0,0.0
115960,연우,39400,39700,38550,38700,55127,2143781200,8675.0,40.88,4.462089337175793,947.0,0.0,0.0
090740,연이정보통신,2670,2785,2655,2755,55181,149602415,4705.0,13.84,0.5855273645058449,199.0,0.0,0.0
193250,영백씨엠,10900,11050,10600,10650,25706,275240800,5747.0,9.29,1.852316969723334,1146.0,0.0,0.0
007530,영신금속,3000,3000,2815,2885,13007,37740865,5222.0,8.64,0.5526558310991957,334.0,0.87,25.0
143540,영우디에스피,9600,9650,9110,9400,48489,455174540,4970.0,13.28,1.891976861167002,708.0,0.0,0.0
036180,영인프런티어,6470,6470,6240,6250,202554,1278637340,888.0,446.5,7.039414414414415,14.0,0.0,0.0
036560,영풍정밀,7800,7840,7740,7820,10917,85074080,18046.0,12.31,0.43325044331153717,635.0,1.28,100.0
036000,예림당,4265,5340,4120,4120,3944120,18715457230,3814.0,11.11,1.0806445005243839,371.0,3.64,150.0
053280,예스24,8610,8980,8610,8870,94818,832257540,4476.0,10.65,1.9817132344727435,833.0,1.13,100.0
122640,예스티,17750,18050,17150,17300,61780,1080252200,3985.0,46.12,4.340495608531995,375.0,0.0,0.0
045060,오공,4125,4195,4040,4085,92791,381272765,4111.0,18.56,0.9933714424714182,220.0,1.22,50.0
080520,오디텍,7330,7470,7280,7310,58411,430315140,8392.0,10.85,0.8715387422545281,674.0,1.37,100.0
039830,오로라,12350,12650,12200,12200,152040,1887478000,7425.0,14.72,1.6433459595959596,829.0,0.82,100.0
046120,오르비텍,5830,5840,5290,5580,56583,312786580,1597.0,0.0,0.0,0.0,0.0,0.0
014940,오리엔탈정공,2270,2560,2150,2285,1335280,3159943625,645.0,0.0,0.0,0.0,0.0,0.0
065500,오리엔트정공,1295,1295,1215,1245,94882,118318180,624.0,0.0,0.0,0.0,0.0,0.0
010470,오리콤,9080,10650,9040,9110,294136,2873196770,5668.0,37.97,1.6077099505998589,240.0,2.2,200.0
053980,오상자이엘,10050,10200,9800,9970,18446,183652070,3638.0,57.62,2.7402762506871907,173.0,0.0,0.0
052420,오성엘에스티,690,749,688,711,5023400,3617066914,911.0,0.0,0.0,0.0,0.0,0.0
039200,오스코텍,9130,9410,8900,9150,431801,3955766940,935.0,0.0,0.0,0.0,0.0,0.0
031510,오스템,1975,2040,1975,2010,176248,352835890,4271.0,4.83,0.470264575040974,416.0,1.99,40.0
048260,오스템임플란트,86000,87200,82500,82600,270879,22679473200,6996.0,75.06,11.802279874213836,1100.0,0.0,0.0
138080,오이솔루션,11000,11000,10400,10400,61881,656718850,9453.0,4.49,1.100110827911774,2317.0,1.92,200.0
080580,오킨스전자,6120,6240,5960,6020,54537,330546700,6127.0,5.26,0.9824394075403949,1144.0,1.16,70.0
067170,오텍,4450,4550,4410,4445,30345,135570685,6870.0,40.4,0.6469705240174672,110.0,1.57,70.0
049480,오픈베이스,2275,2390,2275,2300,2955909,6907152280,1505.0,20.0,1.5282392026578073,115.0,1.09,25.0
057540,옴니시스템,2670,2755,2635,2755,1021633,2772904980,1388.0,35.78,1.9849828890489913,77.0,0.0,0.0
057680,옴니텔,3240,3350,3030,3350,125324,401907350,832.0,47.88,4.027944711538462,70.0,0.0,0.0
082210,옵트론텍,5170,5310,5070,5220,275043,1430778710,3510.0,0.0,0.0,0.0,0.0,0.0
109080,옵티시스,5400,5670,5400,5650,10572,58737970,4910.0,9.72,1.1500190936863544,581.0,0.88,50.0
052770,와이디온라인,5410,5510,5070,5070,293700,1544305130,447.0,0.0,0.0,0.0,0.0,0.0
122990,와이솔,13850,13900,13350,13450,218283,2977298000,4945.0,18.62,2.7193629929221435,722.0,0.74,100.0
067900,와이엔텍,3480,3490,3340,3385,150040,510199330,5352.0,12.87,0.6323001331278026,263.0,0.0,0.0
155650,와이엠씨,3330,3395,3235,3330,37799,125769450,4033.0,475.8,0.8257500619885941,7.0,0.0,0.0
019210,와이지-원,10850,10850,10550,10550,89888,958816050,8581.0,20.61,1.229693508915045,512.0,1.42,150.0
122870,와이지엔터테인먼트,40600,41550,39750,40700,126460,5164606800,11777.0,30.66,3.4568650759955846,1328.0,0.61,250.0
079000,와토스코리아,8720,9070,8670,8730,13036,114181300,10919.0,7.98,0.7995817210825167,1094.0,1.72,150.0
900180,완리,2010,2115,2005,2060,448728,919617790,,,,,,
089230,용현BM,10150,10800,9980,9980,439439,4531332900,12220.0,0.0,0.0,0.0,0.0,0.0
114630,우노앤컴퍼니,5000,5150,4950,5120,17178,86325885,4586.0,16.0,1.116441343218491,320.0,1.95,100.0
032820,우리기술,713,770,697,720,4059688,2987306362,543.0,0.0,0.0,0.0,0.0,0.0
041190,우리기술투자,511,511,485,489,225630,111677355,646.0,11.93,0.7571473490712074,41.0,3.07,15.0
115440,우리넷,5960,6400,5500,5540,2965794,17912221470,6511.0,8.02,0.8515121045154355,691.0,2.71,150.0
046970,우리로,3090,3090,2915,2970,15131,44885195,1666.0,0.0,0.0,0.0,0.0,0.0
215360,우리산업,28350,29700,27350,28350,219265,6277653400,0.0,0.0,0.0,0.0,0.0,0.0
072470,우리산업홀딩스,10650,10850,10200,10250,239946,2526621400,6684.0,9.29,1.532889876944943,1103.0,0.29,30.0
153490,우리이앤엘,1360,1425,1360,1380,105207,146697020,2370.0,0.0,0.0,0.0,0.0,0.0
082850,우리이티아이,2600,2705,2585,2700,172153,459341165,3560.0,0.0,0.0,0.0,0.93,25.0
037400,우리조명,3210,3400,3200,3255,161832,530903680,3650.0,0.0,0.0,0.0,0.77,25.0
101170,우림기계,3460,3585,3460,3510,11902,42155080,6162.0,9.8,0.5691790408958131,358.0,2.14,75.0
194610,우성아이비,2585,2585,2500,2535,52995,133434670,1910.0,317.0,1.3277486910994765,8.0,0.0,0.0
066590,우수AMS,2335,2415,2285,2350,739550,1739605440,1837.0,9.55,1.2784601252041372,246.0,0.0,0.0
046940,우원개발,5060,5150,4710,4900,253813,1246133100,3021.0,28.98,1.6214364035087718,169.0,0.0,0.0
052270,우전앤한단,1070,1095,1000,1070,115530,121914545,0.0,0.0,0.0,0.0,0.0,0.0
065680,우주일렉트로,16200,16800,16000,16800,13328,219143400,17308.0,18.69,0.9706530217240582,899.0,1.49,250.0
018620,우진비앤지,5330,5340,5100,5240,54280,280845620,1965.0,65.5,2.6666666666666665,80.0,0.38,20.0
032940,원익,6820,7030,6630,6690,169395,1154289440,3634.0,290.8,1.8401898734177216,23.0,0.0,0.0
030530,원익IPS,11850,12150,11550,11600,2875132,34032716450,4434.0,18.69,2.61726150202977,621.0,0.0,0.0
074600,원익QnC,15900,16300,15700,16000,24829,396259150,6779.0,25.52,2.359978887003983,627.0,0.0,0.0
104830,원익머트리얼즈,70200,70200,65600,67900,22667,1522189600,27914.0,20.19,2.4335794762484775,3365.0,0.0,0.0
014190,원익큐브,2660,2750,2510,2640,251801,667099405,2029.0,0.0,0.0,0.0,0.0,0.0
012620,원일특강,9700,10050,9670,9970,4288,42433890,19709.0,5.6,0.5058999061342534,1780.0,0.8,80.0
008370,원풍,3780,3845,3705,3755,15715,58937860,5569.0,11.48,0.6738796799245825,327.0,3.33,125.0
008290,원풍물산,5770,6900,5090,5180,8140213,49620134790,704.0,1036.0,7.357954545454546,5.0,0.0,0.0
101160,월덱스,2865,3050,2325,2365,7881655,21885912015,3169.0,0.0,0.0,0.0,0.0,0.0
095270,웨이브일렉트로,20000,20400,19150,19500,43869,860092000,2841.0,0.0,0.0,0.0,0.0,0.0
900130,웨이포트,760,775,715,746,522240,393865654,,,,,,
036260,웰메이드예당,2700,2765,2595,2605,382656,1028443760,769.0,0.0,0.0,0.0,0.0,0.0
065950,웰크론,3885,3980,3720,3720,430265,1643569190,2060.0,0.0,0.0,0.0,0.0,0.0
114190,웰크론강원,2890,2995,2840,2905,196014,571689385,3505.0,36.3,0.8288159771754636,80.0,0.0,0.0
076080,웰크론한텍,2725,2745,2485,2485,2061520,5313390610,3580.0,0.0,0.0,0.0,0.0,0.0
196700,웹스,5840,6100,5720,5850,73520,434743260,4028.0,7.47,1.4518448982125125,783.0,0.0,0.0
069080,웹젠,21700,21950,21300,21300,420057,9245286400,3948.0,80.06,5.394281914893617,266.0,0.0,0.0
039790,위노바,1930,1935,1725,1875,2206818,4040603520,309.0,0.0,0.0,0.0,0.0,0.0
044340,위닉스,10600,10850,10200,10550,45265,477544250,7667.0,24.53,1.375823333768097,430.0,0.95,100.0
043220,위드윈네트웍,0,0,0,3310,0,0,931.0,0.0,0.0,0.0,0.0,0.0
112040,위메이드,30000,31250,30000,30000,129714,3951106550,23987.0,2.36,1.2506546514778838,12715.0,0.0,0.0
038620,위즈코프,1960,2000,1920,1925,649625,1271988290,1156.0,0.0,0.0,0.0,0.0,0.0
036090,위지트,1580,1625,1550,1555,680322,1075427255,581.0,20.19,2.6754518072289155,77.0,0.0,0.0
136540,윈스,8810,8940,8580,8940,102650,893707960,6484.0,15.52,1.3790098704503393,576.0,2.24,200.0
097800,윈팩,5170,5480,5170,5440,289063,1544640090,2779.0,0.0,0.0,0.0,0.0,0.0
192390,윈하이텍,5520,5590,5420,5500,24723,136160410,4413.0,6.75,1.2466009517335146,815.0,1.82,100.0
044480,유니더스,3390,3605,3340,3420,132991,465591065,2926.0,0.0,0.0,0.0,0.0,0.0
036200,유니셈,10800,11000,10300,10350,136081,1447436850,4062.0,53.1,2.5488137001477105,195.0,0.0,0.0
018000,유니슨,1445,1445,1415,1425,166780,239117375,1026.0,0.0,0.0,0.0,0.0,0.0
011320,유니크,3495,3550,3210,3265,100563,332448890,3785.0,5.7,0.8627879375825628,573.0,2.3,75.0
086390,유니테스트,10300,10450,9780,10100,378087,3825499670,2093.0,25.52,4.8276098901098905,396.0,0.79,80.0
048430,유라테크,8150,8390,7930,8110,38177,308157790,7351.0,5.75,1.1036933750510134,1411.0,1.23,100.0
089850,유비벨록스,13750,14000,13400,13400,96147,1309465000,10917.0,0.0,0.0,0.0,0.0,0.0
032620,유비케어,3710,3795,3670,3680,318894,1191264330,980.0,51.84,3.7560267857142855,71.0,0.0,0.0
078070,유비쿼스,10700,12150,10400,11550,514389,5914970350,8448.0,10.33,1.3668138908617424,1118.0,1.73,200.0
024800,유성티엔에스,3105,3210,3025,3130,308544,961327335,5769.0,10.68,0.5424074254636853,293.0,0.32,10.0
054930,유신,9590,9830,9490,9510,2672,25535070,27813.0,0.0,0.0,0.0,0.0,0.0
069330,유아이디,3025,3035,2950,2950,25610,76159820,4497.0,9.02,0.6561405520346898,327.0,3.39,100.0
049520,유아이엘,10850,11050,10450,10850,26036,279352100,12078.0,4.63,0.897190721249379,2341.0,5.53,600.0
204620,유안타제1호스팩,1970,2000,1965,2000,38744,76959735,1913.0,333.2,1.0452169367485624,6.0,0.0,0.0
219960,유안타제2호스팩,1995,2000,1990,2000,3470,6923245,0.0,0.0,0.0,0.0,0.0,0.0
056090,유앤아이,25900,27650,25650,26600,155430,4164399700,2085.0,76.0,12.75779376498801,350.0,0.0,0.0
195990,유지인트,4315,4580,4315,4555,135187,604767590,3399.0,5.92,1.341525080906149,770.0,7.57,345.0
023410,유진기업,3780,3915,3750,3810,425207,1629190760,7946.0,15.94,0.47936855021394414,239.0,1.31,50.0
056080,유진로봇,4980,5160,4960,5140,195659,993639840,1132.0,0.0,0.0,0.0,0.0,0.0
221200,유진스팩3호,1995,1995,1995,1995,160,319200,0.0,0.0,0.0,0.0,0.0,0.0
215090,유진에이씨피씨스팩2호,2005,2005,2000,2000,5833,11666070,0.0,0.0,0.0,0.0,0.0,0.0
084370,유진테크,13750,14350,13200,13200,346571,4753700300,7740.0,18.78,1.705842215762274,703.0,1.14,150.0
178780,유테크,16500,16800,14900,15100,302415,4652008250,5828.0,11.68,2.5912553084248455,1293.0,0.0,0.0
191410,육일씨엔에쓰,6250,7200,6130,6770,721584,4899302580,2345.0,13.65,2.8868336886993604,496.0,0.0,0.0
044960,이-글 벳,5960,6060,5820,5910,487346,2891005730,2611.0,44.1,2.262950019149751,134.0,1.02,60.0
039020,이건창호,3100,3300,3100,3130,18252,57477335,7176.0,0.0,0.0,0.0,0.96,30.0
060230,이그잭스,1600,1620,1485,1535,228824,346864850,762.0,0.0,0.0,0.0,0.0,0.0
067920,이글루시큐리티,3910,4245,3890,4030,87223,351479465,3717.0,0.0,0.0,0.0,0.74,30.0
073490,이노와이어리스,9380,9480,9280,9450,509,4765200,13432.0,31.94,0.7038043478260869,296.0,0.0,0.0
080420,이노칩,8630,8720,8540,8620,12294,105713700,7266.0,5.39,1.1870355078447563,1600.0,2.32,200.0
088390,이녹스,12900,13150,12750,12900,60657,787176400,11010.0,10.0,1.1716621253405994,1290.0,0.0,0.0
053350,이니텍,6200,6310,6060,6190,145326,904015040,5116.0,23.19,1.2101373143080532,267.0,0.0,0.0
033110,이디,2290,2500,2290,2460,549696,1318331105,931.0,0.0,0.0,0.0,0.0,0.0
041520,이라이콤,14200,14500,14000,14150,27426,392061400,16542.0,4.21,0.8560864957381211,3363.0,3.53,500.0
054210,이랜텍,5310,5400,5100,5100,135845,709281750,7453.0,16.23,0.6839653495236817,314.0,0.98,50.0
065440,이루온,2270,2270,2120,2155,54354,118109120,1103.0,0.0,0.0,0.0,0.0,0.0
115610,이미지스,6760,6990,6540,6780,179287,1221233260,3828.0,36.84,1.77096394984326,184.0,0.0,0.0
217600,이베스트스팩2호,1990,1995,1980,1980,3115,6195620,0.0,0.0,0.0,0.0,0.0,0.0
225440,이베스트스팩3호,2005,2005,2005,2005,2014,4038070,0.0,0.0,0.0,0.0,0.0,0.0
078020,이베스트투자증권,9100,9260,9050,9050,3054,27697490,8094.0,14.96,1.1182810955646159,605.0,0.81,73.0
080010,이상네트웍스,6150,6280,5940,6100,86987,530639180,6711.0,21.4,0.9090718596334376,285.0,0.66,40.0
086890,이수앱지스,8700,9080,8530,8900,85590,754792980,1176.0,0.0,0.0,0.0,0.0,0.0
047560,이스트소프트,11100,11500,10700,10800,125093,1374280750,2774.0,0.0,0.0,0.0,0.0,0.0
900110,이스트아시아홀딩스,1105,1125,1070,1110,314358,345581720,,,,,,
067010,이씨에스,5600,5680,5350,5520,58793,321865180,4900.0,7.83,1.1262914540816327,705.0,0.0,0.0
223310,이에스브이,17500,18000,15550,16250,563857,9324968600,976.0,23.34,16.646772540983605,696.0,0.0,0.0
102710,이엔에프테크놀로지,15600,16100,15300,15700,94800,1497783850,7709.0,28.19,2.0366373719029705,557.0,0.32,50.0
094190,이엘케이,2650,2700,2555,2585,98400,257936115,5936.0,29.7,0.43533892772911054,87.0,0.0,0.0
123570,이엠넷,6990,7130,6850,6960,2609,18157320,5807.0,16.84,1.197945367659721,413.0,0.57,40.0
095190,이엠코리아,4070,4175,3980,4030,108525,438719395,2891.0,60.16,1.3941434624697338,67.0,0.0,0.0
091120,이엠텍,8200,8200,7800,8150,281974,2266302290,7186.0,10.82,1.133829016490398,753.0,0.0,0.0
039030,이오테크닉스,119100,121700,118100,121000,49191,5902834300,22547.0,35.38,5.368929347585045,3422.0,0.17,200.0
088290,이원컴포텍,1540,1595,1530,1585,44345,69516600,919.0,0.0,0.0,0.0,0.0,0.0
033600,이젠텍,1840,1890,1730,1755,339068,599000980,2375.0,0.0,0.0,0.0,0.0,0.0
035810,이지바이오,5480,5690,5410,5690,460557,2568547120,5036.0,8.95,1.1306964853057984,636.0,0.88,50.0
090850,이지웰페어,11000,11100,10350,10550,55716,589696300,2188.0,27.19,4.8211837294332724,388.0,0.71,75.0
058530,이큐스앤자루,3850,4045,3835,3970,363688,1425106460,748.0,0.0,0.0,0.0,0.0,0.0
092130,이크레더블,8710,8980,8340,8870,32777,280961140,2416.0,16.52,3.6708984375,537.0,3.95,350.0
016250,이테크건설,88800,90000,84500,84500,26621,2298415600,63827.0,12.21,1.3242688732824666,6922.0,0.59,500.0
096040,이트론,0,0,0,912,0,0,451.0,0.0,0.0,0.0,0.0,0.0
134060,이퓨쳐,5810,5980,5420,5420,58748,330402400,3599.0,39.28,1.5061996387885523,138.0,0.0,0.0
001840,이화공영,2650,2735,2530,2665,74462,199372250,2056.0,32.5,1.296206225680934,82.0,1.31,35.0
024810,이화전기,0,0,0,481,0,0,272.0,0.0,0.0,0.0,0.0,0.0
041830,인바디,55800,57200,54700,55300,152044,8551835800,4354.0,84.8,12.700447864033073,652.0,0.11,60.0
060150,인선이엔티,5800,5860,5610,5630,222436,1274060550,4284.0,0.0,0.0,0.0,0.0,0.0
033230,인성정보,5250,5290,5070,5230,172012,892475770,2606.0,0.0,0.0,0.0,0.0,0.0
037330,인지디스플레,1450,1480,1425,1455,339322,490951875,3933.0,20.48,0.3697916666666667,71.0,3.44,50.0
083640,인콘,5430,5550,5420,5450,9098,49825850,6014.0,11.67,0.9063461298636515,467.0,0.0,0.0
049070,인탑스,19850,20100,19450,19700,9305,183547450,40158.0,0.0,0.0,0.0,1.27,250.0
119610,인터로조,38100,38200,37300,38050,12709,480355850,5723.0,55.22,6.647862790494496,689.0,0.18,70.0
017250,인터엠,2390,2390,2305,2380,66393,155744325,3875.0,12.08,0.6140362903225807,197.0,5.04,120.0
108790,인터파크,19450,19700,17550,17900,161388,2966646550,4737.0,52.66,3.7794226303567657,340.0,0.56,100.0
035080,인터파크홀딩스,10100,10150,9890,9890,188077,1879674990,7361.0,67.25,1.3429900828691754,147.0,0.3,30.0
051370,인터플렉스,10600,10800,10550,10750,47162,502213950,18968.0,0.0,0.0,0.0,0.0,0.0
023430,인테그레이티드에너지,396,410,390,398,3123452,1248212621,389.0,0.0,0.0,0.0,0.0,0.0
064290,인텍플러스,3010,3110,2920,2985,15575,47128520,1814.0,0.0,0.0,0.0,0.0,0.0
150840,인트로메딕,12250,12550,11950,12300,92577,1134231600,2640.0,70.3,4.6608664772727275,175.0,0.0,0.0
048530,인트론바이오,54500,56800,52900,55300,193912,10732397700,1388.0,55300.0,39.83861671469741,1.0,0.0,0.0
175140,인포마크,12750,13450,12500,12800,47672,611562150,5202.0,8.92,2.4611477556708956,1435.0,0.0,0.0
115310,인포바인,23400,23900,23150,23600,4068,95292100,19642.0,4.89,1.2026127049180328,4830.0,0.0,0.0
039290,인포뱅크,6700,6820,6580,6630,107638,719524430,5298.0,0.0,0.0,0.0,0.0,0.0
036220,인포피아,6630,6970,6630,6860,242244,1654883500,5636.0,0.0,0.0,0.0,0.0,0.0
041020,인프라웨어,5090,5140,4900,4900,56278,282423680,4526.0,0.0,0.0,0.0,0.0,0.0
071200,인피니트헬스케어,9350,9650,9230,9350,388919,3673656730,2315.0,103.9,4.038336933045357,90.0,0.0,0.0
101930,인화정공,4840,4900,4725,4735,14793,70412575,13820.0,0.0,0.0,0.0,1.06,50.0
078940,일경산업개발,2770,3010,2725,2975,2146937,6244525255,649.0,0.0,0.0,0.0,0.0,0.0
068330,일신바이오,2745,2795,2675,2685,864124,2355498475,548.0,61.03,4.900319343065694,44.0,0.19,5.0
058450,일야,9200,9590,8900,9320,1310294,12119151350,1898.0,26.11,4.910983601159115,357.0,0.75,70.0
019540,일지테크,8430,8580,8320,8440,41077,348245710,7656.0,4.09,1.103125306132445,2065.0,1.18,100.0
094820,일진파워,4400,4400,4205,4300,14168,61008910,4081.0,12.04,1.0531598413379073,357.0,3.95,170.0
049550,잉크테크,4700,4900,4550,4785,62284,293263690,4826.0,0.0,0.0,0.0,0.0,0.0
043910,자연과환경,1745,1755,1690,1730,881143,1510232990,838.0,0.0,0.0,0.0,0.0,0.0
049630,재영솔루텍,2065,2190,2065,2095,209997,445401355,969.0,116.4,2.161764705882353,18.0,0.0,0.0
065530,전파기지국,13000,13050,12500,13000,6187,79698250,13779.0,4.72,0.9434760323680964,2755.0,3.85,500.0
040420,정상제이엘에스,6250,6300,6050,6180,45879,280980870,3841.0,16.75,1.6091512626920073,369.0,6.8,420.0
045510,정원엔시스,1945,1975,1850,1880,121663,229292365,737.0,17.4,2.550712347354138,108.0,0.0,0.0
065620,제낙스,14050,14850,13500,14650,81814,1181038350,690.0,0.0,0.0,0.0,0.0,0.0
217190,제너셈,4785,4970,4600,4920,73728,358773995,2445.0,4.35,2.014711145194274,1132.0,1.02,50.0
095700,제넥신,93200,94800,92000,93400,42262,3955407300,13678.0,0.0,0.0,0.0,0.0,0.0
187420,제노포커스,20500,20700,19600,19600,59506,1197552150,1579.0,49.62,12.414107029765674,395.0,0.0,0.0
123330,제닉,25900,26850,25550,26600,26228,694806800,8783.0,83.6,3.027752476374815,318.0,0.0,0.0
159580,제로투세븐,10000,10050,9770,9850,55213,548693070,4893.0,0.0,0.0,0.0,0.0,0.0
147830,제룡산업,3970,4080,3970,4010,25308,101807960,4194.0,10.81,0.956470553171197,371.0,1.25,50.0
033100,제룡전기,2675,2740,2670,2725,35530,96317525,3196.0,6.85,0.8532296229662077,398.0,1.83,50.0
019570,제미니투자,578,608,551,574,1584978,920647118,308.0,0.0,0.0,0.0,0.0,0.0
079370,제우스,12900,13100,12500,12900,109393,1401664300,13944.0,7.13,0.9243447002294893,1808.0,1.16,150.0
054950,제이브이엠,52600,54300,52600,53800,2802,149626000,15611.0,33.25,3.446191787841906,1618.0,0.0,0.0
090470,제이스텍,6210,6330,5900,6050,234472,1422076320,2830.0,23.55,2.138355786219081,257.0,0.83,50.0
137950,제이씨케미칼,2770,2855,2770,2820,17355,48918135,2751.0,0.0,0.0,0.0,0.0,0.0
033320,제이씨현시스템,4650,6030,4545,6030,9103073,50533650940,3142.0,51.1,1.91886139401655,118.0,0.25,15.0
086200,제이앤유글로벌,4615,4735,4160,4470,1047581,4629986705,4614.0,0.0,0.0,0.0,0.0,0.0
126880,제이엔케이히터,6630,6640,6210,6210,70927,453238930,6714.0,0.0,0.0,0.0,0.0,0.0
033050,제이엠아이,1395,1395,1330,1345,296782,401944875,1509.0,0.0,0.0,0.0,1.49,20.0
094970,제이엠티,2010,2035,1930,1990,113795,225634790,2639.0,7.16,0.7542718596059114,278.0,2.51,50.0
058420,제이웨이,2885,2885,2765,2800,29350,81553910,656.0,6.54,4.2663395579268295,428.0,0.0,0.0
036420,제이콘텐트리,5720,5810,5510,5570,1698145,9584892060,1197.0,0.0,0.0,0.0,0.0,0.0
089790,제이티,3245,3790,3210,3500,468059,1643278730,3833.0,3.39,0.912894599530394,1032.0,3.71,130.0
052670,제일바이오,5470,5520,5290,5390,1349584,7267628450,1536.0,62.66,3.5080973307291665,86.0,0.0,0.0
023440,제일제강,3525,3800,3350,3650,902516,3217551015,2987.0,0.0,0.0,0.0,0.0,0.0
038010,제일테크노스,3310,3415,3310,3350,14876,50042360,6866.0,5.02,0.48762413978298863,667.0,2.39,80.0
080220,제주반도체,4730,5110,4730,5040,233196,1156994770,1713.0,0.0,0.0,0.0,0.0,0.0
082270,젬백스,21000,21450,20850,20950,162548,3423654900,395.0,0.0,0.0,0.0,0.0,0.0
041590,젬백스테크놀러지,8670,9450,8670,9450,233949,2156817460,1682.0,67.0,5.61652794292509,141.0,0.0,0.0
044060,조광ILI,3840,3920,3745,3795,73875,290495635,4322.0,6.66,0.8783639663350301,570.0,2.11,80.0
034940,조아제약,4700,4775,4545,4550,544009,2534555055,1650.0,0.0,0.0,0.0,0.0,0.0
101730,조이맥스,8890,9390,8650,8910,116089,1049869390,10949.0,0.0,0.0,0.0,0.0,0.0
067000,조이시티,29650,30400,29550,30300,86758,2606943300,4801.0,101.7,6.311784003332639,298.0,0.0,0.0
033340,좋은사람들,1900,2000,1825,1915,563204,1079726030,3237.0,29.92,0.5915971578622181,64.0,0.52,10.0
036930,주성엔지니어링,8460,8650,8040,8450,847173,7120557850,2218.0,0.0,0.0,0.0,0.0,0.0
072020,중앙백신,15000,15350,14900,15050,140163,2118372600,7102.0,25.73,2.1197703991833285,585.0,0.33,50.0
000440,중앙에너비스,28350,28350,27100,27550,338,9248850,0.0,0.0,0.0,0.0,0.0,0.0
054180,중앙오션,2935,3265,2930,3130,1122867,3513048155,949.0,18.97,3.298043993677555,165.0,0.0,0.0
155960,지디,3570,3595,3485,3485,136998,482244095,6949.0,45.25,0.5014030795797957,77.0,2.87,100.0
114570,지스마트글로벌,23800,24250,23250,23650,159131,3771795200,1494.0,295.8,15.836680053547523,80.0,0.0,0.0
051160,지어소프트,1630,1640,1540,1640,166507,266881225,977.0,0.0,0.0,0.0,0.0,0.0
053050,지에스이,1840,1870,1820,1840,73559,134956830,1743.0,11.57,1.0554674053356283,159.0,4.62,85.0
119850,지엔씨에너지,7070,7220,6990,7120,34302,241390040,5955.0,13.46,1.1957742968094038,529.0,0.98,70.0
065060,지엔코,1395,1435,1375,1375,1256034,1761576520,2041.0,0.0,0.0,0.0,0.0,0.0
018290,지엠피,1200,1435,1135,1220,12687501,16603706560,948.0,0.0,0.0,0.0,0.0,0.0
115450,지트리비앤티,17000,17850,16450,17500,332001,5769565900,1177.0,0.0,0.0,0.0,0.0,0.0
018120,진로발효,33300,33300,32450,32500,3475,113250700,8528.0,15.01,3.8100274463531894,2165.0,3.08,1000.0
109820,진매트릭스,3250,3280,3140,3185,41276,131239520,1211.0,0.0,0.0,0.0,0.0,0.0
086060,진바이오텍,4855,5090,4830,4860,112238,550068905,3477.0,30.38,1.3977566867989646,160.0,0.62,30.0
036890,진성티이씨,5150,5160,5040,5090,44545,227025880,3577.0,9.64,1.423050041934582,528.0,2.36,120.0
007370,진양제약,4880,5350,4800,5160,149037,747395875,5123.0,14.54,1.0074892031036502,355.0,1.94,100.0
196450,차디오스텍,5760,5850,5270,5430,775235,4279293020,4415.0,0.0,0.0,0.0,0.0,0.0
085660,차바이오텍,14600,15000,14300,14600,650188,9542729150,5921.0,324.5,2.4662219219726396,45.0,0.0,0.0
900040,차이나그레이트,1975,2000,1930,1960,355394,698734760,,,,,,
900090,차이나하오란,1705,1705,1565,1640,316090,511064625,,,,,,
094850,참좋은레져,9560,9940,9300,9560,35877,343427390,3955.0,39.5,2.4169405815423515,242.0,1.05,100.0
004650,창해에탄올,25350,25750,24700,24900,110825,2801496900,14271.0,15.18,1.744424882629108,1640.0,2.01,500.0
111820,처음앤씨,13300,14350,13250,13900,280351,3902648300,5764.0,152.8,2.4115631505898683,91.0,0.72,100.0
096240,청담러닝,11200,11700,11200,11250,33567,383574450,8892.0,14.96,1.2652524741340532,752.0,7.11,800.0
013720,청보산업,2745,2770,2700,2770,37208,101281095,2726.0,27.7,1.016255502567865,100.0,1.81,50.0
047820,초록뱀,2960,3180,2960,3085,426350,1316289250,831.0,0.0,0.0,0.0,0.0,0.0
094360,칩스앤미디어,4790,4800,4505,4780,55601,258391380,2774.0,10.35,1.7240165374909877,462.0,0.0,0.0
016920,카스,1640,1640,1605,1620,3982,6428850,2339.0,0.0,0.0,0.0,1.54,25.0
035720,카카오,111600,112000,110500,111000,327327,36398882900,42218.0,34.22,2.6285330013264483,3243.0,0.16,173.0
071850,캐스텍코리아,5900,6020,5760,5920,44581,263461600,7889.0,8.82,0.7502129151349981,671.0,2.03,120.0
066410,캔들미디어,1060,1060,1000,1010,714613,730747902,483.0,48.1,2.0910326086956523,21.0,0.0,0.0
050110,캠시스,2645,3415,2640,3150,25197510,78437340700,2196.0,41.44,1.4340846994535519,76.0,0.0,0.0
078340,컴투스,130500,136900,129600,135500,733084,98444495600,18569.0,18.78,7.29746990952663,7215.0,0.0,0.0
214370,케어젠,117000,117900,112300,117000,84295,9799606900,6209.0,74.5,18.83797712997262,1570.0,0.0,0.0
063440,케이디미디어,1300,1335,1250,1285,270480,348507510,1039.0,0.0,0.0,0.0,0.0,0.0
029480,케이디씨,3060,3125,2605,2605,4328078,12593039565,451.0,0.0,0.0,0.0,0.0,0.0
221980,케이디켐,14600,15100,14600,14700,41179,609760900,40469.0,2.38,0.3640504537423707,6188.0,0.0,0.0
043290,케이맥,8550,8700,8300,8600,28003,237342980,5046.0,0.0,0.0,0.0,0.0,0.0
208350,케이비제5호스팩,1995,2030,1995,2005,194,392070,1978.0,0.0,0.0,0.0,0.0,0.0
208640,케이비제6호스팩,1910,1975,1910,1965,172213,336346570,1929.0,0.0,0.0,0.0,0.0,0.0
214270,케이비제7호스팩,2030,2030,2010,2030,2329,4687425,0.0,0.0,0.0,0.0,0.0,0.0
222390,케이비제8호스팩,1990,2000,1985,1995,23869,47541265,0.0,0.0,0.0,0.0,0.0,0.0
192250,케이사인,2560,2630,2530,2560,553981,1427000975,664.0,40.0,3.855421686746988,64.0,0.98,25.0
115500,케이씨에스,4885,5010,4570,4885,580452,2786307475,1515.0,24.44,3.226072607260726,200.0,2.87,140.0
089150,케이씨티,2435,2495,2390,2440,57346,140642350,2297.0,18.48,1.0622279059643012,132.0,4.92,120.0
025880,케이씨피드,2415,2510,2300,2380,123428,300866340,3755.0,0.0,0.0,0.0,1.05,25.0
093320,케이아이엔엑스,16950,17000,16300,16750,27161,454539450,8993.0,14.06,1.8623860224619149,1191.0,0.48,80.0
065940,케이에스씨비,6300,7400,5950,7220,187218,1254322970,3254.0,28.66,2.2192301782421633,252.0,0.0,0.0
073010,케이에스피,2735,2735,2630,2675,58483,155963585,7342.0,0.0,0.0,0.0,0.0,0.0
105330,케이엔더블유,6840,6850,6630,6790,11889,80246920,7344.0,10.23,0.9246238425925926,664.0,1.47,100.0
039420,케이엘넷,2585,2670,2550,2550,731832,1911630865,1164.0,22.38,2.1913659793814433,114.0,0.0,0.0
083550,케이엠,5370,5520,5300,5430,106134,574558490,6275.0,17.02,0.8650174302788844,319.0,1.29,70.0
032500,케이엠더블유,6400,6640,6380,6560,30224,195325900,5259.0,0.0,0.0,0.0,0.0,0.0
122800,케이티롤,24000,24050,21400,21800,31272,692446950,4256.0,147.2,5.120535714285714,148.0,0.0,0.0
204650,케이티비스팩1호,2045,2045,2000,2025,15036,30114310,1898.0,0.0,0.0,0.0,0.0,0.0
214150,케이티비스팩2호,2010,2020,1985,2020,11804,23700525,0.0,0.0,0.0,0.0,0.0,0.0
220630,케이티비스팩3호,0,0,0,2010,0,0,0.0,0.0,0.0,0.0,0.0,0.0
064820,케이프,1920,2175,1835,1955,170678,342567940,4935.0,59.25,0.39620060790273554,33.0,0.0,0.0
024880,케이피에프,3510,3520,3400,3500,28196,96989375,8336.0,0.0,0.0,0.0,2.86,100.0
042040,케이피엠테크,6700,6840,6080,6150,175951,1102300970,871.0,11.31,7.065442020665901,544.0,0.0,0.0
054410,케이피티,9800,9800,9210,9350,15544,144900090,4397.0,18.6,2.127053957243575,503.0,0.0,0.0
089010,켐트로닉스,6210,6490,6210,6240,8152,51008580,8764.0,0.0,0.0,0.0,0.0,0.0
052400,코나아이,26750,28300,26750,27850,157817,4357685250,11445.0,16.69,2.433502621231979,1669.0,0.9,250.0
094860,코닉글로리,817,856,785,815,1697561,1384137662,299.0,0.0,0.0,0.0,0.0,0.0
046070,코다코,3630,3790,3530,3710,1869253,6899369390,2491.0,19.62,1.489010437575271,189.0,1.35,50.0
047770,코데즈컴바인,22900,27350,22350,27350,76708,2002628200,0.0,0.0,0.0,0.0,0.0,0.0
080530,코디에스,4170,4335,4060,4185,657990,2757819685,2783.0,1395.0,1.5037729069349624,3.0,0.0,0.0
224060,코디엠,14750,15350,13550,14150,381371,5464354250,1948.0,17.75,7.262191991786447,797.0,0.0,0.0
078650,코렌,6400,6450,6140,6380,59288,372898120,3855.0,0.0,0.0,0.0,0.0,0.0
104540,코렌텍,15300,15650,14800,14800,35313,535022850,5695.0,0.0,0.0,0.0,0.0,0.0
027050,코리아나,10550,10650,10050,10250,674996,6940937650,1655.0,0.0,0.0,0.0,0.0,0.0
101670,코리아에스이,3880,4000,3855,3910,11243,43974850,3910.0,58.38,1.0002877237851662,67.0,0.77,30.0
123410,코리아에프티,3800,3900,3760,3870,25664,98882735,3740.0,6.31,1.0340021306818181,613.0,3.36,130.0
036690,코맥스,5030,5150,4980,4980,148562,749452155,3276.0,14.78,1.520537622100122,337.0,1.0,50.0
049430,코메론,7160,7380,7110,7110,35747,257784150,9850.0,8.01,0.7219225888324873,888.0,2.11,150.0
041960,코미팜,41250,41650,39800,40300,335946,13602916400,1028.0,0.0,0.0,0.0,0.0,0.0
009730,코센,1265,1290,1240,1255,340127,429837775,705.0,23.69,1.7807624113475178,53.0,0.0,0.0
069110,코스온,20550,20800,19900,20200,129427,2602753300,1477.0,546.0,13.677725118483412,37.0,0.0,0.0
048870,코아로직,2255,2720,2250,2525,8030923,20326818810,1902.0,0.0,0.0,0.0,0.0,0.0
166480,코아스템,20000,20400,19450,19500,148596,2947153450,877.0,0.0,0.0,0.0,0.0,0.0
045970,코아시아홀딩스,9090,9090,8960,8980,846,7600700,5721.0,0.0,0.0,0.0,0.0,0.0
038530,코아크로스,1290,1290,1165,1210,1410549,1711058550,446.0,0.0,0.0,0.0,0.0,0.0
029960,코엔텍,2310,2330,2270,2280,233670,537207990,1802.0,11.52,1.2661712680355162,198.0,1.1,25.0
102940,코오롱생명과학,217500,232800,205000,224200,201235,44662200300,20352.0,248.9,11.017903645833334,901.0,0.09,200.0
056000,코원,4945,4945,4495,4500,372502,1707380090,2466.0,0.0,0.0,0.0,0.0,0.0
033290,코웰패션,2670,2830,2670,2805,89723,246845890,2701.0,0.0,0.0,0.0,0.0,0.0
056360,코위버,5160,5160,4980,4980,45613,229586320,7353.0,5.87,0.6778945455936353,849.0,2.61,130.0
121850,코이즈,4105,4150,3890,3990,240382,969596625,3063.0,0.0,0.0,0.0,0.0,0.0
015710,코콤,11100,11300,10900,10900,140785,1556932350,4308.0,30.11,2.5300821146703805,362.0,0.92,100.0
052330,코텍,11750,12200,11600,11750,160487,1905764850,12233.0,24.89,0.9603837979236491,472.0,1.7,200.0
126600,코프라,15050,15900,14850,15550,24672,383618700,6256.0,15.79,2.485969719069693,985.0,0.96,150.0
200130,콜마비앤에이치,41100,41350,39600,39750,54037,2172875350,4557.0,0.0,0.0,0.0,0.0,0.0
225650,쿠첸,17000,17300,16800,16800,45800,780174750,0.0,0.0,0.0,0.0,0.0,0.0
060280,큐렉소,6800,6930,6610,6770,7219,48739250,709.0,0.0,0.0,0.0,0.0,0.0
040350,큐로컴,1315,1370,1290,1290,1282124,1709321305,563.0,0.0,0.0,0.0,0.0,0.0
051780,큐로홀딩스,2345,2485,2330,2390,303158,735894620,675.0,0.0,0.0,0.0,0.0,0.0
065560,큐브스,3650,3710,3460,3630,268323,961819885,590.0,0.0,0.0,0.0,0.0,0.0
182360,큐브엔터,1930,1970,1905,1930,66421,128976475,1955.0,62.25,0.9870843989769821,31.0,0.0,0.0
066310,큐에스아이,5890,5950,5710,5860,49692,289888730,6162.0,15.22,0.950863153197014,385.0,0.0,0.0
016600,큐캐피탈,510,560,496,526,1743702,923110797,674.0,0.0,0.0,0.0,0.0,0.0
067280,크레듀,43200,44300,41950,42800,11151,479368550,19682.0,24.33,2.1742288321816887,1759.0,0.58,250.0
043590,크로바하이텍,3720,4000,3720,3720,195259,745862525,2861.0,0.0,0.0,0.0,0.0,0.0
114120,크루셜텍,13450,13700,13050,13050,480838,6425439400,2282.0,0.0,0.0,0.0,0.0,0.0
083790,크리스탈,16300,17000,16150,16900,331369,5530521650,2435.0,0.0,0.0,0.0,0.0,0.0
045520,크린앤사이언스,4610,4680,4515,4600,47990,221114515,3305.0,13.69,1.3915279878971256,336.0,0.0,0.0
218710,키움스팩3호,1990,1995,1970,1980,6470,12848425,0.0,0.0,0.0,0.0,0.0,0.0
226850,키움스팩4호,1990,1990,1985,1985,7388,14702030,0.0,0.0,0.0,0.0,0.0,0.0
054780,키이스트,3030,3135,2985,3060,543651,1669874460,552.0,38.72,5.541270380434782,79.0,0.0,0.0
219130,타이거일렉,4925,5090,4790,4790,83603,410763890,4856.0,6.91,0.9861487399608732,693.0,0.0,0.0
065130,탑엔지니어링,5410,5440,5250,5350,95414,509721560,8793.0,29.08,0.6084811782099397,184.0,0.0,0.0
023160,태광,8090,8270,8090,8180,57518,469709530,16038.0,23.44,0.5100191732136177,349.0,0.0,0.0
053620,태양,8780,8780,8600,8700,5627,48874060,15054.0,9.1,0.5779921449448652,956.0,0.0,0.0
072520,태양기전,2190,2330,2150,2175,1274118,2828314310,2264.0,0.0,0.0,0.0,0.0,0.0
044490,태웅,13250,13250,12700,12850,43689,564334800,31651.0,33.38,0.4059705854475372,385.0,0.0,0.0
191420,테고사이언스,27200,27600,26600,26800,19834,538937600,6460.0,54.47,4.1483939628482975,492.0,0.19,50.0
123100,테라세미콘,26800,27000,26050,26150,248452,6543814900,6144.0,83.25,4.254638671875,314.0,0.0,0.0
182690,테라셈,3250,3345,3200,3250,87358,284876295,1524.0,9.97,2.1324229002624673,326.0,1.54,50.0
066700,테라젠이텍스,6850,6900,6670,6720,96723,658897720,2742.0,113.9,2.450264405543399,59.0,0.0,0.0
095610,테스,15950,16050,15250,15250,197661,3092952200,8031.0,10.45,1.8990299308927905,1459.0,1.05,160.0
131970,테스나,8450,8600,8320,8390,57453,484815840,9186.0,12.07,0.9132230772371,695.0,1.43,120.0
089030,테크윙,8240,8360,8010,8210,66769,544423810,4330.0,17.06,1.8953954965357969,481.0,2.44,200.0
038540,텍셀네트컴,1700,1790,1665,1770,1110868,1926313035,1054.0,7.94,1.6802026506166983,223.0,0.0,0.0
054450,텔레칩스,9030,9030,8610,8950,14462,128703250,6500.0,55.94,1.376923076923077,160.0,0.78,70.0
091440,텔레필드,4130,4130,3990,4050,12916,52523405,3748.0,11.6,1.0802949072838848,349.0,0.0,0.0
200230,텔콘,14750,15600,14500,14850,189153,2860986400,8604.0,9.12,1.7261620685146444,1629.0,0.0,0.0
051360,토비스,7340,7420,7120,7330,175094,1277200530,7035.0,2.99,1.0422252576403697,2452.0,2.18,160.0
045340,토탈소프트,2135,2170,2030,2110,73842,155056770,654.0,49.06,3.225821865443425,43.0,0.0,0.0
057880,토필드,1900,1960,1850,1885,71589,136660330,2718.0,0.0,0.0,0.0,0.0,0.0
108230,톱텍,24100,24700,24000,24050,52068,1267169250,6864.0,56.6,3.5041293342074593,425.0,0.42,100.0
079970,투비소프트,10600,10650,9980,10300,186782,1926170550,3528.0,32.6,2.9193948412698414,316.0,0.29,30.0
052290,트레이스,2800,2820,2720,2720,334868,920783725,908.0,0.0,0.0,0.0,0.0,0.0
105550,트루윈,6940,7120,6860,6910,54478,379428830,4249.0,19.36,1.6265702224052718,357.0,0.36,25.0
026150,특수건설,3800,3940,3470,3710,101320,376370705,7413.0,25.77,0.5005058680696074,144.0,0.0,0.0
033830,티비씨,6460,6520,6270,6470,2297,14603390,9923.0,18.92,0.65214967751688,342.0,2.32,150.0
064760,티씨케이,27000,27800,26150,27750,84061,2288187350,7048.0,68.2,3.9376152809307605,407.0,0.43,120.0
131290,티에스이,10600,10800,10550,10600,2148,22826600,11402.0,16.75,0.9299026486581301,633.0,0.0,0.0
062860,티엘아이,6900,6900,6500,6600,83373,554077550,10733.0,43.72,0.6150685968508339,151.0,1.52,100.0
104480,티케이케미칼,2080,2145,2070,2105,453431,954134555,2361.0,16.19,0.891306649724693,130.0,0.0,0.0
081150,티플랙스,1520,1535,1495,1515,45463,68968445,3191.0,18.48,0.4749980413663428,82.0,1.32,20.0
130740,티피씨글로벌,2955,3020,2900,2985,40977,121116810,4540.0,8.58,0.6575302863436123,348.0,0.67,20.0
084730,팅크웨어,11700,12000,11300,11550,81219,949469300,12889.0,75.5,0.8962293428504927,153.0,0.0,0.0
046210,파나진,4600,4820,4595,4700,32603,152658605,332.0,0.0,0.0,0.0,0.0,0.0
034230,파라다이스,14000,14250,13700,13750,858235,11987547550,11110.0,11.64,1.2374057718271827,1181.0,4.36,600.0
033540,파라텍,5640,5740,5580,5700,11729,66023690,6131.0,11.7,0.9296072214973088,487.0,0.88,50.0
043200,파루,5180,5200,5000,5060,812591,4131587800,1833.0,421.8,2.7610474631751227,12.0,0.0,0.0
214450,파마리서치프로덕트,74300,78300,73200,76200,345490,26459554600,3388.0,51.4,22.48644111570248,1482.0,0.0,0.0
177830,파버나인,6090,6130,5800,5800,16457,97727860,10142.0,5.42,0.5720179698284362,1070.0,0.0,0.0
037070,파세코,5100,5120,4985,5070,20200,101642040,4732.0,11.14,1.0712139423076923,455.0,2.96,150.0
150900,파수닷컴,6200,7200,6020,6400,111205,719623010,3138.0,23.44,2.039017686424474,273.0,0.78,50.0
047310,파워로직스,3450,3600,3450,3525,109584,386838170,4351.0,20.27,0.8104386922546541,174.0,0.0,0.0
170790,파이오링크,7060,7060,6920,6930,8761,61145670,6299.0,21.52,1.0998620812827433,322.0,0.87,60.0
049120,파인디앤씨,1440,1530,1440,1480,283046,418127520,3157.0,12.13,0.46886383433639534,122.0,1.69,25.0
038950,파인디지털,4580,4690,4555,4600,7438,34256405,9493.0,4.67,0.48524899926261456,986.0,2.17,100.0
106240,파인테크닉스,2700,2870,2690,2740,254153,704067075,2904.0,4.88,0.9441960442493113,562.0,0.0,0.0
131760,파인텍,7000,7070,6800,6900,84254,583212740,4800.0,4.61,1.4365885416666666,1496.0,0.0,0.0
028040,파캔OPC,1915,2405,1820,2215,3390547,7760600090,900.0,0.0,0.0,0.0,0.0,0.0
140860,파크시스템스,10400,11250,9920,10300,251651,2661144730,1127.0,0.0,0.0,0.0,0.0,0.0
091700,파트론,10800,11350,10750,11100,2014351,22399630550,5724.0,12.33,1.9383844339622642,900.0,2.25,250.0
194510,파티게임즈,9000,9180,8750,8960,142986,1282994860,3302.0,74.06,2.7139801635372502,121.0,0.0,0.0
032800,판타지오,1065,1095,1055,1080,284307,306443525,505.0,0.0,0.0,0.0,0.0,0.0
043090,팜스웰바이오,3910,3980,3720,3720,318873,1226862085,472.0,0.0,0.0,0.0,0.0,0.0
027710,팜스토리,1195,1225,1155,1190,661856,790487965,1236.0,396.8,0.9629854368932039,3.0,2.1,25.0
054300,팬스타엔터프라이즈,2730,2795,2680,2730,214053,581884895,331.0,0.0,0.0,0.0,0.0,0.0
068050,팬엔터테인먼트,5500,5640,5400,5400,40058,220674360,4550.0,192.9,1.186923076923077,28.0,0.0,0.0
060900,퍼시픽바이오,0,0,0,6300,0,0,0.0,0.0,0.0,0.0,0.0,0.0
087010,펩트론,69500,70000,66300,67000,117973,8021640900,1267.0,0.0,0.0,0.0,0.0,0.0
043370,평화정공,12650,13000,12650,12900,48506,622145700,19892.0,6.89,0.6484642067162678,1872.0,1.09,140.0
119500,포메탈,2720,2860,2700,2775,146082,407008705,3136.0,75.0,0.8848852040816326,37.0,1.08,30.0
016670,포비스티앤씨,2715,2820,2655,2730,390524,1067679440,1092.0,11.33,2.500071543040293,241.0,0.0,0.0
022100,포스코 ICT,4475,4475,4100,4220,857827,3643862970,2546.0,24.97,1.6573914964650431,169.0,1.18,50.0
009520,포스코엠텍,2265,2335,2225,2300,129592,293211030,1136.0,0.0,0.0,0.0,0.0,0.0
003670,포스코켐텍,11550,11900,11250,11550,96978,1127275650,8555.0,9.39,1.3501424605493864,1230.0,1.52,175.0
189690,포시에스,6450,7010,6450,6810,32459,215900180,6452.0,7.25,1.0551379417234965,939.0,0.51,35.0
141020,포티스,6420,6420,6100,6230,205674,1279154570,1129.0,0.0,0.0,0.0,0.0,0.0
032980,폴리비전,1635,1790,1600,1720,464356,796633385,0.0,0.0,0.0,0.0,0.0,0.0
005670,푸드웰,5090,5090,4930,5010,19264,96660690,5417.0,41.75,0.9248661620823334,120.0,1.5,75.0
094940,푸른기술,5670,6000,5650,6000,19318,113473690,4009.0,0.0,0.0,0.0,0.0,0.0
007330,푸른저축은행,5490,5690,5490,5640,2337,13171120,12010.0,2.67,0.46929267927768525,2111.0,5.32,300.0
093380,풍강,3430,3430,3235,3260,151310,499868845,5861.0,6.83,0.5557098831257464,477.0,2.45,80.0
023900,풍국주정,9350,9420,9140,9300,27149,250060080,11341.0,12.67,0.8201354598359933,734.0,2.69,250.0
035200,프럼파스트,3220,3405,3220,3275,21250,69972305,3300.0,8.88,0.9932599431818182,369.0,3.05,100.0
203690,프로스테믹스,4020,4025,3895,3910,41166,161783730,1938.0,651.5,2.01702786377709,6.0,0.0,0.0
053610,프로텍,7910,8100,7910,8060,33130,267420370,10847.0,4.76,0.7436481573246059,1694.0,1.99,160.0
053160,프리엠스,4450,4600,4435,4530,43956,198515160,5689.0,10.27,0.7963765050975566,441.0,1.1,50.0
060910,프리젠,0,0,0,920,0,0,585.0,0.0,0.0,0.0,0.0,0.0
075130,플랜티넷,5810,5970,5660,5830,83315,485378250,7680.0,94.0,0.7588541666666667,62.0,2.57,150.0
023770,플레이위드,11850,11850,10500,10550,224597,2484616400,1400.0,11.31,7.538973214285714,933.0,0.0,0.0
065270,플렉스컴,2395,2445,2265,2325,435968,1028322160,4993.0,0.0,0.0,0.0,0.0,0.0
032580,피델릭스,2745,2800,2640,2685,144161,392901425,1930.0,116.75,1.391321243523316,23.0,0.0,0.0
051380,피씨디렉트,3965,4100,3800,4100,75146,303116065,3290.0,0.0,0.0,0.0,0.0,0.0
131390,피앤이솔루션,8670,9180,8370,8750,813014,7137956580,2693.0,350.0,3.249164500557,25.0,0.0,0.0
024850,피에스엠씨,631,658,590,629,486974,304048300,917.0,0.0,0.0,0.0,0.0,0.0
031980,피에스케이,8540,8680,8260,8440,70935,594458380,8358.0,15.81,1.0102745872218235,534.0,2.37,200.0
002230,피에스텍,5500,5740,5460,5740,122164,686207100,6903.0,19.66,0.8314682022309141,292.0,0.87,50.0
137400,피엔티,11700,12050,11200,11400,505572,5879545950,7194.0,13.94,1.5847755073672505,818.0,0.88,100.0
082390,피엘에이,910,930,865,869,586021,518559507,305.0,0.0,0.0,0.0,0.0,0.0
128660,피제이메탈,1610,1685,1590,1650,102524,166902600,1264.0,7.6,1.3050150810917722,217.0,5.45,90.0
006140,피제이전자,6780,6920,6680,6700,11252,76021720,8725.0,10.09,0.7681661891117478,664.0,2.99,200.0
087600,픽셀플러스,21200,21850,20750,21750,127111,2709693000,13016.0,8.46,1.6706061289950829,2570.0,0.69,150.0
064800,필링크,13950,14700,13600,13800,36207,512024950,3485.0,0.0,0.0,0.0,0.36,50.0
230240,하나금융7호스팩,2095,2095,2070,2070,29,60055,0.0,0.0,0.0,0.0,0.0,0.0
067310,하나마이크론,4840,4905,4820,4840,60222,292367720,5882.0,12.41,0.8225837300238015,390.0,2.07,100.0
208370,하나머스트2호스팩,2035,2035,2005,2005,231,463985,1904.0,0.0,0.0,0.0,0.0,0.0
208870,하나머스트3호스팩,2005,2025,2005,2020,3671,7367825,1940.0,0.0,0.0,0.0,0.0,0.0
215100,하나머스트4호스팩,2000,2010,2000,2010,1748,3498480,0.0,0.0,0.0,0.0,0.0,0.0
218150,하나머스트5호스팩,2005,2015,2005,2015,1820,3660650,0.0,0.0,0.0,0.0,0.0,0.0
136480,하림,3905,3970,3830,3890,809811,3148422470,3753.0,0.0,0.0,0.0,0.0,0.0
024660,하림홀딩스,4050,4175,4040,4095,163121,668453010,3317.0,17.06,1.2345492915284897,240.0,0.0,0.0
149980,하이로닉,13850,13950,12900,12900,297183,3988428550,3378.0,22.05,3.818064498223801,585.0,0.0,0.0
013030,하이록코리아,25900,25900,25000,25250,8297,208865150,18034.0,9.08,1.3994226183874903,2780.0,1.58,400.0
126700,하이비젼시스템,9850,10150,9410,9910,360849,3525801130,4503.0,19.55,2.2008140406395738,507.0,0.5,50.0
200470,하이셈,2010,2080,2010,2035,296303,603886465,2627.0,9.04,0.7741869290064712,225.0,0.0,0.0
106080,하이소닉,3900,4400,3900,4050,41008,170301125,1860.0,0.0,0.0,0.0,0.0,0.0
066980,하이쎌,1190,1215,1175,1200,586950,702144065,579.0,0.0,0.0,0.0,0.0,0.0
205470,하이제2호스팩,0,0,0,2005,0,0,1905.0,0.0,0.0,0.0,0.0,0.0
217500,하이제3호스팩,2000,2000,2000,2000,519,1038000,0.0,0.0,0.0,0.0,0.0,0.0
221840,하이즈항공,12950,12950,11400,11500,272216,3221497000,949.0,35.6,12.114627239199157,323.0,0.0,0.0
106190,하이텍팜,14400,15100,14200,14650,55056,807268500,12987.0,13.26,1.1280421046046045,1105.0,1.71,250.0
066130,하츠,5000,5150,4955,4955,133711,671310950,5549.0,18.28,0.892812894215174,271.0,0.61,30.0
222080,한국3호스팩,2000,2010,2000,2010,1892,3792920,0.0,0.0,0.0,0.0,0.0,0.0
004590,한국가구,38350,39500,36800,36800,1973,74058000,48049.0,10.65,0.7659056379945473,3456.0,2.04,750.0
039340,한국경제TV,2805,2890,2800,2885,47998,136809360,2785.0,27.22,1.0359739676840216,106.0,1.73,50.0
034950,한국기업평가,43450,44350,41900,43300,2551,108345000,17033.0,16.72,2.541234295191687,2589.0,3.88,1682.0
222980,한국맥널티,24600,25100,23150,24000,212769,5112296950,2955.0,14.47,8.123064720812183,1659.0,0.0,0.0
060250,한국사이버결제,23050,23900,23000,23400,288949,6767134550,4853.0,47.94,4.820420358541108,488.0,0.0,0.0
025550,한국선재,3425,3435,3270,3330,721623,2423582995,3166.0,27.52,1.0516079042956412,121.0,3.0,100.0
017890,한국알콜,6350,6450,6250,6350,53333,339025860,8796.0,11.24,0.7221277782514779,565.0,0.79,50.0
033430,한국자원투자개발,422,437,417,419,1463923,622800735,373.0,0.0,0.0,0.0,0.0,0.0
063570,한국전자금융,5260,5450,5220,5220,364498,1942158660,3428.0,9.21,1.523512707847141,567.0,1.05,55.0
041460,한국전자인증,8070,8280,7850,7850,446080,3574760430,1204.0,47.6,6.522399294019934,165.0,0.5,39.0
101680,한국정밀기계,3340,3590,3300,3450,35229,119626665,16433.0,0.0,0.0,0.0,0.0,0.0
039740,한국정보공학,6300,6450,6000,6000,155518,969669430,7544.0,0.0,0.0,0.0,0.0,0.0
053300,한국정보인증,9940,10100,9440,9440,658083,6361379790,1600.0,66.5,5.901875,142.0,0.32,30.0
025770,한국정보통신,11350,11700,11050,11050,153263,1728441800,2533.0,26.95,4.362724536123174,410.0,0.0,0.0
023760,한국캐피탈,695,705,680,694,305350,210886209,1280.0,10.36,0.54224853515625,67.0,2.88,20.0
054040,한국컴퓨터,3170,3235,3100,3175,27023,85992650,5292.0,6.76,0.600530576814059,470.0,3.78,120.0
021650,한국큐빅,3900,3910,3720,3720,112476,425644310,3684.0,12.78,1.009593851791531,291.0,1.34,50.0
053590,한국테크놀로지,4085,4295,4085,4265,134300,569746415,919.0,106.6,4.640914036996736,40.0,0.0,0.0
034830,한국토지신탁,3250,3330,3160,3190,1662282,5416169760,1695.0,13.07,1.8815081120943953,244.0,1.25,40.0
037230,한국팩키지,1460,1480,1415,1435,91790,133088020,1476.0,0.0,0.0,0.0,1.05,15.0
030520,한글과컴퓨터,20000,20200,19250,19250,188549,3700733300,6489.0,21.39,2.9667995839112344,900.0,1.35,260.0
052600,한네트,2960,3010,2875,2970,47176,139127250,3061.0,15.39,0.9703987667428945,193.0,4.04,120.0
092460,한라IMS,5680,5960,5680,5950,20860,121054660,6357.0,12.4,0.936172722982539,480.0,0.84,50.0
047080,한빛소프트,4375,4390,4085,4110,288614,1212501915,772.0,0.0,0.0,0.0,0.0,0.0
081970,한솔넥스지,4420,4465,4285,4315,41042,177627835,5965.0,21.8,0.7235173931265717,198.0,0.46,20.0
099660,한솔신텍,2425,2440,2325,2420,490917,1176876210,1013.0,0.0,0.0,0.0,0.0,0.0
070590,한솔인티큐브,2280,2290,2240,2280,42298,95648305,2027.0,21.11,1.1247224962999507,108.0,1.32,30.0
042520,한스바이오메드,18600,19350,18100,18750,71131,1333507500,3996.0,49.1,4.693146271271272,382.0,0.53,100.0
078350,한양디지텍,3740,3740,3500,3600,80904,291745660,4147.0,5.97,0.8678939594887871,603.0,0.0,0.0
045100,한양이엔지,11400,11450,11050,11200,208393,2353949000,7369.0,10.74,1.5204371777038947,1043.0,1.34,150.0
064090,한양하이타오,6180,6640,6010,6010,770610,4871977790,606.0,26.7,9.914526608910892,225.0,0.0,0.0
046110,한일네트웍스,3065,3290,2970,2970,967862,3018305825,2665.0,0.0,0.0,0.0,0.0,0.0
024740,한일단조,2900,2960,2860,2870,36385,105450350,6004.0,0.0,0.0,0.0,1.74,50.0
005860,한일사료,1955,1975,1860,1875,776569,1481747670,1805.0,14.88,1.0389110110803323,126.0,1.33,25.0
123840,한일진공,3090,3230,2860,2860,634218,1923444170,1434.0,0.0,0.0,0.0,0.0,0.0
007770,한일화학,11350,11750,11200,11200,6502,73513150,23894.0,18.95,0.4687911975809827,591.0,1.34,150.0
061460,한진피앤씨,2325,2325,2200,2290,94205,215397850,576.0,134.8,3.9769965277777777,17.0,0.0,0.0
079170,한창산업,5200,5320,5200,5260,3425,17891810,10044.0,27.83,0.5236475134408602,189.0,2.28,120.0
054920,한컴시큐어,3910,3925,3700,3700,109341,418393220,4504.0,0.0,0.0,0.0,0.0,0.0
077280,한컴지엠디,2625,2625,2485,2500,42362,106889935,3843.0,0.0,0.0,0.0,0.0,0.0
002680,한탑,1760,1775,1725,1765,26081,45887480,2314.0,0.0,0.0,0.0,0.0,0.0
217620,한화ACPC스팩,2000,2000,1995,2000,968,1931260,0.0,0.0,0.0,0.0,0.0,0.0
215380,한화MGI스팩,1990,2000,1980,2000,16955,33812935,0.0,0.0,0.0,0.0,0.0,0.0
214680,한화에이스스팩1호,2005,2005,1990,1990,1994,3968085,0.0,0.0,0.0,0.0,0.0,0.0
219860,한화에이스스팩2호,2005,2005,2000,2000,44,88005,0.0,0.0,0.0,0.0,0.0,0.0
102210,해덕파워웨이,6630,6770,6630,6700,1064,7132900,10706.0,17.02,0.6262055155987297,394.0,2.99,200.0
034810,해성산업,16400,16550,15900,15900,48564,785006900,13652.0,34.28,1.1651406387342513,464.0,0.63,100.0
076610,해성옵틱스,5340,5600,5280,5520,143299,778303730,3851.0,24.2,1.4329557257855103,228.0,0.0,0.0
008800,행남자기,10800,10800,10200,10200,120193,1247022950,4188.0,0.0,0.0,0.0,0.0,0.0
170030,현대공업,4815,4900,4765,4825,4110,19910865,4478.0,5.83,1.076341977445288,827.0,1.24,60.0
221950,현대드림3호스팩,2010,2010,2000,2010,7150,14300075,0.0,0.0,0.0,0.0,0.0,0.0
226360,현대드림4호스팩,1990,2000,1975,1995,3236,6441810,0.0,0.0,0.0,0.0,0.0,0.0
048410,현대아이비티,5650,5680,5380,5380,226530,1245778350,742.0,0.0,0.0,0.0,0.0,0.0
204760,현대에이블스팩1호,1995,2005,1995,2000,10703,21376075,1897.0,0.0,0.0,0.0,0.0,0.0
026180,현대정보기술,2295,2330,2215,2240,157972,356544160,569.0,0.0,0.0,0.0,0.0,0.0
039010,현대통신,6600,6730,6500,6630,72225,478701640,3324.0,10.28,1.9950078971119134,645.0,1.06,70.0
092300,현우산업,2060,2115,2045,2115,15920,32970880,5485.0,0.0,0.0,0.0,1.42,30.0
053660,현진소재,1310,1395,1255,1310,537545,709367975,6930.0,0.0,0.0,0.0,0.0,0.0
011080,형지I&C,1445,1535,1390,1520,210706,313187360,1315.0,25.33,1.1556558935361216,60.0,0.99,15.0
060560,홈센타,2500,2565,2450,2505,73676,185442190,3671.0,0.0,0.0,0.0,0.0,0.0
064240,홈캐스트,6930,7010,6640,6770,410657,2807888840,2962.0,101.06,2.2860187373396355,67.0,0.0,0.0
039610,화성,4905,4935,4810,4895,11584,56396645,7024.0,8.23,0.6968685489037585,595.0,0.0,0.0
126640,화신정공,1400,1430,1380,1420,213357,299273055,2126.0,9.93,0.6678952551740357,143.0,1.41,20.0
086250,화신테크,3215,3295,3045,3105,292323,911726435,4163.0,34.88,0.745586115781888,89.0,1.93,60.0
061250,화일약품,6940,7090,6790,6910,164408,1141183990,6181.0,22.58,1.1177651270021032,306.0,1.45,100.0
134780,화진,4900,4925,4740,4740,29267,140238580,6117.0,5.5,0.7750531306195848,862.0,3.16,150.0
097870,효성오앤비,17400,18050,16700,17500,16620,290649700,12167.0,14.66,1.438280800526013,1194.0,1.43,250.0
050090,휘닉스소재,1305,1335,1275,1295,324467,424393540,508.0,0.0,0.0,0.0,0.0,0.0
051980,휴림스,5400,5750,5240,5350,137197,753003760,1614.0,0.0,0.0,0.0,0.0,0.0
115160,휴맥스,15650,16100,15650,15750,47454,752944400,19181.0,16.53,0.8213482743339763,953.0,0.95,150.0
028080,휴맥스홀딩스,8170,8490,8110,8210,3405,27838020,17937.0,35.1,0.45782112393376817,234.0,1.22,100.0
200670,휴메딕스,67300,67700,64400,65000,108648,7123487900,6920.0,55.47,9.394418352601155,1172.0,0.0,0.0
065510,휴비츠,14850,15100,14450,14450,142881,2088127100,5775.0,109.5,2.5028571428571427,132.0,0.69,100.0
084110,휴온스,91400,91400,86200,88000,79543,7001639600,13533.0,45.62,6.500036946722826,1928.0,0.45,400.0
145020,휴젤,219500,222100,216400,219500,19127,4186208000,19048.0,37.2,11.520550057748846,5901.0,0.0,0.0
024060,흥구석유,2755,2835,2700,2810,146592,404462335,4411.0,22.84,0.6369941623214691,123.0,1.78,50.0
010240,흥국,4185,4210,4150,4195,2768,11535665,7454.0,15.48,0.5626708394821572,271.0,2.38,100.0
189980,흥국에프엔비,31400,31900,30100,30550,147629,4545424200,4485.0,24.56,6.812876254180602,1244.0,0.65,200.0
037440,희림,4150,4180,4105,4170,5372,22335360,3105.0,0.0,0.0,0.0,0.0,0.0
