,종목명,시가,고가,저가,종가,거래량,거래대금,BPS,PER,PBR,EPS,DIV,DPS
095570,AJ네트웍스,6440,6550,6410,6450,14091,90944750,5980.0,22.4,1.0790969899665552,288.0,0.93,60.0
068400,AJ렌터카,14000,14250,13700,14100,224760,3141382000,10537.0,38.94,1.3377028566005504,362.0,0.0,0.0
006840,AK홀딩스,74500,75200,73400,73600,12085,894865800,46834.0,13.18,1.5716905386578126,5585.0,0.75,550.0
027410,BGF,12550,12650,12450,12550,232276,2912642850,19215.0,3.29,0.6531908665105386,3816.0,6.37,800.0
282330,BGF리테일,181000,182000,177500,179000,26178,4697403500,0.0,0.0,0.0,0.0,0.0,0.0
138930,BNK금융지주,10400,10500,10250,10300,1066741,11052793300,20810.0,6.77,0.49510939752522826,1522.0,2.23,230.0
001460,BYC,285000,285500,281500,282000,319,90110000,468849.0,10.15,0.6013965850412393,27784.0,0.28,800.0
001465,BYC우,153000,153000,149000,150000,35,5238000,0.0,0.0,0.0,0.0,0.57,850.0
001040,CJ,159500,161000,159500,160000,32996,5290474500,118834.0,20.42,1.346805075777976,7837.0,0.84,1350.0
079160,CJ CGV,76200,77200,74500,74700,162942,12242329200,17654.0,128.1,4.2311586609267025,583.0,0.47,350.0
000120,CJ대한통운,154500,157500,152500,153000,42752,6609230000,102843.0,48.34,1.4882521173050183,3166.0,0.0,0.0
011150,CJ씨푸드,2840,2860,2815,2825,41706,118269680,1530.0,18.95,1.8457618464052288,149.0,0.0,0.0
011155,CJ씨푸드1우,27350,27750,27100,27300,917,25033500,0.0,0.0,0.0,0.0,0.0,0.0
001045,CJ우,70500,72400,70500,72300,1579,112883800,0.0,0.0,0.0,0.0,1.94,1400.0
097950,CJ제일제당,332500,337000,332500,334500,29775,9966068500,235302.0,17.12,1.4207879661031355,19522.0,0.75,2500.0
097955,CJ제일제당 우,133500,134500,132500,134500,2442,326353000,0.0,0.0,0.0,0.0,1.9,2550.0
037560,CJ헬로,8960,9120,8930,9080,170520,1540014310,12482.0,32.66,0.7273223441756129,278.0,0.83,75.0
000590,CS홀딩스,78900,79500,78300,79100,64,5043700,185295.0,9.83,0.4267101952292291,8045.0,0.63,500.0
012030,DB,788,797,772,795,740507,583841042,832.0,0.0,0.0,0.0,0.0,0.0
016610,DB금융투자,4650,4725,4645,4665,92628,434263850,14326.0,1555.0,0.3256317185536786,3.0,0.0,0.0
005830,DB손해보험,62300,63300,61800,61900,136488,8503226500,58894.0,7.48,1.050801744978266,8273.0,2.67,1650.0
000990,DB하이텍,13550,13750,13350,13400,237517,3211131550,7682.0,6.56,1.7433804266467066,2042.0,0.0,0.0
000995,DB하이텍1우,33550,35800,33550,35000,739,25921550,0.0,0.0,0.0,0.0,0.0,0.0
139130,DGB금융지주,12000,12250,12000,12050,648502,7819150150,21773.0,7.08,0.553298523400542,1702.0,2.49,300.0
004840,DRB동일,7270,7350,7250,7290,5710,41573150,17081.0,3.47,0.42710719329957264,2102.0,1.1,80.0
155660,DSR,6220,6300,5870,6130,350839,2117320820,8252.0,9.12,0.7424563742123121,672.0,0.82,50.0
069730,DSR제강,6330,6340,6080,6230,187578,1158112080,8780.0,10.33,0.7093233912300684,603.0,0.64,40.0
017940,E1,61700,62400,61500,62300,6005,373398200,161644.0,0.0,0.0,0.0,3.21,2000.0
007700,F&F,44300,45100,44050,44400,27657,1232492250,14721.0,22.62,3.016974050675905,1963.0,0.79,350.0
114090,GKL,26500,26950,26250,26600,172890,4604316250,8386.0,14.39,3.1729389011447653,1849.0,3.76,1000.0
078930,GS,60200,60900,60100,60400,100542,6068270900,73540.0,7.1,0.8216915326692956,8509.0,2.65,1600.0
006360,GS건설,38750,38950,37350,37700,866846,32872620500,46180.0,0.0,0.0,0.0,0.0,0.0
001250,GS글로벌,3765,3855,3730,3800,821564,3116504095,3787.0,13.1,1.0032883879059942,290.0,0.0,0.0
007070,GS리테일,33500,35100,33500,34100,208389,7204016500,25842.0,9.57,1.3191491805974769,3562.0,3.23,1100.0
078935,GS우,40700,40800,40400,40650,4548,184343950,0.0,0.0,0.0,0.0,4.06,1650.0
039570,HDC아이콘트롤스,13100,13150,12850,13100,26591,344457900,10682.0,11.43,1.226214367627785,1146.0,2.29,300.0
003560,IHQ,2210,2230,2190,2195,678652,1496314095,1533.0,70.8,1.4319553163731247,31.0,0.0,0.0
175330,JB금융지주,6210,6330,6160,6210,225697,1407992390,14663.0,6.76,0.42332795556843755,918.0,0.81,50.0
234080,JW생명과학,27100,27350,25950,26250,173215,4576674550,5703.0,27.4,4.603750219182886,958.0,1.14,300.0
001060,JW중외제약,42350,42850,42250,42400,65499,2779171400,12820.0,0.0,0.0,0.0,0.59,250.0
001067,JW중외제약2우B,41750,41750,40500,40950,256,10570800,0.0,0.0,0.0,0.0,0.61,250.0
001065,JW중외제약우,25350,25350,24250,24750,40,986100,0.0,0.0,0.0,0.0,1.11,275.0
096760,JW홀딩스,8970,9030,8900,8970,213478,1911394930,1876.0,0.0,0.0,0.0,0.84,75.0
105560,KB금융,60000,61400,59800,59900,1002918,60439040000,74138.0,10.72,0.8079038414847987,5588.0,2.09,1250.0
002380,KCC,380500,388500,375500,377500,19300,7318213000,564197.0,24.38,0.6692575908769455,15491.0,2.38,9000.0
009070,KCTC,3005,3045,2855,2920,233766,685364205,5896.0,10.74,0.49556902985074625,272.0,1.2,35.0
009440,KC그린홀딩스,5540,5560,5460,5540,31969,176031010,7044.0,26.27,0.7867755359170926,211.0,1.81,100.0
119650,KC코트렐,6100,6100,5880,6010,152973,911434430,5305.0,78.06,1.1330466540999058,77.0,0.67,40.0
092220,KEC,1370,1385,1330,1330,2159974,2935206085,2215.0,332.5,0.600451467268623,4.0,0.0,0.0
001390,KG케미칼,28100,28150,27150,27700,94084,2596254150,17950.0,23.56,1.542392061281337,1175.0,1.26,350.0
001940,KISCO홀딩스,71500,72500,69000,71100,11079,784369600,202798.0,4.74,0.3503512231074764,14995.0,1.27,900.0
025000,KPX케미칼,59800,60000,59200,60000,2876,171529600,87108.0,8.85,0.6891593983905038,6782.0,3.33,2000.0
092230,KPX홀딩스,65100,65500,64700,65300,585,37966700,136803.0,9.02,0.47741380397359706,7238.0,3.22,2100.0
000040,KR모터스,670,677,653,674,756936,502777459,502.0,0.0,0.0,0.0,0.0,0.0
044450,KSS해운,8400,8500,8340,8370,60712,510045400,10177.0,14.31,0.82271912154859,585.0,2.03,170.0
030200,KT,27050,27300,27000,27050,649388,18027127690,43820.0,9.31,0.617149703331812,2904.0,2.96,800.0
033780,KT&G,97600,98600,97600,98200,184798,18141655800,51319.0,10.06,1.9135200900251368,9759.0,3.67,3600.0
030210,KTB투자증권,6520,6600,6380,6520,597240,3878703860,6431.0,14.24,1.0142935585445498,458.0,0.0,0.0
058850,KTcs,2315,2335,2300,2335,178824,414233480,3530.0,12.76,0.6613823477337111,183.0,3.43,80.0
093050,LF,28300,29200,27950,28000,86399,2457967448,36006.0,15.85,0.7779178730628229,1767.0,1.79,500.0
003550,LG,81000,81700,79800,80400,241999,19486090800,78889.0,13.15,1.0190209899352254,6114.0,1.62,1300.0
034220,LG디스플레이,23800,24250,23800,23850,3026363,72579806250,36209.0,9.41,0.6582738407578227,2534.0,2.1,500.0
001120,LG상사,26400,26650,26100,26400,181507,4775629450,32221.0,17.55,0.81904658452562,1504.0,0.95,250.0
051900,LG생활건강,1256000,1300000,1251000,1297000,40382,51809677000,142927.0,38.25,9.07362674652095,33905.0,0.58,7500.0
051905,LG생활건강우,744000,761000,735000,749000,3016,2249157000,0.0,0.0,0.0,0.0,1.01,7550.0
003555,LG우,45100,45400,45000,45300,4487,202581600,0.0,0.0,0.0,0.0,2.98,1350.0
032640,LG유플러스,12050,12450,12050,12350,1281455,15787038350,11054.0,10.94,1.1171012755563596,1129.0,2.83,350.0
011070,LG이노텍,119500,120500,116000,116500,273931,32259227000,75145.0,557.5,1.5505689001264222,209.0,0.21,250.0
066570,LG전자,103500,104500,101000,101500,721921,73791048500,66288.0,240.5,1.5310614289162443,422.0,0.39,400.0
066575,LG전자우,42300,42550,41300,41700,31425,1313788050,0.0,0.0,0.0,0.0,1.08,450.0
108670,LG하우시스,77200,78400,77200,78000,35630,2773142600,93736.0,10.37,0.8321532682213877,7524.0,2.31,1800.0
108675,LG하우시스우,45500,45850,45450,45800,1773,80737250,0.0,0.0,0.0,0.0,4.04,1850.0
051910,LG화학,354000,360000,354000,354500,156968,55922024500,188597.0,20.34,1.8787525451094131,17417.0,1.41,5000.0
051915,LG화학우,205500,208000,201500,201500,6890,1402643500,0.0,0.0,0.0,0.0,2.51,5050.0
079550,LIG넥스원,42600,43650,42000,42200,120962,5137109700,28711.0,12.05,1.469407413534882,3502.0,2.23,940.0
006260,LS,74100,75300,73900,74200,68950,5145086700,76132.0,12.25,0.9744391320338359,6056.0,1.68,1250.0
000680,LS네트웍스,3425,3425,3340,3400,16035,54081670,7650.0,0.0,0.0,0.0,0.0,0.0
010120,LS산전,67400,69900,65400,65400,193453,12866185200,35486.0,23.77,1.8430648706532153,2752.0,1.22,800.0
229640,LS전선아시아,7270,7270,7150,7160,23903,172002660,4009.0,16.42,1.78596595160888,436.0,2.09,150.0
023150,MH에탄올,6650,6670,6600,6630,14485,95886730,8617.0,5.87,0.769231152808402,1129.0,4.52,300.0
035420,NAVER,725000,727000,712000,716000,209837,150411258671,109055.0,27.81,6.5660503874191924,25746.0,0.16,1131.0
181710,NHN엔터테인먼트,62100,62800,61700,62300,37141,2314167100,74766.0,95.7,0.8331669809806597,651.0,0.0,0.0
005940,NH투자증권,15250,15800,15250,15450,1443860,22488377250,15448.0,19.58,0.999944369821336,789.0,2.59,400.0
005945,NH투자증권우,9300,9430,9250,9410,139256,1305837500,0.0,0.0,0.0,0.0,4.78,450.0
034310,NICE,20000,20800,20000,20600,66338,1349645950,13477.0,13.99,1.5293086137493508,1473.0,0.63,130.0
008260,NI스틸,3385,3420,3270,3305,191612,636653090,3055.0,9.18,1.0817307692307692,360.0,1.51,50.0
004250,NPC,5410,5440,5360,5420,2281,12279690,5845.0,5.61,0.927058383233533,966.0,1.48,80.0
004255,NPC우,2475,2500,2475,2500,48,118910,0.0,0.0,0.0,0.0,3.4,85.0
010060,OCI,161500,162000,153500,155500,192785,30296673000,133995.0,15.32,1.1606141437180493,10151.0,0.26,400.0
005490,POSCO,358500,360000,350500,351000,239939,84763471500,486007.0,21.11,0.7221821457818509,16627.0,2.28,8000.0
100840,S&TC,14650,14700,14400,14550,12745,184891250,31532.0,64.1,0.46163817708994037,227.0,0.0,0.0
064960,S&T모티브,32200,33200,32200,32450,279041,9066354400,46542.0,14.01,0.697049842078123,2316.0,3.08,1000.0
003570,S&T중공업,7410,7410,7310,7410,9963,73514120,20125.0,0.0,0.0,0.0,0.0,0.0
036530,S&T홀딩스,12950,13200,12800,13000,19669,256865900,36293.0,76.94,0.3582629570440581,169.0,2.69,350.0
010950,S-Oil,111000,112500,109000,109500,213749,23541724500,54814.0,10.58,1.9979444690225125,10353.0,5.66,6200.0
010955,S-Oil우,94000,94800,93900,93900,7751,729921800,0.0,0.0,0.0,0.0,6.63,6225.0
034120,SBS,26200,26550,26150,26250,29452,775617650,29623.0,0.0,0.0,0.0,0.0,0.0
101060,SBS미디어홀딩스,2980,3035,2955,2970,77978,232758955,4917.0,33.0,0.6040268456375839,90.0,0.84,25.0
004060,SG세계물산,862,875,858,866,247526,214002245,987.0,0.0,0.0,0.0,0.0,0.0
001380,SG충방,2920,2920,2820,2845,194837,555857120,2820.0,0.0,0.0,0.0,0.0,0.0
002360,SH에너지화학,1605,1650,1535,1550,17196070,27228135145,920.0,9.57,1.6852072010869565,162.0,3.55,55.0
009160,SIMPAC,4330,4330,4265,4295,15428,66308325,8266.0,7.12,0.5194797400496007,603.0,2.33,100.0
123700,SJM,4350,4360,4290,4340,6428,27733820,10177.0,4.52,0.4267730697897219,961.0,4.61,200.0
025530,SJM홀딩스,4510,4545,4510,4520,4593,20802550,8884.0,10.81,0.5087376181900045,418.0,4.42,200.0
034730,SK,294500,296500,293500,294500,82046,24180541500,184873.0,21.53,1.5927765276703467,13676.0,1.26,3700.0
011790,SKC,37950,38500,37250,37600,108538,4090323200,37457.0,32.38,1.004344982246309,1162.0,1.99,750.0
018670,SK가스,93000,93700,92600,93100,9417,875676200,153747.0,4.78,0.606289878826904,19496.0,2.79,2600.0
001740,SK네트웍스,5540,5600,5510,5530,598996,3320814420,9778.0,0.0,0.0,0.0,1.81,100.0
001745,SK네트웍스우,60700,60700,58500,60100,4332,258081600,0.0,0.0,0.0,0.0,0.21,125.0
006120,SK디스커버리,42450,42850,42000,42800,219161,9357146300,72380.0,10.04,0.5914142373583863,4264.0,0.82,350.0
006125,SK디스커버리우,19150,19150,18850,19000,3779,71709800,0.0,0.0,0.0,0.0,2.11,400.0
210980,SK디앤디,29400,29600,28900,29500,18965,555733100,13056.0,17.5,2.2598805147058822,1686.0,1.8,530.0
03473K,SK우,160000,160000,157000,157500,3311,521461500,0.0,0.0,0.0,0.0,2.38,3750.0
096770,SK이노베이션,193000,195500,191000,192000,260064,50240869500,182504.0,10.71,1.0525246193234121,17934.0,3.33,6400.0
096775,SK이노베이션우,132500,133500,131000,132500,5524,729645000,0.0,0.0,0.0,0.0,4.87,6450.0
001510,SK증권,1200,1225,1195,1220,2708020,3282694045,1281.0,33.88,0.9519906323185011,36.0,0.0,0.0
001515,SK증권우,3485,3580,3370,3385,63686,220556915,0.0,0.0,0.0,0.0,0.0,0.0
285130,SK케미칼,105000,105500,102500,102500,48015,4966410000,0.0,0.0,0.0,0.0,0.0,0.0
28513K,SK케미칼우,34450,34500,34000,34250,1191,40576300,0.0,0.0,0.0,0.0,0.0,0.0
017670,SK텔레콤,222000,226500,221500,226500,190233,42799756000,197799.0,9.64,1.145232107467682,23497.0,4.42,10000.0
000660,SK하이닉스,88500,88800,86800,87100,4961867,434696346800,32990.0,20.81,2.6395725977568962,4184.0,0.69,600.0
005610,SPC삼립,127500,130000,127500,129500,9828,1269933500,33899.0,21.9,3.821751747839169,5914.0,0.74,956.0
011810,STX,0,0,0,23850,0,0,0.0,0.0,0.0,0.0,0.0,0.0
077970,STX엔진,10550,10700,10200,10400,11284,117148150,3878.0,0.0,0.0,0.0,0.0,0.0
071970,STX중공업,5270,5370,5250,5290,229615,1215783030,0.0,0.0,0.0,0.0,0.0,0.0
084870,TBH글로벌,7140,7140,6960,7000,32934,230895670,9942.0,0.0,0.0,0.0,0.0,0.0
002710,TCC동양,2090,2140,2025,2050,98288,202456000,4610.0,2.54,0.44447363069414314,807.0,0.0,0.0
024070,WISCOM,3495,3545,3430,3480,9036,31346755,7868.0,27.62,0.4423932384341637,126.0,2.87,100.0
037270,YG PLUS,2515,2530,2460,2480,82638,205156735,1749.0,0.0,0.0,0.0,0.0,0.0
000500,가온전선,25450,26650,25150,25500,12591,320930550,63319.0,26.16,0.40275973641403057,975.0,2.35,600.0
000860,강남제비스코,32700,32700,31600,31800,14912,478153850,71406.0,5.96,0.44536315663249587,5335.0,1.57,500.0
035250,강원랜드,28900,29350,28650,28950,456344,13185313925,15203.0,12.91,1.903296224429389,2242.0,3.42,990.0
011420,갤럭시아에스엠,2060,2060,2000,2045,103656,209827355,1628.0,0.0,0.0,0.0,0.0,0.0
002100,경농,6850,7000,6700,6850,72778,496567520,7896.0,18.77,0.8674586024569402,365.0,3.87,265.0
009450,경동나비엔,58500,59200,57800,58300,40667,2373923800,18529.0,19.94,3.147346726752658,2925.0,0.26,150.0
267290,경동도시가스,40950,40950,39900,40100,2609,104610500,0.0,0.0,0.0,0.0,0.0,0.0
012320,경동인베스트,43600,43600,42950,43350,3213,138673800,144771.0,8.79,0.29936152397579624,4931.0,2.88,1250.0
000050,경방,14800,15200,14650,14700,39956,592880550,24799.0,13.67,0.5926555758296705,1075.0,1.22,180.0
214390,경보제약,14850,14850,14450,14550,85770,1252521850,5413.0,27.4,2.6884756604470716,531.0,1.37,200.0
012610,경인양행,5900,5940,5800,5840,166893,974616590,4764.0,45.28,1.226129565491184,129.0,0.86,50.0
009140,경인전자,28050,28050,27300,27400,376,10342500,38034.0,12.73,0.7204156560577378,2153.0,0.91,250.0
013580,계룡건설,18600,18950,18050,18650,50698,938765850,32299.0,9.58,0.5770776572030094,1946.0,0.0,0.0
012200,계양전기,4560,4610,4505,4525,154877,702824160,5183.0,9.07,0.8732560172679915,499.0,1.44,65.0
012205,계양전기우,3490,3515,3465,3485,6632,23152435,0.0,0.0,0.0,0.0,2.01,70.0
004200,고려개발,7100,7100,6900,6970,21867,152200420,994.0,0.0,0.0,0.0,0.0,0.0
002140,고려산업,3515,3530,3430,3460,429089,1496820595,3345.0,12.01,1.0338565022421524,288.0,0.87,30.0
010130,고려아연,431500,434500,426000,428500,44346,19006820500,292340.0,12.78,1.4654673282821373,33519.0,1.98,8500.0
002240,고려제강,28100,28550,28100,28300,12825,363377050,70031.0,13.78,0.4040054582970399,2053.0,1.24,350.0
001290,골든브릿지증권,2900,2900,2815,2815,191278,543933745,1842.0,0.0,0.0,0.0,0.0,0.0
009290,광동제약,9510,9630,9370,9400,153975,1460431000,7115.0,13.58,1.3205990864371047,692.0,0.85,80.0
017040,광명전기,4125,4155,3850,3990,4557677,18444064495,2061.0,18.3,1.935331756428918,218.0,0.0,0.0
017900,광전자,2940,2945,2870,2890,62949,182059170,3515.0,76.06,0.8222972972972973,38.0,0.0,0.0
037710,광주신세계,231000,233000,228500,229500,669,153677500,333931.0,8.06,0.687409786752353,28471.0,0.54,1250.0
192530,광주은행,11300,11350,11100,11150,50776,566480500,28827.0,5.83,0.38696469455718596,1914.0,1.79,200.0
030610,교보증권,10350,10700,10300,10400,111681,1171681400,20711.0,5.79,0.5020113104147554,1796.0,1.63,170.0
007690,국도화학,67800,68800,66800,67800,9107,618749900,75108.0,15.1,0.9027802048383661,4490.0,1.77,1200.0
005320,국동,4710,4720,4405,4500,257415,1172211040,4453.0,7.64,1.0106283685156074,589.0,0.0,0.0
001140,국보,11900,12150,11400,11600,32410,376355000,12266.0,0.0,0.0,0.0,0.0,0.0
002720,국제약품,6440,6520,6390,6410,129621,835888040,3743.0,145.6,1.7118621426663105,44.0,0.16,10.0
083420,그린케미칼,4740,4820,4740,4755,7679,36578535,5775.0,33.03,0.8236363636363636,144.0,3.36,160.0
014530,극동유화,3465,3505,3450,3500,11612,40483505,4012.0,8.73,0.8722212269441675,401.0,3.29,115.0
014280,금강공업,32600,32700,30750,30850,16864,531638100,51592.0,4.45,0.5978917970567142,6933.0,1.62,500.0
014285,금강공업우,37450,38300,36150,36500,2327,85633250,0.0,0.0,0.0,0.0,1.51,550.0
008870,금비,74300,74300,72800,73900,1412,103484000,90860.0,6.3,0.813498402418556,11731.0,2.44,1800.0
001570,금양,2320,2320,2270,2275,75067,171414420,858.0,0.0,0.0,0.0,0.0,0.0
002990,금호산업,12150,12300,11650,11950,161679,1930964100,8797.0,11.7,1.3582915340456974,1021.0,2.51,300.0
002995,금호산업우,25300,26400,23250,23250,77440,1903019950,0.0,0.0,0.0,0.0,1.51,350.0
011780,금호석유,95100,99200,95100,98000,262147,25671726800,48363.0,37.44,2.0265776523375307,2618.0,0.82,800.0
011785,금호석유우,33400,34250,33350,34150,13812,470484200,0.0,0.0,0.0,0.0,2.49,850.0
214330,금호에이치티,5830,6150,5690,6060,756625,4469467160,8836.0,6.27,0.6861290989984156,967.0,1.65,100.0
001210,금호전기,8170,8270,7950,8040,23037,185197920,14664.0,0.0,0.0,0.0,0.0,0.0
073240,금호타이어,6110,6320,6110,6180,2477964,15411352900,6976.0,0.0,0.0,0.0,0.0,0.0
092440,기신정기,4530,4540,4490,4520,3634,16384730,7523.0,452.0,0.6008241393061279,10.0,3.32,150.0
000270,기아차,31050,32250,30900,32200,2003430,63601347750,65569.0,4.68,0.4905289418398939,6873.0,3.42,1100.0
024110,기업은행,16550,16950,16550,16750,1203348,20142438900,27282.0,10.17,0.6140707471959533,1647.0,2.87,480.0
013700,까뮤이앤씨,14850,16000,14850,15750,74117,1153572100,11320.0,21.6,1.3906222393992933,729.0,0.95,150.0
004540,깨끗한나라,4295,4325,4210,4210,55665,236873440,5548.0,20.34,0.7590404199711608,207.0,0.0,0.0
004545,깨끗한나라우,15450,15450,15150,15400,6465,99176750,0.0,0.0,0.0,0.0,0.0,0.0
074610,나노메딕스,18800,20600,18550,19800,1020970,20150033500,790.0,158.4,25.059335443037973,125.0,0.0,0.0
001260,남광토건,26700,27800,24800,26050,989284,26007888050,4150.0,0.0,0.0,0.0,0.0,0.0
008350,남선알미늄,1155,1170,1135,1135,538738,619667410,1109.0,6.14,1.0243603471596032,185.0,0.0,0.0
008355,남선알미우,8960,9590,8950,9280,43910,405395940,0.0,0.0,0.0,0.0,0.0,0.0
004270,남성,2000,2080,1985,2025,464570,942352740,2045.0,32.12,0.9896699266503668,63.0,1.23,25.0
003920,남양유업,661000,667000,660000,660000,1416,936964000,1002965.0,15.03,0.6581309542207355,43914.0,0.15,1000.0
003925,남양유업우,213000,213000,212500,213000,12,2551500,0.0,0.0,0.0,0.0,0.49,1050.0
002070,남영비비안,7350,7400,7290,7330,4396,32189530,20610.0,0.0,0.0,0.0,2.73,200.0
025860,남해화학,16600,17650,16150,16450,1599359,26970238750,8004.0,54.47,2.055167728635682,302.0,0.27,45.0
005720,넥센,7180,7300,7100,7200,42198,302744550,15066.0,3.93,0.47732165969733176,1830.0,1.04,75.0
005725,넥센우,4700,4750,4700,4720,30,141865,0.0,0.0,0.0,0.0,1.69,80.0
002350,넥센타이어,12150,12250,12100,12100,73390,894039050,11594.0,7.06,1.04289900756857,1713.0,0.83,100.0
002355,넥센타이어1우B,5000,5010,5000,5000,5894,29476470,0.0,0.0,0.0,0.0,2.1,105.0
251270,넷마블,137000,145500,135500,142000,1015443,143612312000,14355.0,52.22,9.894461859979101,2720.0,0.0,0.0
090350,노루페인트,8740,8770,8520,8650,43169,372166830,13510.0,18.64,0.6402109548482605,464.0,2.31,200.0
090355,노루페인트우,8800,8800,8540,8540,726,6213550,0.0,0.0,0.0,0.0,2.4,205.0
000320,노루홀딩스,16000,16000,15500,15600,8235,128658200,25908.0,14.91,0.6018194187123669,1046.0,2.88,450.0
000325,노루홀딩스우,17700,18400,17300,17650,686,12169800,0.0,0.0,0.0,0.0,2.58,455.0
006280,녹십자,211000,213000,209500,213000,19519,4139010000,84976.0,39.1,2.5077672666399926,5451.0,0.59,1250.0
005250,녹십자홀딩스,38400,39500,38400,38600,52574,2027061550,15575.0,37.16,2.4786737560192615,1039.0,0.78,300.0
005257,녹십자홀딩스2우,21950,21950,21650,21800,123,2666200,0.0,0.0,0.0,0.0,1.38,300.0
004370,농심,321500,324000,319000,323000,14578,4680712000,294260.0,9.37,1.0970935567185482,34464.0,1.24,4000.0
072710,농심홀딩스,105000,106500,104500,105500,554,58364500,181174.0,6.17,0.5829034691788005,17111.0,1.9,2000.0
058730,다스코,9110,9130,9000,9000,302384,2736163920,6767.0,10.39,1.3297297546918871,866.0,2.22,200.0
023590,다우기술,22800,24250,22600,23900,429729,10233349300,20750.0,10.6,1.1516106927710843,2254.0,1.05,250.0
019680,대교,7780,7860,7760,7780,93506,728434030,6289.0,16.48,1.2371799968198443,472.0,3.08,240.0
019685,대교우B,5000,5040,4975,4995,5724,28514825,0.0,0.0,0.0,0.0,5.01,250.0
006370,대구백화점,10000,10150,9960,10150,2571,25754320,33074.0,0.0,0.0,0.0,2.46,250.0
004130,대덕GDS,16250,16300,15500,15600,242861,3826332100,20058.0,35.7,0.7775170754811048,437.0,1.92,300.0
004135,대덕GDS우,8590,8600,8450,8560,35,297510,0.0,0.0,0.0,0.0,3.56,305.0
008060,대덕전자,8410,8490,8300,8340,94124,789171230,9567.0,14.87,0.8717980754154907,561.0,3.6,300.0
000490,대동공업,8000,8090,7850,8080,108306,864674450,8849.0,0.0,0.0,0.0,0.5,40.0
008110,대동전자,4085,4140,4065,4100,2521,10296805,11615.0,19.62,0.3531317262160999,209.0,0.0,0.0
005750,대림B&Co,6470,6470,6150,6200,161479,1005740990,9266.0,12.42,0.6689526899417224,499.0,2.1,130.0
000210,대림산업,86500,86600,81200,82800,887730,73679148600,119454.0,12.06,0.6935326569223299,6868.0,0.36,300.0
000215,대림산업우,34000,34000,32050,32450,11853,389876050,0.0,0.0,0.0,0.0,1.08,350.0
004440,대림씨엔에스,11500,11700,11300,11650,66089,757605200,22677.0,3.82,0.5141594456938748,3052.0,5.15,600.0
006570,대림통상,4975,4975,4905,4970,2266,11149165,7649.0,236.6,0.649643744280298,21.0,3.02,150.0
001680,대상,26200,26450,26000,26100,102056,2674745650,23549.0,14.55,1.1082039046244,1794.0,1.53,400.0
001685,대상우,13100,13100,12950,13000,637,8264600,0.0,0.0,0.0,0.0,3.15,410.0
084690,대상홀딩스,9420,9420,9290,9350,24104,224956600,13368.0,12.1,0.699768687350389,773.0,1.82,170.0
084695,대상홀딩스우,6660,6660,6540,6540,1549,10143300,0.0,0.0,0.0,0.0,2.75,180.0
128820,대성산업,4780,4990,4695,4780,121873,586856830,1277.0,0.0,0.0,0.0,0.0,0.0
117580,대성에너지,5960,5960,5920,5920,9648,57239540,10629.0,11.65,0.5567227631950324,508.0,4.22,250.0
016710,대성홀딩스,8000,8020,7900,7970,13471,107201440,24082.0,9.03,0.33114333319491734,883.0,3.14,250.0
003540,대신증권,13800,13900,13700,13700,155836,2150065950,20490.0,13.34,0.6688155807711078,1027.0,4.01,550.0
003547,대신증권2우B,8460,8530,8410,8460,6638,56151390,0.0,0.0,0.0,0.0,6.5,550.0
003545,대신증권우,9010,9110,8990,9100,92481,838776280,0.0,0.0,0.0,0.0,6.59,600.0
009190,대양금속,4000,4090,3955,3960,5484,21905400,629.0,12.18,6.293161267885533,325.0,0.0,0.0
014160,대영포장,1000,1000,966,980,745166,732527255,1296.0,9.61,0.7562934027777778,102.0,0.0,0.0
047040,대우건설,6030,6180,5910,5950,3412371,20523503370,4888.0,0.0,0.0,0.0,0.0,0.0
009320,대우부품,3320,3350,3280,3290,348703,1154054355,743.0,60.94,4.428835800807537,54.0,0.0,0.0
042660,대우조선해양,25400,25500,24800,25200,306067,7671405300,15660.0,0.0,0.0,0.0,0.0,0.0
003090,대웅,20850,20850,20200,20350,52750,1074821150,8382.0,44.06,2.4286417322834644,462.0,0.49,100.0
069620,대웅제약,191000,191000,184000,186000,38542,7176211500,43110.0,71.2,4.314844293667362,2613.0,0.32,600.0
000430,대원강업,4375,4375,4275,4285,52865,226954240,7243.0,6.92,0.5915560713792627,619.0,2.92,125.0
006340,대원전선,1755,1785,1680,1720,2761110,4782189830,1135.0,61.44,1.5156387665198239,28.0,0.0,0.0
006345,대원전선우,3330,3450,3210,3220,80021,261656940,0.0,0.0,0.0,0.0,0.0,0.0
003220,대원제약,20900,20900,20550,20750,30704,634407900,8465.0,19.3,2.450577746603662,1075.0,1.25,260.0
024890,대원화성,2370,2370,2305,2355,338918,792468960,1724.0,13.38,1.3662267981438516,176.0,0.0,0.0
002880,대유에이텍,1305,1320,1260,1270,1199976,1534505245,1095.0,0.0,0.0,0.0,1.18,15.0
000300,대유플러스,1105,1110,1070,1100,975994,1065782595,1032.0,0.0,0.0,0.0,0.0,0.0
012800,대창,1170,1170,1135,1135,609275,699119235,1616.0,9.46,0.7025448638613861,120.0,0.0,0.0
015230,대창단조,50500,51300,49800,50100,4799,241161050,77662.0,7.19,0.6455986759934074,6972.0,2.59,1300.0
001070,대한방직,12450,12550,12200,12550,5167,64116800,33801.0,0.0,0.0,0.0,0.0,0.0
006650,대한유화,270000,273500,267000,267500,14573,3917233000,197854.0,6.07,1.3518559613401802,44062.0,1.5,4000.0
001440,대한전선,1545,1545,1465,1500,1255442,1878802735,368.0,0.0,0.0,0.0,0.0,0.0
084010,대한제강,10850,11050,10450,10550,77513,826362000,17795.0,5.98,0.5931737759904467,1765.0,3.13,330.0
001790,대한제당,23800,24150,23750,24100,4714,113245000,46740.0,8.77,0.5156318530701754,2747.0,2.7,650.0
001799,대한제당3우B,24000,24900,23500,24300,228,5464050,0.0,0.0,0.0,0.0,2.78,675.0
001795,대한제당우,13200,13250,13200,13250,186,2460500,0.0,0.0,0.0,0.0,5.09,675.0
001130,대한제분,179000,183500,179000,182500,3394,619069000,391655.0,11.21,0.4660931056988932,16283.0,1.1,2000.0
003490,대한항공,33750,34350,33650,33900,556401,18907165800,22384.0,0.0,0.0,0.0,0.0,0.0
003495,대한항공우,14850,15100,14850,14950,203,3030500,0.0,0.0,0.0,0.0,0.0,0.0
005880,대한해운,29500,29500,28100,28400,130832,3748634000,24834.0,23.28,1.1437192961262785,1220.0,0.0,0.0
003830,대한화섬,123000,123000,121000,121500,185,22436500,301473.0,8.9,0.40301873011845174,13654.0,0.0,0.0
016090,대현,2660,2675,2605,2615,114619,302290445,3591.0,2.47,0.7286200527360067,1059.0,1.91,50.0
069460,대호에이엘,3520,4285,3405,3920,24861842,99445032585,819.0,0.0,0.0,0.0,0.0,0.0
012510,더존비즈온,49150,49300,48700,49100,125772,6162225700,5135.0,51.75,9.563924050632911,949.0,0.59,290.0
004830,덕성,4430,4500,4330,4380,239894,1054611190,3859.0,23.3,1.1349604819901529,188.0,1.03,45.0
004835,덕성우,2790,2810,2755,2760,28270,78500410,0.0,0.0,0.0,0.0,1.81,50.0
024900,덕양산업,1490,1510,1475,1505,67744,100824360,1723.0,0.0,0.0,0.0,0.0,0.0
145720,덴티움,77700,78500,77300,78300,12443,969123400,6234.0,24.05,12.55961260827719,3256.0,0.13,100.0
002150,도화엔지니어링,9120,9840,8210,8300,2939010,26195073440,6704.0,218.4,1.2378057875894988,38.0,2.05,170.0
001620,동국실업,1285,1295,1245,1245,417295,529626445,5734.0,2.58,0.21733131049441926,483.0,0.0,0.0
001230,동국제강,10000,10250,9940,9990,252891,2542896790,22842.0,15.23,0.43729204973294805,656.0,1.5,150.0
023450,동남합성,61600,62600,61600,62000,43,2682600,44008.0,10.57,1.4089586694464642,5866.0,0.32,200.0
004140,동방,1820,1900,1810,1885,427803,794304560,3274.0,2.95,0.5756111121716555,639.0,0.53,10.0
007590,동방아그로,7690,7950,7630,7800,6280,49301520,9271.0,15.42,0.8417073400927624,506.0,3.21,250.0
005960,동부건설,12100,12150,11600,11700,83281,982593100,12045.0,2.54,0.9700926214196762,4602.0,0.0,0.0
005965,동부건설우,24500,24500,20700,22200,20051,465079750,0.0,0.0,0.0,0.0,0.0,0.0
016380,동부제철,11600,11600,10850,11050,15040,166675950,4945.0,0.0,0.0,0.0,0.0,0.0
016385,동부제철우,34900,35150,33900,34950,1481,51170550,0.0,0.0,0.0,0.0,0.0,0.0
083370,동북아12호,5010,5010,5010,5010,815,4083150,,,,,,
083380,동북아13호,5000,5010,5000,5010,7236,36188000,,,,,,
026960,동서,26850,27600,26850,27450,83643,2283368250,11792.0,22.89,2.3274982509328357,1199.0,2.44,670.0
002210,동성제약,19050,19100,18050,18300,542673,9979332050,2483.0,0.0,0.0,0.0,0.0,0.0
102260,동성코퍼레이션,6760,6800,6550,6800,215954,1439385960,6497.0,7.94,1.0463050253963369,856.0,2.94,200.0
005190,동성화학,17600,17700,17400,17500,8877,156387850,18986.0,6.84,0.9218982490387654,2559.0,2.86,500.0
000640,동아쏘시오홀딩스,125000,127500,125000,126000,5782,729723500,144762.0,4.3,0.8708100138071455,29311.0,0.79,1000.0
170900,동아에스티,111000,114500,111000,114000,26835,3032967500,69781.0,89.94,1.634266490878606,1268.0,0.44,500.0
028100,동아지질,16400,18000,15700,16150,1438545,24002232150,12993.0,16.05,1.243685301700916,1007.0,1.24,200.0
282690,동아타이어,14200,14300,14100,14100,11596,164080700,0.0,0.0,0.0,0.0,0.0,0.0
001520,동양,2050,2095,2020,2045,444559,913065735,3599.0,18.42,0.5681656362878578,111.0,2.44,50.0
001527,동양2우B,10400,10400,10100,10400,294,3001500,0.0,0.0,0.0,0.0,1.44,150.0
001529,동양3우B,24100,24100,23950,24050,73,1756300,0.0,0.0,0.0,0.0,0.62,150.0
084670,동양고속,27200,27500,27100,27200,3757,102463950,36539.0,13.11,0.7441047579298832,2074.0,0.74,200.0
030790,동양네트웍스,4050,4260,4000,4195,1337081,5558064965,772.0,0.0,0.0,0.0,0.0,0.0
002900,동양물산,2595,2735,2520,2660,3510398,9181958005,2029.0,47.5,1.310990635781173,56.0,0.38,10.0
082640,동양생명,8460,8500,8320,8320,77667,652807940,16852.0,70.5,0.49365060526940424,118.0,2.4,200.0
001525,동양우,9170,9170,8810,8830,254,2247890,0.0,0.0,0.0,0.0,1.13,100.0
008970,동양철관,1980,2175,1840,1980,43081915,87003029545,941.0,0.0,0.0,0.0,0.0,0.0
092780,동양피스톤,4700,4700,4600,4650,16417,75766740,6094.0,5.01,0.7631892024942566,928.0,0.0,0.0
003580,동원,6700,6850,6410,6730,150669,994110890,3402.0,0.0,0.0,0.0,0.0,0.0
049770,동원F&B,234500,244000,234000,236500,5844,1404176000,145215.0,17.02,1.6288551673380849,13901.0,1.06,2500.0
018500,동원금속,1395,1410,1390,1395,95495,133367910,1564.0,0.0,0.0,0.0,0.0,0.0
006040,동원산업,340500,343000,333500,336500,1070,362181000,235636.0,15.09,1.428434640717038,22300.0,0.89,3000.0
030720,동원수산,9170,9200,9040,9150,14539,132627280,8284.0,43.16,1.1044332448092709,212.0,0.0,0.0
014820,동원시스템즈,45000,46950,45000,46550,31135,1444881700,11127.0,19.6,4.182183540037746,2375.0,0.54,250.0
014825,동원시스템즈우,23450,23900,23350,23500,256,6016150,0.0,0.0,0.0,0.0,1.28,300.0
163560,동일고무벨트,8100,8100,7890,8080,6482,51650970,13717.0,5.86,0.5894829408762849,1380.0,0.99,80.0
001530,동일방직,51400,52600,51400,52200,5896,307468800,208932.0,0.0,0.0,0.0,0.96,500.0
004890,동일산업,72100,73100,72000,73000,4014,291096400,134615.0,12.13,0.5423105360658174,6017.0,1.64,1200.0
002690,동일제강,3345,3455,3260,3425,20695,70297185,8734.0,10.8,0.3918719229448134,317.0,0.58,20.0
000020,동화약품,11850,11950,11350,11650,240082,2799414900,9055.0,12.28,1.2871238266151297,949.0,0.94,110.0
000150,두산,115000,118000,111000,115000,110751,12745027500,93405.0,11.53,1.2310863979444355,9972.0,4.43,5100.0
000157,두산2우B,72400,72700,72100,72600,231,16702700,0.0,0.0,0.0,0.0,7.02,5100.0
011160,두산건설,3570,3570,3390,3415,103821,360524145,12026.0,0.0,0.0,0.0,0.0,0.0
241560,두산밥캣,32150,32350,31500,31550,141974,4513051650,33435.0,15780.0,0.943681770599671,2.0,2.22,700.0
082740,두산엔진,6180,6240,5950,6100,873526,5323383260,7687.0,0.0,0.0,0.0,0.0,0.0
000155,두산우,73000,73600,72400,73000,6895,503468900,0.0,0.0,0.0,0.0,7.05,5150.0
042670,두산인프라코어,9670,9730,9200,9360,4754429,44833349470,9932.0,43.75,0.942660088602497,214.0,0.0,0.0
034020,두산중공업,17150,17600,17000,17250,1159193,20088764950,29119.0,0.0,0.0,0.0,3.19,550.0
016740,두올,6400,6470,6310,6350,34390,218269850,6648.0,7.77,0.9548295775045126,817.0,1.81,115.0
024090,디씨엠,12300,12350,12150,12350,13207,161631850,12674.0,6.13,0.9739322382436484,2014.0,3.24,400.0
003160,디아이,4945,5060,4945,5000,226559,1134662445,3552.0,142.9,1.407833614864865,35.0,1.0,50.0
092200,디아이씨,7390,7480,7370,7470,37840,280547870,7908.0,22.23,0.9447078907435509,336.0,0.67,50.0
013570,디와이,6260,6310,6140,6190,56975,354062870,12569.0,10.56,0.49245166679926805,586.0,2.26,140.0
210540,디와이파워,20050,21700,19850,20700,762919,15814314050,9102.0,23.8,2.274585942649967,870.0,0.58,120.0
007340,디티알오토모티브,32250,32500,32200,32500,1828,59027950,47087.0,5.85,0.690202776243974,5554.0,1.08,350.0
026890,디피씨,4300,4340,4240,4295,127720,544638375,3215.0,11.8,1.3356337480559877,364.0,1.63,70.0
115390,락앤락,23200,23900,23150,23250,119922,2809378800,12211.0,26.81,1.903729219556138,867.0,2.15,500.0
032350,롯데관광개발,20500,21000,20100,20500,132329,2716207400,3623.0,476.8,5.658363234888214,43.0,0.0,0.0
000400,롯데손해보험,3125,3150,3090,3120,274077,854612270,3734.0,14.31,0.8355985538296733,218.0,0.32,10.0
023530,롯데쇼핑,252000,257000,251000,256000,59232,15081148500,489398.0,51.53,0.5232117443267034,4969.0,0.78,2000.0
004000,롯데정밀화학,67600,68800,67600,68300,74055,5058447200,43088.0,0.0,0.0,0.0,0.44,300.0
280360,롯데제과,185500,188000,185500,186500,2758,515844500,0.0,0.0,0.0,0.0,0.0,0.0
004990,롯데지주,65000,65600,64000,64800,131421,8511474000,48758.0,46.53,1.3293824859510235,1393.0,0.7,452.0
00499K,롯데지주우,61300,61600,60500,61100,1831,111647600,0.0,0.0,0.0,0.0,0.0,0.0
005300,롯데칠성,1620000,1654000,1615000,1621000,1221,1985610000,1712502.0,32.06,0.9470455727934917,50583.0,0.62,10000.0
005305,롯데칠성우,721000,729000,720000,728000,37,26784000,0.0,0.0,0.0,0.0,1.38,10050.0
011170,롯데케미칼,411500,416500,402500,404500,73068,29751452500,273173.0,7.42,1.4803920043342498,54488.0,0.99,4000.0
002270,롯데푸드,760000,769000,731000,736000,4406,3305870000,670221.0,17.8,1.098342398440216,41363.0,0.82,6000.0
071840,롯데하이마트,75800,76300,74300,74500,15091,1127578800,80298.0,14.48,0.9273884467857232,5144.0,0.67,500.0
027740,마니커,810,826,793,807,1604484,1306562332,751.0,89.7,1.0748169107856191,9.0,0.0,0.0
204320,만도,215000,225000,209000,223500,131094,28438346000,155957.0,10.49,1.4331839565553326,21303.0,2.24,5000.0
001080,만호제강,18250,18350,18150,18300,13404,245167350,55125.0,13.49,0.3321342120181406,1357.0,0.82,150.0
088980,맥쿼리인프라,8920,8930,8870,8900,354578,3152574710,,,,,,
094800,맵스리얼티1,3810,3810,3770,3790,50492,190911015,,,,,,
015540,메디플란트,8520,8520,7890,7970,26218,208876350,1678.0,0.0,0.0,0.0,0.0,0.0
138040,메리츠금융지주,13850,13950,13700,13950,45866,634383500,12308.0,7.75,1.1327794930126747,1799.0,2.15,300.0
008560,메리츠종금증권,4125,4250,4125,4175,2808543,11766562995,3782.0,7.46,1.104739555790587,560.0,4.79,200.0
000060,메리츠화재,20800,21100,20350,20500,93653,1931836650,14796.0,9.37,1.3858322139429575,2189.0,4.05,830.0
090370,메타랩스,3645,4245,3630,4065,6579538,26538793235,1900.0,0.0,0.0,0.0,0.0,0.0
017180,명문제약,8670,8740,8540,8610,338033,2915813760,3717.0,27.69,2.3166027710519237,311.0,0.58,50.0
012690,모나리자,4965,5030,4915,4925,137600,682682800,1876.0,33.06,2.6259661513859274,149.0,1.52,75.0
005360,모나미,3395,3445,3340,3390,145942,490588975,3859.0,11.34,0.8789275071261985,299.0,2.06,70.0
204210,모두투어리츠,3645,3645,3600,3600,2224,8011865,,,,,,
009680,모토닉,10450,10450,10150,10400,35675,366320900,11870.0,10.89,0.8762044545071609,955.0,2.4,250.0
009580,무림P&P,6720,6800,6680,6760,145951,982042840,8561.0,0.0,0.0,0.0,1.85,125.0
009200,무림페이퍼,3320,3335,3260,3325,156265,515660900,9248.0,665.0,0.3595371972318339,5.0,0.0,0.0
033920,무학,16900,17200,16900,16900,22907,388839350,17226.0,7.66,0.9814213888163241,2207.0,2.07,350.0
008420,문배철강,3330,3335,3175,3225,273348,886408880,4463.0,7.9,0.7220619538427067,408.0,1.55,50.0
025560,미래산업,225,229,224,224,3693893,834047963,116.0,0.0,0.0,0.0,0.0,0.0
007120,미래아이앤지,684,699,677,680,1038742,708391536,642.0,0.0,0.0,0.0,0.0,0.0
006800,미래에셋대우,9550,9820,9550,9750,4133044,40252299940,9538.0,86.25,1.0218337177605368,113.0,0.51,50.0
00680K,미래에셋대우2우B,4640,4680,4610,4630,448973,2081232395,0.0,0.0,0.0,0.0,0.0,0.0
006805,미래에셋대우우,5280,5290,5220,5260,18196,95680710,0.0,0.0,0.0,0.0,1.05,55.0
085620,미래에셋생명,5430,5500,5400,5500,226420,1235559820,11384.0,8.68,0.48339088852775824,634.0,1.0,55.0
002840,미원상사,237000,237000,235500,236500,39,9218000,208257.0,9.36,1.1349517963381783,25254.0,0.0,0.0
268280,미원에스씨,58800,59400,58700,59100,1114,65555100,0.0,0.0,0.0,0.0,0.0,0.0
107590,미원홀딩스,43500,44150,43300,44150,2113,92105900,35366.0,7.36,1.248967051688062,6002.0,1.25,550.0
134380,미원화학,56100,56800,55800,56200,55,3090000,39838.0,9.35,1.410316469200261,6008.0,1.78,1000.0
003650,미창석유,79000,79700,78900,79700,2063,163153000,140166.0,4.47,0.5684850908922278,17831.0,2.76,2200.0
155900,바다로19호,2700,2700,2695,2695,4,10795,,,,,,
003610,방림,20350,20450,20250,20400,2118,43095400,43130.0,16.44,0.47334511940644564,1242.0,1.86,380.0
001340,백광산업,3470,3475,3375,3455,150763,516874040,2682.0,56.62,1.2878914988814318,61.0,0.0,0.0
014580,백광소재,3010,3035,2910,2985,127837,381409260,4043.0,20.03,0.7382281103141232,149.0,3.35,100.0
035150,백산,6080,6100,6020,6070,38867,235083460,5047.0,6.58,1.2017101743610066,922.0,1.48,90.0
002410,범양건영,2900,2970,2615,2650,726559,1995080930,1792.0,0.0,0.0,0.0,0.0,0.0
096300,베트남개발1,462,464,459,463,235582,108592465,,,,,,
007210,벽산,4220,4290,4040,4095,494875,2044684930,3260.0,10.75,1.2563650306748466,381.0,0.85,35.0
002760,보락,2500,2560,2370,2455,2892763,7046026355,715.0,48.12,3.4326923076923075,51.0,0.57,14.0
003850,보령제약,0,0,0,60100,0,0,22118.0,91.6,2.717515146034904,656.0,0.33,200.0
000890,보해양조,1150,1150,1130,1140,1170177,1331877135,1037.0,0.0,0.0,0.0,0.0,0.0
003000,부광약품,26950,27050,26450,26800,239354,6402453550,4404.0,79.06,6.08587363760218,339.0,1.87,500.0
001270,부국증권,23800,24500,23750,24500,4800,115671350,34182.0,8.7,0.7167309366040606,2815.0,4.9,1200.0
001275,부국증권우,21200,21350,21200,21350,1294,27565550,0.0,0.0,0.0,0.0,5.85,1250.0
026940,부국철강,2945,2995,2920,2950,34162,100432640,5507.0,18.67,0.5357102324314509,158.0,2.54,75.0
015350,부산가스,36100,36200,36000,36000,302,10878350,49493.0,7.24,0.726709222137474,4969.0,1.39,500.0
011390,부산산업,45350,54300,43050,50000,205383,10195815200,44757.0,9.39,1.1174669604754564,5326.0,0.5,250.0
005030,부산주공,1010,1020,1000,1015,564730,569535930,2177.0,0.0,0.0,0.0,0.0,0.0
100220,비상교육,10350,10500,10250,10350,11420,118291100,15008.0,4.95,0.689883104011194,2092.0,3.19,330.0
005180,빙그레,63700,65000,63600,64500,13750,888701600,52963.0,19.84,1.2173091356229822,3249.0,1.94,1250.0
003960,사조대림,29050,29650,29000,29200,9797,288354100,30659.0,25.45,0.9522402679474217,1147.0,0.34,100.0
008040,사조동아원,1590,1620,1575,1595,209226,334131050,908.0,23.81,1.757089757709251,67.0,0.0,0.0
007160,사조산업,71500,71700,70100,70800,8422,597797500,67221.0,13.26,1.0533907047276894,5341.0,0.21,150.0
014710,사조씨푸드,6980,7040,6940,6980,22282,155505490,10656.0,15.9,0.6549750434027778,439.0,0.72,50.0
006090,사조오양,13750,13750,13500,13600,17290,235374500,13616.0,11.3,0.9989304861927144,1204.0,0.74,100.0
079660,사조해표,10750,10750,10500,10750,5898,62742600,18701.0,65.1,0.5746016255815197,165.0,0.0,0.0
005090,삼광글라스,44100,44600,43850,44200,17029,750529750,61520.0,11.35,0.7183295320627439,3893.0,1.7,750.0
001470,삼부토건,9350,9970,8900,9050,2226874,21035456370,22451.0,0.18,0.3988192504214038,49729.0,0.0,0.0
006400,삼성SDI,179500,183000,179500,180500,176874,32025815500,152341.0,57.62,1.1850987258846928,3133.0,0.55,1000.0
006405,삼성SDI우,81200,81700,80100,80200,7881,633716200,0.0,0.0,0.0,0.0,1.31,1050.0
006660,삼성공조,11850,11850,11700,11850,3671,43237950,24279.0,12.33,0.4879660663536389,961.0,0.76,90.0
028260,삼성물산,139000,141500,138500,140500,536121,75246849000,95661.0,216.1,1.4685321081736549,650.0,0.39,550.0
02826K,삼성물산우B,83100,83700,82600,82600,1970,163578700,0.0,0.0,0.0,0.0,0.73,600.0
207940,삼성바이오로직스,506000,508000,494000,506000,222980,112095137000,61700.0,0.0,0.0,0.0,0.0,0.0
032830,삼성생명,118500,119500,115500,116500,212599,24792082000,133221.0,10.21,0.8743078348195855,11407.0,1.03,1200.0
018260,삼성에스디에스,240000,244000,239500,241500,75730,18289977500,66436.0,40.28,3.6360806829128784,5997.0,0.31,750.0
028050,삼성엔지니어링,17400,17550,17050,17150,1070768,18397575250,5158.0,114.3,3.3243262892594028,150.0,0.0,0.0
009150,삼성전기,122000,123500,119000,121500,895252,108441563000,54640.0,629.5,2.223526720351391,193.0,0.41,500.0
009155,삼성전기우,50600,51000,49650,50500,17639,885736650,0.0,0.0,0.0,0.0,1.09,550.0
005930,삼성전자,2669000,2682000,2622000,2650000,606216,1611240055340,1156530.0,16.78,2.2921011290238904,157967.0,1.08,28500.0
005935,삼성전자우,2155000,2175000,2112000,2125000,46275,98918836430,0.0,0.0,0.0,0.0,1.34,28550.0
001360,삼성제약,4045,4045,3975,4010,468849,1874965325,2074.0,0.0,0.0,0.0,0.0,0.0
010140,삼성중공업,7650,7720,7410,7430,3784124,28383761160,14171.0,0.0,0.0,0.0,0.0,0.0
010145,삼성중공우,42800,43800,41350,42900,1357,57441850,0.0,0.0,0.0,0.0,0.0,0.0
016360,삼성증권,36400,36850,36350,36750,624238,22894312250,48564.0,14.97,0.7566979913104357,2455.0,1.77,650.0
068290,삼성출판사,9240,9240,9130,9210,4250,38994080,8443.0,16.45,1.0912886414781475,560.0,1.19,110.0
029780,삼성카드,36400,36850,36200,36650,95338,3483589550,57101.0,11.97,0.64202520533791,3063.0,4.09,1500.0
000810,삼성화재,269000,272000,267500,267500,53872,14485619000,217351.0,13.26,1.2306194459077713,20175.0,2.28,6100.0
000815,삼성화재우,185000,185000,182000,183500,3081,564483500,0.0,0.0,0.0,0.0,3.33,6105.0
006110,삼아알미늄,3480,3580,3480,3520,5063,17825660,9543.0,38.25,0.36875196479094624,92.0,2.13,75.0
145990,삼양사,90300,91400,88800,89700,12723,1140729300,99363.0,9.97,0.9029392228495516,9000.0,1.67,1500.0
145995,삼양사우,44500,44800,44400,44800,373,16615400,0.0,0.0,0.0,0.0,3.46,1550.0
003230,삼양식품,93200,94300,89400,90300,47533,4346218400,23269.0,37.16,3.8818532704456574,2431.0,0.17,150.0
002170,삼양통상,44550,44950,43700,44950,5645,248521800,83299.0,5.9,0.5394338092294025,7618.0,1.67,750.0
272550,삼양패키징,20000,20150,19900,20000,19302,385004500,15343.0,11.74,1.3040922570553346,1704.0,0.0,0.0
000070,삼양홀딩스,100500,105500,100000,104000,26804,2770333500,152526.0,35.6,0.6821166964976463,2923.0,1.92,2000.0
000075,삼양홀딩스우,52200,52500,52000,52200,506,26535100,0.0,0.0,0.0,0.0,3.93,2050.0
002810,삼영무역,18000,18150,17900,18100,9639,174293900,17372.0,11.92,1.0417572098779646,1518.0,1.52,275.0
005680,삼영전자,12150,12400,12100,12350,16774,206264750,23431.0,18.7,0.5268261064401861,660.0,1.62,200.0
003720,삼영화학,1035,1125,1035,1060,741689,795129170,2376.0,0.0,0.0,0.0,0.0,0.0
023000,삼원강재,3225,3255,3215,3255,19867,64356850,4730.0,9.17,0.6883753964059197,355.0,3.84,125.0
004380,삼익THK,18550,18850,18400,18650,42473,791228500,7608.0,23.34,2.4515846805993693,799.0,1.77,330.0
002450,삼익악기,2560,2610,2485,2600,1402288,3588771705,2670.0,32.5,0.9737827715355806,80.0,1.92,50.0
000520,삼일제약,36600,38300,34950,37350,264696,9702593100,9613.0,214.6,3.8848174347238116,174.0,0.4,150.0
009770,삼정펄프,38000,38800,38000,38800,680,26004050,71120.0,5.02,0.545499958257171,7729.0,4.25,1650.0
005500,삼진제약,47300,47300,46450,47150,18221,853184100,12208.0,19.45,3.8609863921199215,2423.0,1.48,700.0
004690,삼천리,109500,111500,107500,109000,9881,1084603000,305500.0,11.24,0.3567324570376432,9694.0,2.29,2500.0
001880,삼호,15500,15750,14800,14800,21444,324268550,17020.0,3.0,0.8698589894242068,4935.0,0.0,0.0
010960,삼호개발,6400,6410,6000,6120,669598,4147949720,5898.0,9.08,1.0374120464564258,674.0,2.12,130.0
004450,삼화왕관,51000,51000,50300,51000,150,7573200,59815.0,9.57,0.8529522015798713,5331.0,2.65,1350.0
009470,삼화전기,17600,18100,17250,18100,83203,1469559400,3164.0,163.0,5.7183944374209865,111.0,0.28,50.0
011230,삼화전자,5320,5370,5240,5310,65930,348924190,1308.0,0.0,0.0,0.0,0.0,0.0
001820,삼화콘덴서,63600,67300,62800,66500,547100,35482297000,5057.0,121.8,13.151992287917738,546.0,0.08,50.0
000390,삼화페인트,7490,7550,7300,7540,74461,550566050,11620.0,11.8,0.6487266028399311,639.0,3.98,300.0
041650,상신브레이크,7120,7170,7020,7130,29015,205306150,7053.0,7.09,1.0102499601233517,1005.0,2.24,160.0
075180,새론오토모티브,6270,6280,6250,6270,2236,14033030,11153.0,5.34,0.5625675967228548,1175.0,3.03,190.0
007540,샘표,31100,31350,30700,30800,4014,124257050,49532.0,43.44,0.6217634559476702,709.0,0.65,200.0
248170,샘표식품,38150,38150,37300,37800,8207,308784550,22698.0,30.0,1.6653449643140366,1260.0,0.53,200.0
007860,서연,6110,6160,6100,6120,5969,36553980,23192.0,1.67,0.26439949659365297,3672.0,2.45,150.0
200880,서연이화,8300,8360,8180,8200,49391,406385490,24729.0,2.42,0.33095457888511465,3382.0,1.83,150.0
017390,서울가스,86900,87200,86700,86800,96,8360800,177266.0,14.54,0.4897314893295951,5971.0,2.02,1750.0
004410,서울식품,244,247,243,245,3075669,752606503,79.0,245.0,3.1012658227848102,1.0,0.0,0.0
004415,서울식품우,4975,5060,4850,4910,52824,260090530,0.0,0.0,0.0,0.0,0.0,0.0
021050,서원,1275,1280,1250,1270,582404,736441545,1847.0,9.27,0.6878510760693015,137.0,0.79,10.0
008490,서흥,34550,34550,33550,34300,25325,860256600,22378.0,14.53,1.5324760925909375,2360.0,0.96,330.0
007610,선도전기,6400,6590,6010,6290,1757685,11200816660,4519.0,51.97,1.3915066939588405,121.0,0.32,20.0
136490,선진,16400,16650,15950,16550,125412,2062197850,10448.0,9.35,1.5842520697741194,1770.0,0.6,100.0
002820,선창산업,7120,7120,6950,6990,11163,78484740,22020.0,9.87,0.3172556198910082,708.0,2.93,205.0
014910,성문전자,2730,2790,2700,2715,161849,441927710,1623.0,0.0,0.0,0.0,0.0,0.0
014915,성문전자우,7890,7890,7520,7620,7507,57235810,0.0,0.0,0.0,0.0,0.0,0.0
003080,성보화학,6420,6430,6360,6400,10604,67770440,8019.0,1.71,0.7992185551502681,3748.0,6.88,440.0
004980,성신양회,7820,8580,7400,7420,1921923,15270653960,12585.0,14.58,0.5896118891537545,509.0,0.0,0.0
004987,성신양회2우B,13700,14750,11750,11850,118206,1542079100,0.0,0.0,0.0,0.0,0.0,0.0
004989,성신양회3우B,8980,9430,8710,9050,10651,96106380,0.0,0.0,0.0,0.0,0.0,0.0
004985,성신양회우,6370,6900,5530,5850,427554,2685666410,0.0,0.0,0.0,0.0,0.0,0.0
011300,성안,881,889,858,871,435464,377796629,1210.0,0.0,0.0,0.0,0.0,0.0
005980,성지건설,0,0,0,8770,0,0,4360.0,0.0,0.0,0.0,0.0,0.0
000180,성창기업지주,2925,2960,2905,2935,168943,494584230,7212.0,9.59,0.40705594841930115,306.0,0.34,10.0
002420,세기상사,89600,91400,88400,90000,1130,100626500,59155.0,0.0,0.0,0.0,0.0,0.0
004360,세방,13000,13150,12950,13100,20984,273537250,32548.0,7.17,0.40257513902543934,1827.0,1.34,175.0
004365,세방우,7250,7250,7170,7170,216,1555870,0.0,0.0,0.0,0.0,2.51,180.0
004490,세방전지,32250,32800,32250,32400,15198,493628850,59009.0,7.09,0.5488384187157891,4568.0,1.08,350.0
001430,세아베스틸,25850,26450,25850,26250,34813,913164050,48457.0,10.53,0.5415909982045938,2492.0,3.05,800.0
003030,세아제강,85800,87500,84700,84800,21723,1850597100,209928.0,7.57,0.40392453752000684,11201.0,2.06,1750.0
019440,세아특수강,18600,18750,18300,18400,6611,122012350,34505.0,6.57,0.5335463157513404,2802.0,4.08,750.0
058650,세아홀딩스,136500,140000,136500,137500,448,62029500,429622.0,6.11,0.3202280507632291,22519.0,1.27,1750.0
013000,세우글로벌,2005,2015,1970,1990,330475,658720510,1346.0,110.56,1.4785475482912334,18.0,0.0,0.0
091090,세원셀론텍,5400,5430,5070,5180,833150,4334556850,3241.0,0.0,0.0,0.0,0.0,0.0
021820,세원정공,12550,12550,12200,12450,4926,60469400,42950.0,45.28,0.28992651338766007,275.0,0.8,100.0
067830,세이브존I&C,4450,4455,4405,4440,18051,79917065,8832.0,6.19,0.5026311459748641,717.0,0.68,30.0
033530,세종공업,7810,7910,7810,7840,37623,295364000,19802.0,10.65,0.39578072921927077,736.0,2.55,200.0
075580,세진중공업,4550,4550,4375,4495,270140,1205323910,4133.0,12.18,1.0874194743527703,369.0,2.22,100.0
027970,세하,1720,1720,1650,1680,139881,234612675,540.0,6.06,3.107834201388889,277.0,0.0,0.0
145210,세화아이엠씨,0,0,0,2990,0,0,5441.0,0.0,0.0,0.0,3.34,100.0
068270,셀트리온,265500,278000,260000,276500,1351327,364299832000,16463.0,183.6,16.797621940108122,1506.0,0.0,0.0
004430,송원산업,28400,28400,27200,27200,306831,8464201850,14851.0,15.09,1.8314549525284494,1802.0,0.51,140.0
017550,수산중공업,1915,1945,1815,1850,3613097,6719635205,1691.0,35.6,1.094544648137197,52.0,0.54,10.0
002200,수출포장,25900,26900,24850,26800,52131,1366676500,56026.0,0.0,0.0,0.0,1.87,500.0
053210,스카이라이프,12700,12800,12600,12700,91309,1158980100,11332.0,8.8,1.1201809587892693,1443.0,3.27,415.0
134790,시디즈,74900,77700,73500,76500,2477,186179900,10779.0,956.0,7.095277855088598,80.0,0.0,0.0
016590,신대양제지,87000,95800,86500,94300,117814,10939890100,65091.0,23.4,1.4484394924029436,4028.0,0.0,0.0
029530,신도리코,60100,61600,60100,61000,15297,930136500,83450.0,18.88,0.7312507489514679,3233.0,2.46,1500.0
004970,신라교역,16500,16600,16400,16550,11496,189678700,28660.0,9.55,0.5772761470690858,1733.0,1.51,250.0
011930,신성이엔지,1635,1635,1610,1615,559792,905189505,707.0,48.94,2.2842114568599716,33.0,0.0,0.0
005390,신성통상,1330,1335,1285,1295,1837346,2399230450,1565.0,23.55,0.8275259584664537,55.0,0.0,0.0
004170,신세계,398500,410000,398000,404500,54993,22275637500,328499.0,17.52,1.231216219455767,23091.0,0.31,1250.0
035510,신세계 I&C,169500,169500,165000,166500,9514,1587861000,96264.0,112.44,1.7298256617219314,1481.0,0.6,1000.0
034300,신세계건설,34600,35450,34450,35050,16355,573123100,31991.0,3.71,1.09619453518177,9450.0,1.43,500.0
031430,신세계인터내셔날,131000,132500,127000,129500,19760,2560457500,66769.0,53.25,1.9395827404933428,2432.0,0.46,600.0
031440,신세계푸드,151500,152500,146500,147000,15547,2307843000,76741.0,39.84,1.9158394795480904,3690.0,0.41,600.0
006880,신송홀딩스,6600,7150,6570,6890,151579,1041635640,12382.0,0.0,0.0,0.0,1.16,80.0
005800,신영와코루,133500,134500,133000,134500,326,43650500,333631.0,6.99,0.40331790351840807,19255.0,1.86,2500.0
001720,신영증권,57800,58600,57500,58400,2205,127676100,65617.0,8.85,0.8904577177027295,6601.0,4.2,2450.0
001725,신영증권우,51700,51800,51200,51400,315,16203100,0.0,0.0,0.0,0.0,4.86,2500.0
009270,신원,3260,3360,3100,3175,10089638,32892774110,2852.0,0.0,0.0,0.0,0.0,0.0
009275,신원우,75100,80100,69800,72500,21432,1591906400,0.0,0.0,0.0,0.0,0.0,0.0
002700,신일산업,1695,1800,1695,1715,6796247,11916459975,699.0,31.19,2.4539520743919887,55.0,0.87,15.0
019170,신풍제약,10050,10100,9640,9800,478573,4698644850,3924.0,0.0,0.0,0.0,0.0,0.0
019175,신풍제약우,5620,5620,5500,5500,2101,11611190,0.0,0.0,0.0,0.0,0.0,0.0
002870,신풍제지,1165,1220,1150,1170,170878,201277650,1184.0,24.38,0.9881756756756757,48.0,0.0,0.0
005450,신한,5120,5220,5060,5160,44085,225909230,9080.0,0.0,0.0,0.0,0.0,0.0
055550,신한지주,47600,48000,47050,47200,1013073,48062895000,65605.0,8.23,0.719267776846277,5736.0,3.07,1450.0
001770,신화실업,23050,23050,22300,22750,6660,150012650,32387.0,48.0,0.7025040911476828,474.0,1.1,250.0
004080,신흥,10800,10800,10650,10800,912,9795800,8815.0,89.25,1.2250992626205333,121.0,1.85,200.0
102280,쌍방울,1465,1485,1420,1430,1222313,1764148675,1346.0,0.0,0.0,0.0,0.0,0.0
003410,쌍용양회,25300,27300,24600,24900,1059482,27045873400,18136.0,12.31,1.3734113089986766,2023.0,0.64,160.0
003415,쌍용양회우,31550,34500,24700,25150,363528,10889737050,0.0,0.0,0.0,0.0,0.83,210.0
003620,쌍용차,4960,5000,4935,4940,162741,806493795,5923.0,11.68,0.8341225413641735,423.0,0.0,0.0
004770,써니전자,3800,3825,3730,3785,634930,2399817625,1210.0,102.3,3.128564049586777,37.0,0.0,0.0
004920,씨아이테크,903,955,899,914,2040277,1895562825,742.0,0.0,0.0,0.0,0.0,0.0
112610,씨에스윈드,32100,32900,31500,32850,35180,1130276800,17265.0,0.0,0.0,0.0,0.61,200.0
008700,아남전자,3400,3425,3320,3340,1075524,3607122725,916.0,90.25,3.6454694323144103,37.0,0.0,0.0
002790,아모레G,140500,142000,139000,139000,62980,8812668000,31869.0,32.78,4.361369983369419,4240.0,0.33,460.0
002795,아모레G우,56900,57200,55700,55900,2539,142624500,0.0,0.0,0.0,0.0,0.83,465.0
090430,아모레퍼시픽,332500,337500,332000,334500,93220,31216107625,56202.0,36.1,5.951403531013131,9267.0,0.47,1580.0
090435,아모레퍼시픽우,174500,176000,172000,174500,7834,1366240500,0.0,0.0,0.0,0.0,0.91,1585.0
002030,아세아,145000,145000,141000,142500,5280,753755000,296531.0,7.78,0.4804452359112538,18309.0,1.05,1500.0
183190,아세아시멘트,125500,130000,119500,126000,60854,7578802500,196938.0,10.22,0.6398847606861042,12332.0,1.19,1500.0
002310,아세아제지,30950,33300,30300,32000,132484,4292962900,51473.0,13.79,0.6217709102344918,2321.0,1.56,500.0
020560,아시아나항공,5070,5170,5070,5130,906913,4642805240,4346.0,20.44,1.1803526231017027,251.0,0.0,0.0
122900,아이마켓코리아,9280,9370,9230,9370,33654,312271990,10907.0,12.61,0.8589681511873108,743.0,4.8,450.0
010780,아이에스동서,30550,31150,30150,30200,34137,1042605400,29294.0,4.11,1.0296583771420769,7340.0,3.31,1000.0
079440,아이엔지생명,41900,42300,39700,39950,177014,7119214150,50578.0,13.61,0.7900099845782751,2936.0,5.57,2226.0
033660,아주캐피탈,7890,7890,7690,7750,52960,410130170,12803.0,9.07,0.6050181109896118,854.0,4.52,350.0
101140,아티스,2530,2570,2460,2480,376599,936306895,287.0,0.0,0.0,0.0,0.0,0.0
001780,알루코,4150,4235,4100,4235,156549,655620375,2691.0,13.23,1.5728353771832033,320.0,1.18,50.0
002250,알보젠코리아,27550,27550,27300,27550,985,26953100,16723.0,37.62,1.6469233989116785,732.0,0.0,0.0
018250,애경산업,44500,45650,44500,44900,152577,6885421350,4072.0,44.4,11.025225626227899,1011.0,0.45,200.0
161000,애경유화,15550,15550,15150,15250,117564,1804064350,8005.0,9.09,1.9062226733291692,1678.0,1.97,300.0
011090,에넥스,2055,2105,2015,2065,821672,1688715990,972.0,60.75,2.125,34.0,0.97,20.0
005850,에스엘,21150,21900,21100,21450,46387,999449750,26519.0,6.67,0.8093601521550586,3217.0,1.21,260.0
012750,에스원,97800,98300,96100,96500,36401,3522157500,28947.0,23.2,3.3321377215255468,4157.0,1.3,1250.0
023960,에쓰씨엔지니어링,2350,2390,2310,2370,74163,174167045,1154.0,0.0,0.0,0.0,0.0,0.0
140910,에이리츠,5030,5050,4960,5000,9015,45098075,,,,,,
078520,에이블씨엔씨,17500,17650,17100,17200,159449,2756300350,11285.0,16.48,1.5235448050509526,1043.0,2.33,400.0
015260,에이엔피,824,865,823,840,1615548,1364110849,1180.0,8.66,0.711573093220339,97.0,0.0,0.0
007460,에이프로젠 KIC,13050,13200,12700,12850,404460,5216791350,2086.0,87.44,6.161703020134228,147.0,0.0,0.0
003060,에이프로젠제약,4360,4370,4275,4330,823727,3553567075,994.0,0.0,0.0,0.0,0.0,0.0
036570,엔씨소프트,361000,366500,358500,359500,100688,36479168500,85985.0,28.12,4.181216200500087,12783.0,1.06,3820.0
138250,엔에스쇼핑,14150,14650,13950,14400,106629,1532361350,11235.0,9.65,1.2821644136626613,1493.0,1.39,200.0
085310,엔케이,2355,2360,2220,2250,2419011,5465771955,2267.0,0.0,0.0,0.0,0.0,0.0
009810,엔케이물산,738,790,736,745,863995,646388962,873.0,0.0,0.0,0.0,0.0,0.0
014440,영보화학,4740,4780,4700,4755,50249,237498405,5657.0,8.51,0.8407048236697896,559.0,2.1,100.0
111770,영원무역,31000,31400,30550,30750,85288,2639773400,28097.0,12.35,1.094175145478165,2489.0,0.81,250.0
009970,영원무역홀딩스,54800,55200,54600,54800,522,28626000,62909.0,9.19,0.870862078557917,5963.0,0.91,500.0
003520,영진약품,8780,8980,8710,8830,1460565,12853059330,598.0,368.0,14.76923076923077,24.0,0.0,0.0
000670,영풍,828000,848000,828000,831000,1336,1119460000,1478326.0,8.8,0.561638129884748,94384.0,1.2,10000.0
006740,영풍제지,3635,3750,3580,3750,351224,1283360700,4252.0,12.25,0.881585136406397,306.0,1.2,45.0
012280,영화금속,1965,1995,1760,1760,7612360,14298165230,1488.0,8.3,1.1820816532258065,212.0,1.7,30.0
012160,영흥철강,1665,1685,1510,1525,5143994,8172372965,2012.0,305.0,0.7579522862823062,5.0,1.97,30.0
015360,예스코,40850,41450,40800,40900,1985,81186950,102550.0,5.89,0.3987013956606533,6941.0,3.67,1500.0
007310,오뚜기,771000,779000,766000,771000,2510,1937842000,299198.0,18.88,2.57634116872439,40839.0,0.88,6800.0
002630,오리엔트바이오,1120,1130,1105,1120,1512025,1686985140,436.0,0.0,0.0,0.0,0.0,0.0
271560,오리온,120000,124500,119000,123000,113261,13917346500,0.0,0.0,0.0,0.0,0.0,0.0
001800,오리온홀딩스,24000,24350,24000,24100,40967,989271900,16980.0,8.4,1.4185346731448762,2868.0,2.49,600.0
070960,용평리조트,8430,8430,8070,8100,437507,3591126110,8236.0,25.0,0.9834871296745993,324.0,1.23,100.0
004720,우리들제약,12900,13000,12550,12650,242258,3072497950,3624.0,34.75,3.4903421633554084,364.0,0.0,0.0
118000,우리들휴브레인,4425,4430,4130,4195,1874310,7945765555,729.0,0.0,0.0,0.0,0.0,0.0
000030,우리은행,16000,16200,15900,16000,1731329,27725795750,30157.0,10.21,0.5305746281957754,1567.0,2.5,400.0
010050,우리종금,603,617,603,617,2718777,1661999776,352.0,12.85,1.7524857954545454,48.0,0.0,0.0
006980,우성사료,3495,3495,3390,3430,341374,1171107290,5360.0,98.0,0.6399253731343284,35.0,0.73,25.0
017370,우신시스템,7380,7530,7380,7520,32146,241063910,6575.0,12.85,1.143447005703422,585.0,0.4,30.0
105840,우진,6580,6660,6080,6140,1143983,7249223010,6129.0,0.0,0.0,0.0,3.58,220.0
049800,우진플라임,7030,7030,6970,6990,1091,7624420,7991.0,4.72,0.8739519459391816,1480.0,0.0,0.0
016880,웅진,4525,4525,4115,4300,6594300,27396222722,4924.0,0.0,0.0,0.0,0.0,0.0
095720,웅진씽크빅,7400,7400,7220,7220,111550,811975330,8043.0,10.37,0.8971232748974264,696.0,0.0,0.0
103130,웅진에너지,6260,6280,6150,6240,88740,549980560,3857.0,0.0,0.0,0.0,0.0,0.0
005820,원림,24200,24600,23950,24450,10211,248329850,39175.0,6.8,0.6244393147734525,3597.0,2.04,500.0
010600,웰바이오텍,3160,3200,3070,3125,129067,402790185,2207.0,0.0,0.0,0.0,0.0,0.0
008600,윌비스,1920,1930,1880,1900,664592,1263095955,2482.0,24.69,0.7658894037066881,77.0,0.0,0.0
033270,유나이티드제약,27950,28200,27700,27950,25388,710712950,10945.0,21.89,2.554072921425308,1277.0,0.89,250.0
014830,유니드,54100,55500,51900,53400,48675,2619701600,70614.0,9.52,0.7564641705256748,5609.0,2.06,1100.0
000910,유니온,4980,5100,4775,4845,406464,2000028905,8007.0,538.5,0.6052828774822031,9.0,1.44,70.0
047400,유니온머티리얼,2775,2810,2650,2650,286153,775367795,2355.0,16.67,1.1256170382165605,159.0,1.32,35.0
011330,유니켐,2020,2060,1980,2050,1461979,2950423270,558.0,56.94,3.6733870967741935,36.0,0.0,0.0
077500,유니퀘스트,8190,8190,7990,8040,48267,389732110,6639.0,49.62,1.2109127880704926,162.0,1.0,80.0
002920,유성기업,3395,3395,3250,3375,19066,63779545,10108.0,9.87,0.3338522086466165,342.0,3.56,120.0
000700,유수홀딩스,6930,6930,6710,6770,27777,189107070,8024.0,21.7,0.8438902043868395,312.0,0.74,50.0
003470,유안타증권,4580,4760,4550,4625,1135990,5285812390,4860.0,30.44,0.9519547325102881,152.0,0.0,0.0
003475,유안타증권우,2585,2615,2570,2600,13107,33994385,0.0,0.0,0.0,0.0,0.0,0.0
011690,유양디앤유,11500,12150,11450,12000,1085516,12858998650,1277.0,0.0,0.0,0.0,0.0,0.0
072130,유엔젤,4140,4140,3915,4050,4159,16646715,3538.0,0.0,0.0,0.0,0.0,0.0
000220,유유제약,17600,18000,16750,16900,456711,7943230900,10345.0,17.12,1.6338690188496858,987.0,1.07,180.0
000225,유유제약1우,8190,8280,7950,8030,11579,93915420,0.0,0.0,0.0,0.0,2.37,190.0
000227,유유제약2우B,20000,20100,19450,19600,1899,37516400,0.0,0.0,0.0,0.0,0.97,190.0
001200,유진투자증권,3730,3865,3730,3745,480044,1820993900,6859.0,7.88,0.5456306267313019,475.0,0.0,0.0
000100,유한양행,235000,238500,232500,236000,33918,7968785000,120611.0,16.38,1.9569462984304915,14414.0,0.85,2000.0
000105,유한양행우,200000,204000,200000,204000,62,12554000,0.0,0.0,0.0,0.0,1.0,2050.0
003460,유화증권,14650,14750,14650,14750,3993,58852800,30841.0,24.92,0.4783810511980805,592.0,5.76,850.0
003465,유화증권우,14100,14100,13950,13950,3,42000,0.0,0.0,0.0,0.0,6.45,900.0
008730,율촌화학,16550,16650,16500,16500,9466,156850400,12951.0,19.55,1.2738446838082,844.0,3.03,500.0
008250,이건산업,9800,9940,9550,9730,15698,151735460,17104.0,143.1,0.5690189429373246,68.0,1.54,150.0
025820,이구산업,2430,2460,2395,2430,327920,792101910,3020.0,18.0,0.804635761589404,135.0,2.06,50.0
214320,이노션,65600,67800,65600,66600,28096,1874837400,32728.0,20.39,2.035448908427035,3267.0,1.43,950.0
139480,이마트,266500,270000,264000,264500,52785,14055334000,276088.0,19.6,0.9582264078844427,13502.0,0.57,1500.0
007660,이수페타시스,4210,4265,4185,4195,210764,890565180,4789.0,45.12,0.8763050741282105,93.0,2.38,100.0
005950,이수화학,13200,13200,12850,12950,28950,376409650,19286.0,16.34,0.6711733900238515,792.0,3.86,500.0
015020,이스타코,806,809,792,794,87903,70050257,1002.0,0.0,0.0,0.0,0.0,0.0
093230,이아이디,355,364,355,360,1949483,698924832,384.0,0.0,0.0,0.0,0.0,0.0
102460,이연제약,25450,25500,24900,25100,24108,607734000,11539.0,35.7,2.1742189531155214,703.0,1.39,350.0
084680,이월드,2145,2225,2070,2200,1050405,2254094145,1415.0,95.6,1.5543286219081272,23.0,0.0,0.0
000760,이화산업,20700,21500,20700,20950,4036,86417000,39405.0,220.5,0.5315949752569471,95.0,0.0,0.0
014990,인디에프,2840,2935,2685,2720,4118005,11626623910,1114.0,0.0,0.0,0.0,0.0,0.0
006490,인스코비,14750,14750,12750,13550,6271720,85696351150,391.0,0.0,0.0,0.0,0.0,0.0
023800,인지컨트롤스,7200,7200,6920,6980,137908,969532140,13004.0,9.97,0.5366137342356198,700.0,1.43,100.0
034590,인천도시가스,30150,30150,29900,29900,486,14558300,37218.0,14.35,0.8036072935138912,2084.0,4.18,1250.0
129260,인터지스,3570,3670,3545,3635,126315,456138650,6628.0,12.98,0.5481951569100785,280.0,3.3,120.0
023810,인팩,4840,4850,4765,4810,3648,17543165,10724.0,5.16,0.44893936788977995,933.0,3.12,150.0
249420,일동제약,24800,25650,24650,25500,118796,2986294500,12470.0,43.6,2.045095729751403,585.0,1.18,300.0
000230,일동홀딩스,14950,15150,14950,15000,2768,41498650,14507.0,0.96,1.033875348969463,15624.0,1.0,150.0
013360,일성건설,2835,2850,2520,2625,3850997,10238382420,1805.0,64.0,1.4537396121883657,41.0,0.76,20.0
013367,일성건설2우B,0,0,0,2615,0,0,0.0,0.0,0.0,0.0,0.96,25.0
003120,일성신약,115500,117000,114500,117000,728,84372500,120339.0,52.12,0.9724247750105951,2245.0,0.64,750.0
003200,일신방직,105000,105000,103500,105000,732,76364500,282207.0,12.38,0.3722649730516961,8484.0,2.67,2800.0
007110,일신석재,2920,2960,2640,2705,6509981,18015905415,649.0,0.0,0.0,0.0,0.0,0.0
007570,일양약품,41350,41650,41150,41400,78013,3231471250,10241.0,127.4,4.04226882140416,325.0,0.24,100.0
007575,일양약품우,25250,25350,24500,24850,1765,43286900,0.0,0.0,0.0,0.0,0.5,125.0
008500,일정실업,20050,20300,19900,20300,298,6017650,49084.0,7.69,0.41368495843859504,2640.0,6.16,1250.0
081000,일진다이아,23900,24500,23350,23350,90498,2154715900,7520.0,56.53,3.104708277925532,413.0,0.43,100.0
020760,일진디스플,5700,5800,5660,5670,88134,503552850,2254.0,0.0,0.0,0.0,0.0,0.0
020150,일진머티리얼즈,34150,34250,33350,33550,208774,7042264800,7072.0,34.56,4.7455016261312215,971.0,0.15,50.0
103590,일진전기,5470,5570,5420,5520,165023,906823090,8627.0,145.2,0.6397936710328039,38.0,1.09,60.0
015860,일진홀딩스,5340,5340,5210,5270,69307,364384250,5692.0,0.0,0.0,0.0,0.57,30.0
226320,잇츠한불,60400,60600,59900,60600,43063,2594568100,19446.0,18.05,3.115466387688985,3357.0,1.16,701.0
033240,자화전자,17550,17650,16700,16800,256666,4373581950,15348.0,19.16,1.0946071963773782,877.0,2.38,400.0
000950,전방,21650,21700,21100,21300,944,20112200,96215.0,0.0,0.0,0.0,0.0,0.0
194370,제이에스코퍼레이션,14750,14900,14350,14400,38238,557092400,11641.0,17.38,1.2373400051541963,829.0,1.74,250.0
025620,제이준코스메틱,25850,26000,24500,25200,1306462,32730683650,4065.0,28.77,6.198939114391144,876.0,0.0,0.0
030000,제일기획,19300,19400,18750,19200,508253,9770059600,6632.0,22.05,2.895480718486128,871.0,1.56,300.0
271980,제일약품,42550,43250,42350,42500,18075,770448350,0.0,0.0,0.0,0.0,0.0,0.0
001560,제일연마,6400,6500,6210,6250,18225,114229220,7028.0,10.05,0.8891798875924872,622.0,2.56,160.0
002620,제일파마홀딩스,31050,31200,30700,31100,3661,113466500,18939.0,44.44,1.642444162838587,700.0,0.23,70.0
006220,제주은행,6580,6630,6550,6620,37120,243995180,15168.0,5.82,0.436293203619462,1137.0,1.51,100.0
089590,제주항공,47600,48300,47300,47800,35045,1684109950,10342.0,23.48,4.623301827499517,2036.0,1.05,500.0
004910,조광페인트,9220,9230,9050,9070,27012,246087490,14317.0,5.23,0.6331216276978417,1733.0,4.41,400.0
004700,조광피혁,38500,38500,38000,38350,1342,51198500,30856.0,6.51,1.2434225717850662,5892.0,0.26,100.0
001550,조비,15600,16100,15250,15500,85816,1343850700,8562.0,72.75,1.8098283111422564,213.0,0.0,0.0
000480,조선내화,83400,83400,82700,83300,500,41547400,135716.0,19.98,0.6140384608299685,4170.0,4.2,3500.0
120030,조선선재,79100,79100,75600,77000,2077,159448000,69878.0,6.53,1.1027174146369387,11798.0,1.95,1500.0
018470,조일알미늄,1205,1210,1185,1205,164167,196947145,2835.0,2.53,0.4246720679012346,476.0,1.24,15.0
002600,조흥,223500,224000,222000,223000,186,41396000,188612.0,16.48,1.1827616847019278,13533.0,2.24,5000.0
185750,종근당,118000,122000,118000,120000,34588,4136317000,35962.0,28.84,3.335775436571937,4159.0,0.75,900.0
063160,종근당바이오,24000,24100,23500,23750,30504,723744900,25847.0,12.91,0.9182726718768136,1839.0,1.68,400.0
001630,종근당홀딩스,70900,71600,70500,71100,7136,507110800,71928.0,10.72,0.9880062354020688,6630.0,1.97,1400.0
044380,주연테크,550,555,539,545,622799,339013701,501.0,32.06,1.0879491017964071,17.0,0.0,0.0
013870,지엠비코리아,8490,8520,8270,8300,102951,860243200,11628.0,8.11,0.7141382868937048,1024.0,1.81,150.0
071320,지역난방공사,79800,80200,78300,80200,6294,499668000,155889.0,7.33,0.5144152048893764,10943.0,4.74,3800.0
010580,지코,803,803,792,792,143320,113941507,401.0,0.0,0.0,0.0,0.0,0.0
035000,지투알,8670,8710,8530,8700,16671,142939220,8817.0,9.44,0.9868861290688443,922.0,2.87,250.0
088790,진도,5700,5850,5590,5850,15101,87160330,7668.0,8.77,0.7631563396583203,667.0,3.42,200.0
003780,진양산업,3045,3045,2970,3000,32176,96576640,2726.0,29.12,1.1004677182685254,103.0,5.83,175.0
010640,진양폴리,1840,1875,1840,1865,57519,106685270,1764.0,2.66,1.0571255846088434,701.0,0.0,0.0
100250,진양홀딩스,2795,2810,2785,2810,12023,33636275,5394.0,9.34,0.5214068872821653,301.0,4.98,140.0
051630,진양화학,2405,2430,2380,2410,23457,56226265,2549.0,22.11,0.9454381620243233,109.0,3.11,75.0
272450,진에어,31450,31950,31250,31750,102665,3246781250,2886.0,21.8,11.004174246361746,1457.0,1.57,500.0
011000,진원생명과학,7420,7850,7420,7670,640336,4909637420,2040.0,0.0,0.0,0.0,0.0,0.0
002780,진흥기업,2310,2435,2250,2255,539518,1253124145,0.0,0.0,0.0,0.0,0.0,0.0
002787,진흥기업2우B,8800,10000,7940,8250,235311,2144228460,0.0,0.0,0.0,0.0,0.0,0.0
002785,진흥기업우B,4165,4250,3600,3635,176449,695767295,0.0,0.0,0.0,0.0,0.0,0.0
009310,참엔지니어링,2230,2230,2175,2210,142177,312281590,868.0,16.38,2.546802995391705,135.0,0.0,0.0
000650,천일고속,90200,90200,89300,89400,972,87069400,27186.0,51.06,3.288841223423821,1751.0,8.95,8000.0
012600,청호컴넷,2915,3180,2915,2980,25879,79189790,3569.0,0.0,0.0,0.0,0.0,0.0
033250,체시스,1170,1235,1150,1190,906751,1091999890,1227.0,0.0,0.0,0.0,0.0,0.0
035720,카카오,115000,115500,112000,113500,402728,45723461196,50965.0,129.4,2.226270479740999,877.0,0.13,148.0
006380,카프로,7910,8070,7830,7900,454444,3612731100,6298.0,0.0,0.0,0.0,0.0,0.0
109070,컨버즈,11100,11650,10650,11650,1951642,21801899950,2020.0,0.0,0.0,0.0,0.0,0.0
029460,케이씨,21450,21700,21100,21350,18504,395069600,12362.0,10.9,1.727069977552176,1959.0,0.7,150.0
281820,케이씨텍,21150,21550,21150,21450,45772,979927250,0.0,0.0,0.0,0.0,0.0,0.0
145270,케이탑리츠,1025,1030,980,991,524220,524593343,,,,,,
058860,케이티스,2865,2890,2845,2875,69699,199436720,4520.0,9.75,0.6363384955752213,295.0,2.78,80.0
900140,코라오홀딩스,5250,5290,5200,5200,67915,355484280,,,,,,
007815,코리아써우,4095,4095,4005,4085,74,299665,0.0,0.0,0.0,0.0,2.57,105.0
007810,코리아써키트,8720,8920,8620,8640,116371,1016018710,12727.0,0.0,0.0,0.0,1.16,100.0
00781K,코리아써키트2우B,4780,4780,4700,4720,364,1720575,0.0,0.0,0.0,0.0,2.22,105.0
152330,코리아오토글라스,16950,17000,16650,16750,13390,224893050,13964.0,7.94,1.1999690051203094,2110.0,2.39,400.0
003690,코리안리,11500,11650,11400,11550,239833,2770988250,17543.0,8.86,0.65853189306276,1304.0,2.81,325.0
192820,코스맥스,153500,156000,151000,155000,43357,6658865000,20990.0,40.22,7.386530788470701,3855.0,0.65,1000.0
044820,코스맥스비티아이,42750,44850,42650,43200,102741,4498040200,30219.0,26.88,1.4291712167841424,1607.0,0.46,200.0
005070,코스모신소재,0,0,0,19350,0,0,3407.0,210.4,5.6808042265923095,92.0,0.0,0.0
005420,코스모화학,23300,23500,22450,22450,222055,5056804950,5561.0,0.0,0.0,0.0,0.0,0.0
071950,코아스,2290,2420,2030,2350,8156003,18401123060,797.0,0.0,0.0,0.0,0.0,0.0
002020,코오롱,51600,52500,51100,51600,34321,1777432300,45691.0,33.22,1.1290783469392223,1553.0,0.97,500.0
003070,코오롱글로벌,10700,10800,10400,10600,35674,376446500,20573.0,28.88,0.5150986730180334,367.0,1.42,150.0
003075,코오롱글로벌우,16850,17350,15800,16000,15510,253681750,0.0,0.0,0.0,0.0,2.19,350.0
144620,코오롱머티리얼,3230,3245,3180,3200,122414,393050445,4123.0,58.2,0.7762096774193549,55.0,0.63,20.0
002025,코오롱우,23000,23050,22950,23050,467,10743050,0.0,0.0,0.0,0.0,2.39,550.0
120110,코오롱인더,68100,68800,66800,67100,114256,7702622400,70954.0,11.0,0.9453730586013473,6098.0,1.64,1100.0
120115,코오롱인더우,29050,29050,28350,28550,5418,154550600,0.0,0.0,0.0,0.0,4.03,1150.0
138490,코오롱플라스틱,8020,8050,7830,7940,71510,564796490,4596.0,15.1,1.7283337412967799,526.0,1.26,100.0
021240,코웨이,87900,88800,87400,88000,83282,7328698500,15486.0,26.83,5.6823098282319515,3280.0,3.64,3200.0
031820,콤텍시스템,1160,1160,1135,1135,206987,237053810,1558.0,10.04,0.728121991335045,113.0,0.0,0.0
192400,쿠쿠홀딩스,120500,125000,119500,122500,13197,1610692000,51791.0,13.75,2.365251684655635,8909.0,2.53,3100.0
284740,쿠쿠홈시스,218500,218500,211000,215500,1953,420195500,0.0,0.0,0.0,0.0,0.0,0.0
015590,큐로,1245,1310,1225,1295,997143,1274927845,749.0,0.0,0.0,0.0,0.0,0.0
264900,크라운제과,14000,15100,13600,13750,812052,11784938600,0.0,0.0,0.0,0.0,0.0,0.0
26490K,크라운제과우,9030,11000,9030,9200,749059,7618060020,0.0,0.0,0.0,0.0,0.0,0.0
005740,크라운해태홀딩스,15150,16700,15100,15300,971228,15415136950,18660.0,6.52,0.8203568796891747,2348.0,1.31,200.0
005745,크라운해태홀딩스우,11900,15300,11900,12600,649541,8986637100,0.0,0.0,0.0,0.0,1.63,205.0
020120,키다리스튜디오,4000,4070,3990,3990,90532,363176130,1060.0,0.0,0.0,0.0,0.0,0.0
039490,키움증권,120000,126500,119500,120500,187315,22983089000,56278.0,14.8,2.1407327241550873,8142.0,0.71,850.0
012170,키위미디어그룹,615,624,607,609,1117741,685407693,522.0,0.0,0.0,0.0,0.0,0.0
015890,태경산업,5640,5640,5510,5600,22999,127575970,6047.0,66.7,0.9263684471638829,84.0,3.57,200.0
006890,태경화학,4830,4830,4750,4825,11639,55642425,8244.0,14.67,0.5855224254002911,329.0,3.11,150.0
003240,태광산업,1289000,1329000,1289000,1303000,834,1093321000,2283683.0,76.7,0.570434058711301,16987.0,0.13,1750.0
011280,태림포장,3310,3650,3210,3510,950747,3328700665,4390.0,0.0,0.0,0.0,0.23,8.0
004100,태양금속,1710,1715,1695,1700,42864,73130605,2680.0,6.34,0.633984375,268.0,1.18,20.0
004105,태양금속우,3500,3500,3385,3430,41166,140466850,0.0,0.0,0.0,0.0,0.73,25.0
009410,태영건설,11350,11400,10850,10950,255272,2818395900,10477.0,10950.0,1.0453374057459197,1.0,0.0,0.0
009415,태영건설우,5410,5550,5130,5170,118487,626532230,0.0,0.0,0.0,0.0,0.0,0.0
001420,태원물산,4190,4280,4055,4070,101234,415453065,4271.0,20.88,0.9530847576679935,195.0,2.46,100.0
007980,태평양물산,3350,3350,3210,3250,91317,297024320,2558.0,0.0,0.0,0.0,0.0,0.0
055490,테이팩스,29400,29400,28700,29000,19394,561021050,2152.0,14.13,13.482650586663569,2053.0,0.0,0.0
078000,텔코웨어,14600,15000,14550,14850,23080,341765950,10850.0,18.56,1.368663594470046,800.0,3.37,500.0
214420,토니모리,19500,19900,19050,19250,83034,1598202350,7205.0,26.33,2.6711810374739766,731.0,1.19,230.0
140890,트러스제7호,3085,3085,3085,3085,10,30850,,,,,,
019180,티에이치엔,2575,2630,2550,2580,34686,89510705,1991.0,2.91,1.2950268395278755,886.0,2.13,55.0
004870,티웨이홀딩스,6030,6080,5910,6030,920853,5528128660,728.0,118.25,8.283997252747254,51.0,0.0,0.0
005690,파미셀,19450,19650,18450,18700,2363445,44563456650,1620.0,0.0,0.0,0.0,0.0,0.0
036580,팜스코,11950,12050,11800,11800,46027,547400650,7907.0,15.92,1.4921094441633995,741.0,0.85,100.0
028670,팬오션,5400,5480,5350,5350,1588435,8566220130,4754.0,29.08,1.1254469920067312,184.0,0.0,0.0
010820,퍼스텍,5430,5900,5340,5590,20430921,114586853970,1466.0,0.0,0.0,0.0,0.0,0.0
016800,퍼시스,31200,31800,30900,31000,2561,79517650,32013.0,12.68,0.968413954877706,2445.0,2.26,700.0
001020,페이퍼코리아,1565,1570,1520,1530,287472,442776045,4444.0,0.0,0.0,0.0,0.0,0.0
090080,평화산업,2800,2805,2690,2710,526825,1438075920,1573.0,58.9,1.7226239669421488,46.0,1.85,50.0
010770,평화홀딩스,6300,6300,6150,6200,32960,204071250,9406.0,14.87,0.659113032904529,417.0,2.42,150.0
058430,포스코강판,25850,26100,25450,25800,16604,426738650,34051.0,4.97,0.756745396610966,5186.0,3.88,1000.0
047050,포스코대우,23100,23300,22850,23150,273902,6336718050,22093.0,23.69,1.047512221065496,977.0,2.16,500.0
007630,폴루스바이오팜,15300,15350,14750,14850,258504,3872530550,674.0,0.0,0.0,0.0,0.0,0.0
017810,풀무원,147000,151000,147000,147000,2000,298713500,68303.0,29.44,2.151903100888687,4993.0,0.69,1020.0
103140,풍산,37750,38250,37550,37600,58554,2210391350,43990.0,7.65,0.8540378495112526,4912.0,1.86,700.0
005810,풍산홀딩스,47650,48400,47600,48350,5562,266154550,80826.0,5.16,0.5986537148473263,9377.0,2.9,1400.0
033180,필룩스,20150,20500,18750,19350,3636904,71087020050,2852.0,91.7,6.783331872370266,211.0,0.4,78.0
086790,하나금융지주,48250,48900,47400,47500,1252209,60285804252,75971.0,10.74,0.625122888174435,4421.0,2.21,1050.0
099340,하나니켈1호,1310,1325,1300,1300,70038,91265715,,,,,,
099350,하나니켈2호,1825,1825,1780,1780,36321,65027890,,,,,,
039130,하나투어,110500,115000,110000,114000,86378,9754887000,16312.0,156.8,6.986099190779794,727.0,1.32,1500.0
172580,하이골드12호,2645,2710,2645,2700,101009,269968510,,,,,,
153360,하이골드3호,1580,1595,1565,1595,64900,102372280,,,,,,
159650,하이골드8호,1145,1150,1125,1140,45645,51739095,,,,,,
071090,하이스틸,30100,31400,29150,30300,52508,1589886350,62974.0,15.54,0.4811695600565313,1950.0,0.5,150.0
019490,하이트론,4590,4700,4525,4645,1778,8203910,7989.0,7.1,0.5813520935035674,654.0,0.0,0.0
000080,하이트진로,21550,21700,21350,21650,133216,2866996850,18118.0,39.28,1.194611367148692,551.0,4.16,900.0
000087,하이트진로2우B,17150,17150,17000,17150,644,10991150,0.0,0.0,0.0,0.0,5.54,950.0
000140,하이트진로홀딩스,9490,9550,9440,9470,13084,124026460,22441.0,7.42,0.422340108506751,1277.0,2.11,200.0
000145,하이트진로홀딩스우,8930,8930,8800,8900,273,2421380,0.0,0.0,0.0,0.0,2.81,250.0
152550,한국ANKOR유전,1895,1900,1875,1895,5442,10331435,,,,,,
036460,한국가스공사,53500,53700,52400,53000,193942,10257733100,100460.0,0.0,0.0,0.0,0.0,0.0
005430,한국공항,44550,45550,44550,44900,5870,264864550,88992.0,7.87,0.5043259682050072,5702.0,1.11,500.0
071050,한국금융지주,87100,91300,87100,90200,247136,22214871100,54848.0,18.84,1.6436059655775963,4784.0,0.89,800.0
071055,한국금융지주우,41700,42750,41550,42500,34986,1471176000,0.0,0.0,0.0,0.0,2.03,862.0
010040,한국내화,3270,3320,3200,3230,125188,405842205,4725.0,11.96,0.6834821428571428,270.0,0.77,25.0
025540,한국단자,50600,51100,50300,50400,11285,569809400,58993.0,7.81,0.8540173728238943,6452.0,1.39,700.0
004090,한국석유,116500,119500,114000,115500,8773,1022481000,212575.0,6.29,0.5428578516405974,18349.0,1.3,1500.0
002960,한국쉘석유,333500,336000,332500,332500,1487,495883500,74861.0,15.87,4.441735766954756,20956.0,5.71,19000.0
002000,한국유리,40700,41650,38400,38850,8807,352536550,53899.0,16.1,0.7210969823187814,2415.0,1.99,775.0
002005,한국유리우,29100,29200,29100,29100,178,5180200,0.0,0.0,0.0,0.0,2.84,825.0
123890,한국자산신탁,6170,6220,6100,6160,127872,789843320,4032.0,8.08,1.5266694568452381,762.0,3.25,200.0
015760,한국전력,35500,36750,35450,36450,1950741,70896157350,111725.0,3.32,0.3263104162004923,10980.0,5.43,1980.0
006200,한국전자홀딩스,904,914,896,910,83207,75203814,2516.0,0.0,0.0,0.0,0.0,0.0
002300,한국제지,24300,24600,24000,24400,27418,663155850,99905.0,6.67,0.2442892622991842,3658.0,2.46,600.0
023350,한국종합기술,8140,8650,7750,7960,2577780,20828283540,11178.0,28.44,0.7123367328681338,280.0,1.26,100.0
025890,한국주강,2750,2800,2675,2690,84481,230290820,5544.0,0.0,0.0,0.0,0.0,0.0
000970,한국주철관,12800,12900,12200,12400,247204,3076403100,10868.0,10.93,1.1414423364464483,1135.0,1.61,200.0
104700,한국철강,37750,38700,37750,38300,10634,407563400,83491.0,7.58,0.45891173898983123,5056.0,2.35,900.0
017960,한국카본,6110,6130,5970,6040,198430,1198802060,7189.0,15.02,0.8400920677423842,402.0,2.15,130.0
161890,한국콜마,83100,83700,81700,81800,68570,5661903000,12790.0,32.5,6.393275996872557,2516.0,0.31,250.0
024720,한국콜마홀딩스,57500,58500,55800,56800,82554,4708779900,15092.0,25.81,3.7644654452690167,2201.0,0.27,155.0
161390,한국타이어,47700,48050,47300,47350,258268,12270595050,48027.0,6.72,0.985841948279093,7047.0,0.84,400.0
000240,한국타이어월드와이드,17750,17900,17500,17900,104169,1842897200,30138.0,6.28,0.5944032450726657,2852.0,1.68,300.0
034830,한국토지신탁,3030,3055,3010,3035,215432,652432265,2230.0,8.67,1.3610566143497758,350.0,2.47,75.0
007280,한국특수형강,4710,5090,4600,4850,509205,2437884875,3266.0,14.97,1.4849586650336803,324.0,0.0,0.0
168490,한국패러랠,2480,2480,2470,2475,37547,93060440,,,,,,
010100,한국프랜지,11050,11200,10950,11000,25991,286814400,38077.0,5.17,0.28876766158048167,2126.0,2.27,250.0
047810,한국항공우주,45500,46550,45100,45150,462547,21189875600,14427.0,16.4,3.1284115720524017,2751.0,1.51,680.0
123690,한국화장품,17750,17850,17350,17500,151301,2654154050,3466.0,19.23,5.049994590305828,910.0,0.0,0.0
003350,한국화장품제조,50200,50400,49050,49300,48044,2382297450,9711.0,18.58,5.0754572778292655,2653.0,0.2,100.0
011500,한농화성,6080,6130,5960,6060,170265,1030844270,6492.0,10.58,0.9336515134011091,573.0,1.82,110.0
002390,한독,35200,35200,33900,34400,57810,1979980300,22302.0,0.0,0.0,0.0,0.36,125.0
014790,한라,6800,6940,6140,6260,1915529,12296641700,7329.0,51.3,0.8541581389002593,122.0,0.0,0.0
060980,한라홀딩스,49000,50400,48950,50100,21101,1048131500,85129.0,7.09,0.5881482991988629,7062.0,2.5,1250.0
053690,한미글로벌,10200,10250,9950,9960,47612,477841200,9014.0,10.76,1.1051402679165743,926.0,3.01,300.0
042700,한미반도체,10850,11000,10750,10900,145495,1583658250,3292.0,18.77,3.31191619835966,581.0,1.83,200.0
008930,한미사이언스,80700,81700,79600,80200,91960,7373631500,10186.0,621.5,7.870950323974082,129.0,0.0,0.0
128940,한미약품,482500,484500,472000,477500,33445,15962487000,57966.0,232.1,8.237261929406893,2057.0,0.0,0.0
009240,한샘,119000,119000,114000,115000,169423,19588975000,23007.0,16.3,4.996659983917938,7054.0,0.96,1100.0
020000,한섬,33300,34250,32800,33100,68867,2291555850,35743.0,12.87,0.9255389604258176,2571.0,0.91,300.0
003680,한성기업,7080,7080,6870,7070,6063,42250510,9684.0,0.0,0.0,0.0,0.0,0.0
105630,한세실업,22500,22750,22350,22550,69758,1576607300,11254.0,19.19,2.0033154878265504,1175.0,1.46,330.0
069640,한세엠케이,9630,9720,9580,9680,10198,98342890,12061.0,24.44,0.8023588425503689,396.0,2.07,200.0
016450,한세예스24홀딩스,10700,11500,10600,11450,211292,2364625800,6623.0,29.44,1.729003095274045,389.0,1.4,160.0
010420,한솔PNS,1415,1415,1365,1390,211269,292695275,1618.0,44.84,0.8591818603213844,31.0,1.08,15.0
009180,한솔로지스틱스,2495,2520,2450,2475,58620,145219940,2672.0,11.2,0.9266057728293413,221.0,0.81,20.0
213500,한솔제지,16850,17350,16650,17350,158489,2702950350,21417.0,7.32,0.8100639970584116,2370.0,4.03,700.0
014680,한솔케미칼,70700,72500,70700,71800,46335,3321043000,24998.0,14.26,2.87118281962557,5034.0,1.39,1000.0
004710,한솔테크닉스,12250,12250,11900,12100,106561,1284318600,9241.0,0.0,0.0,0.0,0.0,0.0
004150,한솔홀딩스,5220,5350,5220,5270,158001,834233180,11303.0,0.0,0.0,0.0,0.0,0.0
025750,한솔홈데코,1640,1670,1605,1630,1403361,2298257000,1846.0,16.62,0.8825839653304443,98.0,0.0,0.0
004960,한신공영,21750,22050,21350,21500,71610,1540284800,25846.0,8.11,0.8320847519925714,2652.0,1.16,250.0
011700,한신기계,3450,3500,3415,3445,109890,378545325,2382.0,16.72,1.445870067170445,206.0,1.89,65.0
001750,한양증권,7850,7880,7720,7840,13845,107899990,20241.0,14.82,0.3873299398498098,529.0,4.46,350.0
001755,한양증권우,8440,8440,8020,8430,854,7008020,0.0,0.0,0.0,0.0,4.74,400.0
018880,한온시스템,11000,11150,10950,11050,387970,4288936650,3424.0,20.2,3.227543625876168,547.0,2.04,225.0
009420,한올바이오파마,31650,32050,31100,31750,516957,16355355850,1998.0,794.0,15.895895895895896,40.0,0.0,0.0
014130,한익스프레스,0,0,0,66000,0,0,47638.0,14.45,1.3859077837020866,4568.0,1.06,700.0
003300,한일시멘트,154000,160500,149000,153500,27679,4284035000,196749.0,13.17,0.780140480383636,11653.0,1.04,1600.0
002220,한일철강,25900,25900,25600,25850,2121,54633100,75549.0,8.72,0.34206111265536276,2964.0,1.35,350.0
051600,한전KPS,49050,50200,48750,49750,150653,7442622400,17550.0,25.36,2.835048076923077,1962.0,1.37,680.0
052690,한전기술,34500,35550,33850,35250,253097,8812425050,11039.0,75.3,3.1928843192318146,468.0,0.31,110.0
130660,한전산업,4095,4100,3900,3900,746568,2960442410,2008.0,9.63,1.9428730390936255,405.0,5.59,218.0
002320,한진,25450,25450,24900,25300,29753,746688850,63079.0,7.55,0.4012463537785951,3352.0,1.58,400.0
097230,한진중공업,3300,3390,3275,3350,648800,2172918990,8448.0,0.0,0.0,0.0,0.0,0.0
003480,한진중공업홀딩스,3820,3950,3725,3860,20715,79796080,14433.0,0.0,0.0,0.0,0.0,0.0
180640,한진칼,24900,25300,24400,24900,425216,10617635850,16777.0,0.0,0.0,0.0,0.0,0.0
18064K,한진칼우,12700,12700,12550,12650,1992,25185850,0.0,0.0,0.0,0.0,0.0,0.0
005110,한창,2880,3020,2830,3010,1310656,3825915485,1148.0,23.33,2.621365962543554,129.0,0.7,21.0
009460,한창제지,1075,1145,1075,1110,1705943,1904817415,984.0,4.1,1.1295969893292683,271.0,0.0,0.0
000880,한화,40350,40700,39800,40050,224354,8998175850,45022.0,5.85,0.8900426458176003,6848.0,1.5,600.0
00088K,한화3우B,17300,17300,17050,17100,17762,303630500,0.0,0.0,0.0,0.0,3.98,680.0
027390,한화갤러리아타임월드,50600,51300,49750,50500,36412,1829173200,40978.0,0.0,0.0,0.0,0.0,0.0
088350,한화생명,6250,6300,6170,6190,711767,4426316380,9820.0,5.85,0.6304432917515275,1058.0,1.29,80.0
000370,한화손해보험,7650,7650,7450,7500,144969,1090253920,9541.0,6.23,0.7862367021276596,1204.0,1.33,100.0
000885,한화우,20350,20600,20000,20000,1642,33171250,0.0,0.0,0.0,0.0,3.25,650.0
009830,한화케미칼,29000,29250,28500,28700,570550,16414405050,31850.0,6.23,0.900630396389325,4604.0,1.22,350.0
009835,한화케미칼우,14650,14750,14500,14550,1292,18803750,0.0,0.0,0.0,0.0,2.75,400.0
012450,한화테크윈,26200,26450,25800,26100,377099,9864322400,44025.0,4.02,0.5932745954003407,6498.0,0.0,0.0
003530,한화투자증권,3200,3290,3190,3215,681820,2206158370,4589.0,0.0,0.0,0.0,0.0,0.0
003535,한화투자증권우,2650,2720,2615,2660,7121,18963735,0.0,0.0,0.0,0.0,0.0,0.0
195870,해성디에스,18100,18350,17900,18050,25026,452711600,9477.0,15.36,1.9043226363828216,1175.0,1.39,250.0
101530,해태제과식품,15450,15950,15350,15550,94812,1492452150,9839.0,12.73,1.580634147271064,1222.0,0.96,150.0
143210,핸즈코퍼레이션,8970,9100,8890,8970,13775,123832460,13935.0,4.26,0.6446862665949049,2108.0,2.01,180.0
089470,현대EP,6680,6720,6600,6610,48271,320064820,8309.0,4.12,0.7950551548020219,1603.0,2.12,140.0
000720,현대건설,51400,51500,49750,50400,2556752,129241196050,56944.0,11.45,0.8855737105753021,4403.0,0.99,500.0
267270,현대건설기계,177000,183500,171000,173500,87544,15414211000,0.0,0.0,0.0,0.0,0.0,0.0
000725,현대건설우,133500,133500,105000,105000,18458,2119553000,0.0,0.0,0.0,0.0,0.52,550.0
005440,현대그린푸드,15250,15400,15150,15200,105259,1604670550,15451.0,13.98,0.9832712081742282,1087.0,0.39,60.0
086280,현대글로비스,172500,175500,169000,169000,274898,46972826500,92725.0,12.53,1.8221498382313293,13483.0,1.78,3000.0
064350,현대로템,20300,22650,19250,20550,4958797,104752450300,16376.0,79.94,1.2545149914509037,257.0,0.0,0.0
079430,현대리바트,25350,25650,24450,24500,112445,2783150150,16071.0,12.44,1.523827857631759,1969.0,0.33,80.0
012330,현대모비스,241500,249500,241000,246500,255100,62611002000,292708.0,7.68,0.8419614481411509,32091.0,1.42,3500.0
010620,현대미포조선,92700,92900,89700,91400,178819,16357571600,107123.0,52.72,0.8533584057578671,1734.0,0.0,0.0
069960,현대백화점,100500,102500,100000,101500,100337,10166435000,157840.0,8.39,0.6432777060631019,12101.0,0.69,700.0
004560,현대비앤지스틸,12000,12250,11900,12000,22581,271777550,22859.0,8.33,0.524629248873529,1440.0,0.83,100.0
004565,현대비앤지스틸우,44250,45500,43900,45100,560,24973800,0.0,0.0,0.0,0.0,0.33,150.0
012630,현대산업,0,0,0,46400,0,0,34781.0,11.13,1.3341066243063742,4168.0,1.51,700.0
011760,현대상사,21450,21600,20400,20450,185455,3850330100,32657.0,33.88,0.6265272376519583,604.0,2.44,500.0
011200,현대상선,5390,5420,5090,5260,15182607,79900818500,4841.0,0.0,0.0,0.0,0.0,0.0
006390,현대시멘트,23900,26250,22200,23500,329913,8008140100,8533.0,0.0,0.0,0.0,0.0,0.0
004310,현대약품,6560,6640,6480,6490,342106,2236688900,3477.0,127.25,1.8664797238999138,51.0,0.72,47.0
126560,현대에이치씨엔,4385,4390,4240,4385,48872,210985630,5567.0,10.64,0.7874865277528291,412.0,0.91,40.0
017800,현대엘리베이,95500,96400,91500,93900,1391907,131018352900,31605.0,17.97,2.9706286584401203,5225.0,0.53,500.0
011210,현대위아,52000,53000,51700,52400,217329,11399848400,119823.0,10.65,0.4374085891272961,4922.0,2.1,1100.0
267260,현대일렉트릭,87000,87400,81900,81900,195313,16331866600,0.0,0.0,0.0,0.0,0.0,0.0
004020,현대제철,54400,54800,53600,53800,302207,16289980000,120427.0,8.6,0.44662384940669453,6253.0,1.39,750.0
009540,현대중공업,119000,120500,116000,118500,254541,30182032500,177140.0,16.0,0.6690301456475104,7407.0,0.0,0.0
267250,현대중공업지주,412500,426500,412500,421000,30420,12824504000,0.0,0.0,0.0,0.0,0.0,0.0
005380,현대차,155000,161500,154000,158000,887506,139624592000,235358.0,7.85,0.6711381570841016,20118.0,2.53,4000.0
005387,현대차2우B,108500,115500,105000,112000,486531,54702299000,0.0,0.0,0.0,0.0,3.66,4100.0
005389,현대차3우B,87300,89600,85900,89400,10226,903142600,0.0,0.0,0.0,0.0,4.53,4050.0
005385,현대차우,97900,102500,95400,100500,352611,35136591971,0.0,0.0,0.0,0.0,4.03,4050.0
001500,현대차투자증권,11500,11950,11500,11750,138879,1630609650,27822.0,8.67,0.42265338580979084,1356.0,3.4,400.0
227840,현대코퍼레이션홀딩스,14400,14450,14250,14450,13576,195093400,20595.0,20.47,0.7016721291575625,706.0,2.77,400.0
001450,현대해상,38050,38550,37250,37300,201035,7563843800,31859.0,7.26,1.1715758302206598,5140.0,3.62,1350.0
057050,현대홈쇼핑,106500,108000,106000,106000,20889,2227542000,121276.0,9.7,0.8746541978627264,10932.0,1.42,1500.0
093240,형지엘리트,5580,5760,5450,5500,387341,2177288350,3281.0,0.0,0.0,0.0,0.0,0.0
003010,혜인,5850,5940,5500,5510,3863037,22214270620,7921.0,65.6,0.6959348567100113,84.0,0.73,40.0
111110,호전실업,16500,16750,16250,16700,28166,465372200,12961.0,6.23,1.2878192871884886,2679.0,0.0,0.0
008770,호텔신라,110000,111500,108500,110500,612648,67706601500,16539.0,151.6,6.6832713586069294,729.0,0.32,350.0
008775,호텔신라우,55100,56100,55100,55700,10295,573937900,0.0,0.0,0.0,0.0,0.72,400.0
002460,화성산업,15500,15750,15450,15500,27061,421654050,25103.0,5.58,0.6177424013066167,2780.0,4.39,680.0
013520,화승알앤에이,2315,2340,2290,2300,31042,71464335,5028.0,2.35,0.4570242579057279,978.0,2.17,50.0
241590,화승엔터프라이즈,21700,22400,21650,22100,42801,948642550,7140.0,14.17,3.0963760504201683,1560.0,0.16,35.0
006060,화승인더,8530,8910,8530,8760,328363,2894465850,4169.0,10.83,2.1012120712401057,809.0,0.29,25.0
010690,화신,3810,3810,3755,3765,43566,164237605,11255.0,2.61,0.3343153043091959,1442.0,2.66,100.0
133820,화인베스틸,2980,2980,2880,2890,155923,451865355,3168.0,115.6,0.91244476010101,25.0,0.0,0.0
010660,화천기계,20950,21300,20700,21100,11897,248731950,55809.0,0.0,0.0,0.0,0.0,0.0
000850,화천기공,52200,52400,52000,52200,3281,170699100,123374.0,16.06,0.42325925640734674,3251.0,2.39,1250.0
016580,환인제약,22800,23100,22600,22700,61192,1392712150,11835.0,21.14,1.9184648288973385,1074.0,1.1,250.0
032560,황금에스티,11700,11750,11350,11750,132685,1532103450,14149.0,7.94,0.830679288288925,1480.0,0.64,75.0
004800,효성,128500,129000,124500,126000,118651,15006111500,103060.0,9.2,1.2226779303318456,13692.0,3.97,5000.0
094280,효성ITX,12650,12950,12600,12850,33485,429379150,4274.0,21.42,3.007282405240992,600.0,1.56,200.0
093370,후성,9600,9630,9390,9500,488383,4623606050,1638.0,13.48,5.800351991758242,705.0,0.0,0.0
081660,휠라코리아,126000,128500,126000,126500,43915,5582216000,75175.0,4.45,1.6820325490522114,28420.0,0.2,250.0
005870,휴니드,11600,11600,11050,11250,167586,1878987750,7084.0,8.31,1.5876358695652173,1353.0,0.0,0.0
079980,휴비스,13150,13350,12750,13300,291083,3798860450,11376.0,49.8,1.1691224947257384,267.0,2.26,300.0
005010,휴스틸,14350,14450,14000,14250,8415,119693650,55779.0,0.0,0.0,0.0,3.51,500.0
069260,휴켐스,26450,26800,26200,26500,62068,1645600800,12062.0,23.7,2.1969900306748467,1118.0,1.89,500.0
000540,흥국화재,5890,5890,5700,5730,62509,358336900,8475.0,11.84,0.676386430678466,484.0,0.0,0.0
000547,흥국화재2우B,25550,25850,25000,25800,560,14198500,0.0,0.0,0.0,0.0,0.0,0.0
000545,흥국화재우,5440,5580,5390,5570,4422,24167380,0.0,0.0,0.0,0.0,0.0,0.0
003280,흥아해운,820,843,805,830,6260117,5145755440,1406.0,0.0,0.0,0.0,0.6,5.0
060310,3S,2370,2420,2330,2420,165788,393753900,695.0,0.0,0.0,0.0,0.0,0.0
054620,APS홀딩스,6880,6880,6650,6660,82822,558224130,10544.0,3.81,0.6320795224179628,1749.0,0.0,0.0
265520,AP시스템,24600,24950,23900,24050,192820,4689995450,0.0,0.0,0.0,0.0,0.0,0.0
211270,AP위성,8200,8220,8060,8160,26593,216870680,5373.0,17.25,1.5185650474595198,473.0,0.0,0.0
032040,C&S자산관리,0,0,0,4375,0,0,6530.0,0.0,0.0,0.0,0.0,0.0
130960,CJ E&M,92200,92600,91400,92500,89012,8182369900,39922.0,57.4,2.316553999048144,1611.0,0.22,200.0
035760,CJ오쇼핑,224800,229900,224800,227900,8000,1815994600,147596.0,58.66,1.5443385152714166,3886.0,1.1,2500.0
051500,CJ프레시웨이,37550,38650,37550,38600,15905,611325550,16021.0,0.0,0.0,0.0,0.52,200.0
058820,CMG제약,6510,6580,6300,6400,1533665,9837137030,930.0,336.8,6.879838709677419,19.0,0.0,0.0
023460,CNH,1500,1525,1480,1490,391211,585709170,2604.0,16.56,0.5724366359447005,90.0,1.68,25.0
065770,CS,2710,2850,2695,2740,74331,205407630,1047.0,0.0,0.0,0.0,0.0,0.0
083660,CSA 코스믹,13300,13900,12900,13400,977727,13121860550,1641.0,0.0,0.0,0.0,0.0,0.0
045890,DB라이텍,1770,1795,1765,1775,77440,137619715,2038.0,16.9,0.8710285819430814,105.0,0.0,0.0
068790,DMS,7140,7160,7030,7060,73623,520766780,5833.0,4.39,1.2118817503857364,1610.0,0.71,50.0
241520,DSC인베스트먼트,5800,6030,5770,5880,239165,1414316320,915.0,75.4,6.425409836065573,78.0,0.0,0.0
037370,EG,11500,11800,11300,11400,142153,1638082800,7013.0,98.25,1.625124768287466,116.0,0.44,50.0
079190,EMW,3455,3565,3450,3515,329926,1160032625,1593.0,43.4,2.2070974576271185,81.0,0.0,0.0
130500,GH신소재,4180,4255,4140,4225,55402,233330565,3775.0,13.99,1.119375,302.0,2.13,90.0
032860,GMR 머티리얼즈,701,740,680,738,2571231,1834277805,372.0,0.0,0.0,0.0,0.0,0.0
900290,GRT,3020,3020,2970,2980,121678,362969890,,,,,,
083450,GST,9900,9980,9660,9760,26171,254931680,6191.0,21.31,1.5766637053787755,458.0,0.0,0.0
028150,GS홈쇼핑,176400,177500,175100,176900,26734,4711940820,148522.0,10.29,1.191206889804204,17195.0,3.96,7000.0
078150,HB테크놀러지,2940,2965,2900,2905,778263,2268360935,1575.0,7.49,1.8447321428571428,388.0,1.03,30.0
036640,HRS,4655,4690,4605,4655,25100,116326220,4571.0,19.16,1.0183698862393349,243.0,1.72,80.0
225430,IBKS제3호스팩,0,0,0,2110,0,0,1880.0,1055.0,1.122340425531915,2.0,0.0,0.0
254120,IBKS제5호스팩,2100,2120,2080,2115,1767,3690525,1867.0,0.0,0.0,0.0,0.0,0.0
264850,IBKS제6호스팩,0,0,0,2180,0,0,0.0,0.0,0.0,0.0,0.0,0.0
276920,IBKS제7호스팩,2060,2080,2060,2080,680,1401970,0.0,0.0,0.0,0.0,0.0,0.0
277410,IBKS제8호스팩,0,0,0,2735,0,0,0.0,0.0,0.0,0.0,0.0,0.0
095340,ISC,16250,16350,16000,16000,43013,693840600,10870.0,22.55,1.4727029668813247,710.0,1.06,170.0
099520,ITX엠투엠,1520,1700,1515,1650,1496562,2420919385,977.0,0.0,0.0,0.0,0.0,0.0
950170,JTC,16600,16700,15550,16200,925553,14858792350,,,,,,
067290,JW신약,10700,11100,10400,11050,1552014,16730077100,989.0,0.0,0.0,0.0,0.54,60.0
035900,JYP Ent.,22200,22550,22050,22350,296570,6617133200,1952.0,83.4,11.446977459016393,268.0,0.0,0.0
024120,KB오토시스,6200,6200,6080,6120,29988,183025000,6665.0,4.93,0.9178908008252064,1241.0,4.9,300.0
021320,KCC건설,8580,8620,8260,8330,142511,1196016700,14493.0,10.71,0.5749747723038708,778.0,1.2,100.0
036670,KCI,8030,8140,8020,8080,5602,45133640,4168.0,13.1,1.9394587482005758,617.0,2.23,180.0
044180,KD건설,158,159,153,156,11330100,1764352672,150.0,78.0,1.04,2.0,0.0,0.0
151860,KG ETS,4595,4645,4515,4535,183612,838766465,3845.0,32.88,1.1799089726918075,138.0,2.21,100.0
046440,KG모빌리언스,9080,9440,9020,9280,241235,2235767610,6489.0,18.52,1.4295466366158114,501.0,2.16,200.0
035600,KG이니시스,23350,24250,22850,23550,339820,8021801700,6656.0,74.5,3.5369591346153846,316.0,1.06,250.0
060720,KH바텍,11200,11400,11000,11250,102207,1149253750,12570.0,0.0,0.0,0.0,0.44,50.0
083470,KJ프리텍,1440,1595,1400,1420,5970964,9033174805,2222.0,0.0,0.0,0.0,0.0,0.0
122450,KMH,8070,8070,7880,7880,38293,305363520,5981.0,6.62,1.3184622398010366,1191.0,0.0,0.0
052900,KMH하이텍,1025,1055,1020,1040,169466,176036005,1108.0,23.11,0.9385576489169675,45.0,0.0,0.0
058400,KNN,1065,1080,1035,1040,649409,682230905,1343.0,20.0,0.774385703648548,52.0,1.92,20.0
114450,KPX생명과학,7580,7650,7460,7600,176587,1335809760,4111.0,25.33,1.8483185356360983,300.0,0.0,0.0
036030,KTH,6110,6150,5900,6000,56269,335808910,5663.0,50.0,1.0595090941197245,120.0,0.0,0.0
060370,KT서브마린,5190,5190,4985,5070,154691,783063830,4631.0,20.28,1.0948634204275534,250.0,0.99,50.0
065150,MP그룹,0,0,0,1315,0,0,475.0,0.0,0.0,0.0,0.0,0.0
219550,MP한강,3000,3090,2900,3045,1244806,3746192680,1998.0,0.0,0.0,0.0,0.0,0.0
160550,NEW,8880,8950,8790,8840,82903,733375200,4940.0,55.25,1.7894736842105263,160.0,0.0,0.0
053290,NE능률,4230,4380,4115,4300,14094,60236495,4900.0,8.24,0.8780452806122448,522.0,1.63,70.0
104200,NHN벅스,8430,8570,8400,8570,11806,99837800,4552.0,0.0,0.0,0.0,0.0,0.0
060250,NHN한국사이버결제,15200,15600,15150,15450,130361,2008752050,4431.0,31.28,3.487460505529226,494.0,0.0,0.0
030190,NICE평가정보,10250,10250,10050,10200,64528,652885350,2558.0,21.89,3.987893373729476,466.0,1.27,130.0
024940,PN풍년,3190,3190,3030,3055,102376,317529540,3095.0,16.34,0.9874899030694669,187.0,0.82,25.0
218410,RFHIC,19850,20250,19450,19950,85664,1686460900,9840.0,221.6,2.027057926829268,90.0,0.0,0.0
091340,S&K폴리텍,4540,4545,4400,4485,85667,380686765,6153.0,13.67,0.728811149032992,328.0,0.0,0.0
019550,SBI인베스트먼트,1440,1525,1385,1385,9527136,13834142550,520.0,72.9,2.6627403846153848,19.0,0.0,0.0
950110,SBI핀테크솔루션즈,8720,8850,8500,8600,31822,274104620,,,,,,
046140,SBS콘텐츠허브,8950,9040,8800,8820,8750,77554850,7263.0,60.84,1.2146969227591904,145.0,1.13,100.0
036120,SCI평가정보,4415,4920,4340,4345,6044156,27830951795,386.0,0.0,0.0,0.0,0.0,0.0
099220,SDN,1820,1910,1800,1860,1997643,3688201935,1396.0,0.0,0.0,0.0,0.0,0.0
036540,SFA반도체,2425,2435,2395,2430,284627,687484980,1795.0,47.66,1.3540215877437325,51.0,0.0,0.0
255220,SG,7100,7330,6840,7220,490688,3463708140,2481.0,8.02,2.910557738814994,900.0,0.0,0.0
040610,SG&G,2605,2610,2530,2555,162971,417958620,7379.0,0.0,0.0,0.0,0.0,0.0
049470,SGA,892,909,892,903,630575,569375430,728.0,0.0,0.0,0.0,0.0,0.0
184230,SGA솔루션즈,2910,2990,2880,2945,1030132,3026223360,1435.0,27.78,2.0521341463414635,106.0,0.0,0.0
090730,SIMPAC Metal,14200,14250,13450,13450,142937,1988606350,13827.0,24.45,0.9726780031821798,550.0,0.74,100.0
232330,SK3호스팩,2035,2035,2010,2030,10540,21290005,1892.0,0.0,0.0,0.0,0.0,0.0
057500,SKC 솔믹스,4900,4950,4820,4860,148870,724495085,532.0,0.0,0.0,0.0,0.0,0.0
178920,SKC코오롱PI,44900,45350,43600,44200,226527,9998891850,7783.0,61.9,5.67918058589233,714.0,1.02,450.0
036490,SK머티리얼즈,157200,159600,156500,158600,35423,5593819500,39945.0,15.4,3.97017168137439,10299.0,2.24,3550.0
052260,SK바이오랜드,21950,22050,21000,21400,84549,1812695600,8702.0,25.84,2.4590467708572743,828.0,1.17,250.0
048550,SM C&C,2980,3035,2910,2915,373458,1103177315,789.0,0.0,0.0,0.0,0.0,0.0
089230,THE E&M,995,1060,988,1055,470154,480570805,594.0,25.73,1.7762784090909092,41.0,0.0,0.0
032540,TJ미디어,4400,4445,4305,4350,15885,69114595,5763.0,70.2,0.7550971716120076,62.0,1.38,60.0
048770,TPC,5970,5980,5850,5960,25694,151699800,1238.0,0.0,0.0,0.0,0.42,25.0
038340,UCI,0,0,0,3600,0,0,1326.0,0.0,0.0,0.0,0.0,0.0
052300,W홀딩컴퍼니,565,571,558,564,450715,253892729,711.0,5.88,0.7937763713080169,96.0,0.0,0.0
040300,YTN,2520,2530,2375,2410,1101549,2682171015,4369.0,29.75,0.5515564202334631,81.0,0.62,15.0
051390,YW,3735,3740,3675,3720,3134,11615000,6139.0,14.53,0.6059618830428408,256.0,2.69,100.0
052220,iMBC,3200,3220,3155,3205,134393,427956195,2277.0,31.12,1.4079380764163374,103.0,1.4,45.0
079940,가비아,7560,7690,7550,7650,25537,194709330,3907.0,18.1,1.958959879703097,423.0,0.39,30.0
078890,가온미디어,9890,9950,9730,9830,165774,1623492970,8715.0,7.02,1.1276355421686748,1400.0,1.02,100.0
192410,감마누,0,0,0,6170,0,0,1880.0,0.0,0.0,0.0,0.0,0.0
024840,갑을메탈,2790,2790,2670,2680,654432,1787372870,1922.0,20.3,1.3939581165452652,132.0,0.0,0.0
217730,강스템바이오텍,16350,16850,15750,15850,758115,12310655950,1617.0,0.0,0.0,0.0,0.0,0.0
094480,갤럭시아컴즈,4580,4615,4480,4550,67587,307815725,1566.0,39.56,2.9052921455938696,115.0,0.55,25.0
063080,게임빌,60100,62700,59900,60600,47876,2914948500,35865.0,13.32,1.6895051320925694,4549.0,0.0,0.0
039240,경남스틸,0,0,0,10800,0,0,15402.0,64.3,0.7014998052201012,168.0,1.39,150.0
053950,경남제약,0,0,0,17200,0,0,1495.0,1433.0,11.502341137123747,12.0,0.0,0.0
011040,경동제약,0,0,0,24950,0,0,15814.0,16.8,1.5772960272543317,1485.0,2.81,700.0
024910,경창산업,3385,3450,3380,3445,24199,82337500,7145.0,6.65,0.4820000874737579,518.0,2.03,70.0
198440,고려시멘트,3065,3200,2960,3200,2520541,7825861665,1978.0,160.0,1.6177957532861476,20.0,0.0,0.0
049720,고려신용정보,3690,3690,3625,3665,27957,102302240,1168.0,13.73,3.1378357769691783,267.0,4.77,175.0
014570,고려제약,10450,10450,10200,10300,99920,1030703750,4878.0,22.25,2.111879868798688,463.0,0.97,100.0
098460,고영,98000,98600,97200,98100,69852,6834449456,11477.0,44.03,8.547671429816154,2228.0,0.41,400.0
038530,골드퍼시픽,5050,5150,5000,5130,41279,210667960,440.0,0.0,0.0,0.0,0.0,0.0
227950,골든브릿지제4호스팩,2025,2030,2020,2030,4430,8958670,1826.0,253.8,1.1117196056955092,8.0,0.0,0.0
900280,골든센츄리,1025,1030,995,1005,1634101,1650547527,,,,,,
215000,골프존,45050,45050,44600,44850,3796,169803450,19218.0,7.7,2.3336428982594444,5825.0,3.57,1600.0
121440,골프존뉴딘홀딩스,5620,5670,5530,5600,82222,457904780,12311.0,59.56,0.45478636991308585,94.0,2.09,117.0
014200,광림,3885,4010,3800,3955,1564719,6158755030,2037.0,0.0,0.0,0.0,0.0,0.0
026910,광진실업,4160,4200,4100,4130,60001,248896500,4445.0,0.0,0.0,0.0,0.0,0.0
090150,광진윈텍,2675,2675,2640,2665,24329,64668760,4480.0,11.64,0.5950230189732143,229.0,1.13,30.0
267320,교보7호스팩,2005,2025,2005,2025,1169,2343945,0.0,0.0,0.0,0.0,0.0,0.0
242040,교보비엔케이스팩,2000,2000,2000,2000,6198,12396000,1832.0,0.0,0.0,0.0,0.0,0.0
053270,구영테크,1960,1990,1960,1975,56160,110682500,2872.0,13.91,0.6875652855153204,142.0,0.0,0.0
066620,국보디자인,20100,20350,19650,19750,18857,374919450,11591.0,13.5,1.7039513415581053,1463.0,1.27,250.0
043650,국순당,6210,6220,6130,6160,58324,359868150,10610.0,0.0,0.0,0.0,0.81,50.0
006050,국영지앤엠,1390,1400,1340,1400,1861477,2546801545,1477.0,116.7,0.9480365605958023,12.0,0.0,0.0
060480,국일신동,3880,4020,3840,3920,332873,1297886600,3465.0,103.2,1.1316378066378066,38.0,1.28,50.0
078130,국일제지,885,898,874,887,2608165,2300869709,476.0,0.0,0.0,0.0,0.0,0.0
019010,그랜드백화점,13850,14400,13600,14300,18767,264383300,43733.0,4.25,0.3272071433471292,3367.0,2.1,300.0
900070,글로벌에스엠,1215,1250,1195,1200,385086,470145545,,,,,,
204620,글로벌텍스프리,1775,1820,1755,1775,1237264,2205568875,1946.0,147.9,0.9118705035971223,12.0,0.0,0.0
019660,글로본,4655,4750,4600,4735,79490,372264980,1084.0,0.0,0.0,0.0,0.0,0.0
053260,금강철강,4655,4660,4360,4390,423870,1909961600,5836.0,13.47,0.7523667751884853,326.0,2.28,100.0
036190,금화피에스시,36600,37200,36200,36750,1622,59160350,28057.0,9.22,1.3096887585985673,3986.0,2.45,900.0
049080,기가레인,3030,3040,2965,3000,428634,1283007905,1564.0,0.0,0.0,0.0,0.0,0.0
035460,기산텔레콤,2820,2870,2820,2830,42478,120797675,2513.0,0.0,0.0,0.0,0.0,0.0
187790,나노,2755,2800,2755,2800,139212,385938285,1922.0,0.0,0.0,0.0,0.0,0.0
151910,나노스,6310,6430,5780,6240,635239,3896035420,59.0,0.0,0.0,0.0,0.0,0.0
121600,나노신소재,18650,18850,18100,18500,70213,1291540000,7101.0,33.75,2.6045627376425857,548.0,0.54,100.0
039860,나노엔텍,6350,6400,6240,6330,69641,439012600,1047.0,0.0,0.0,0.0,0.0,0.0
091970,나노캠텍,7890,8500,7540,7700,1478040,11623446980,3168.0,0.0,0.0,0.0,0.0,0.0
051490,나라엠앤디,5700,5740,5520,5670,67869,380868470,5369.0,30.98,1.056088773514621,183.0,1.76,100.0
190510,나무가,21850,21850,21250,21500,12564,269114800,21163.0,0.0,0.0,0.0,0.0,0.0
089600,나스미디어,71200,72600,70300,72400,19256,1380855700,11207.0,51.25,6.461698045864192,1413.0,0.54,390.0
138610,나이벡,18700,19150,17700,18450,408595,7482382000,1811.0,0.0,0.0,0.0,0.0,0.0
130580,나이스디앤비,6980,7100,6770,6960,20599,140869340,2190.0,19.02,3.1779537671232876,366.0,1.21,84.0
036800,나이스정보통신,24950,25300,24650,25050,37643,942753650,15175.0,7.95,1.651132619439868,3152.0,1.4,350.0
091590,남화토건,16500,16950,15300,15500,1316215,21073995000,10373.0,31.95,1.4940003494649572,485.0,0.65,100.0
168330,내츄럴엔도텍,18450,19000,18400,18750,276476,5172605750,2428.0,0.0,0.0,0.0,0.0,0.0
072770,네오디안테크놀로지,1930,1995,1915,1915,495983,961551810,967.0,46.72,1.9808363495346433,41.0,0.0,0.0
212560,네오오토,5680,5680,5540,5550,23627,132090010,8768.0,5.54,0.6323678789347628,1001.0,2.7,150.0
095660,네오위즈,19100,19100,17650,17850,404009,7313969300,12397.0,36.8,1.4401921835928047,485.0,0.0,0.0
042420,네오위즈홀딩스,14950,14950,14300,14500,42045,610961650,32645.0,0.0,0.0,0.0,0.0,0.0
085910,네오티스,4315,4345,4310,4345,6207,26854340,5047.0,0.0,0.0,0.0,8.06,350.0
092730,네오팜,59300,59400,57200,58500,20685,1202667400,5170.0,53.47,11.314277079303675,1094.0,0.6,350.0
153460,네이블,5160,5160,4965,5080,74570,377769650,5060.0,163.9,1.0039772727272727,31.0,0.0,0.0
007390,네이처셀,36250,36600,35300,35700,1478907,52977417500,670.0,0.0,0.0,0.0,0.0,0.0
033640,네패스,8130,8490,8100,8450,216248,1794474890,5994.0,9.77,1.4104143205705706,865.0,0.0,0.0
087730,네패스신소재,20900,20900,19950,19950,74303,1508628200,4998.0,0.0,0.0,0.0,0.0,0.0
073070,넥센테크,7050,7560,7020,7120,2694857,19616769840,672.0,97.5,10.591517857142858,73.0,0.35,25.0
081970,넥스지,0,0,0,10450,0,0,6184.0,130.6,1.6898447606727038,80.0,0.0,0.0
089140,넥스턴,12750,13100,12650,12750,43894,564365950,7588.0,6.3,1.680651192672641,2024.0,1.18,150.0
065170,넥스트BT,2995,3060,2920,3005,695581,2073832965,605.0,0.0,0.0,0.0,0.0,0.0
139670,넥스트리밍,3875,3880,3835,3870,9766,37740115,2556.0,0.0,0.0,0.0,0.0,0.0
137940,넥스트아이,3810,3890,3735,3825,371625,1417758450,1011.0,85.0,3.7833827893175074,45.0,0.39,15.0
092600,넥스트칩,6520,6630,6410,6540,22109,144247740,4141.0,77.9,1.5796908959188602,84.0,0.0,0.0
041140,넥슨지티,11350,11800,11200,11750,368717,4273798300,3934.0,25.94,2.9867024656837824,453.0,0.0,0.0
217270,넵튠,13200,13400,13050,13050,69568,920527850,2280.0,0.0,0.0,0.0,0.0,0.0
225570,넷게임즈,0,0,0,3700,0,0,1858.0,246.6,1.9910522066738428,15.0,0.0,0.0
144510,녹십자랩셀,66500,69500,66400,66700,441248,30023321500,4557.0,274.5,14.637590520079,243.0,0.11,75.0
031390,녹십자셀,57300,58300,57000,57300,97181,5588198700,3351.0,0.0,0.0,0.0,0.09,50.0
142280,녹십자엠에스,13050,13250,12850,12950,33608,437495450,2808.0,0.0,0.0,0.0,0.0,0.0
065560,녹원씨엔아이,13000,14000,12850,13450,307631,4169672200,1432.0,0.0,0.0,0.0,0.0,0.0
054050,농우바이오,18050,18200,17350,17600,215950,3839048000,11735.0,0.0,0.0,0.0,0.0,0.0
040160,누리텔레콤,8910,9210,8890,9170,50735,460355300,4559.0,16.55,2.0107411164729108,554.0,0.0,0.0
069140,누리플랜,7400,8990,7380,8350,3210027,26393059280,4357.0,16.31,1.916915308698646,512.0,0.0,0.0
126870,뉴로스,8130,8450,8050,8300,829578,6892723340,3499.0,105.06,2.3720884538439555,79.0,0.0,0.0
060260,뉴보텍,0,0,0,1715,0,0,666.0,68.6,2.5760135135135136,25.0,0.0,0.0
012340,뉴인텍,1145,1145,1120,1125,184415,208251975,389.0,0.0,0.0,0.0,0.0,0.0
222040,뉴트리바이오텍,28900,29500,27550,28150,416645,11834806050,3952.0,33.72,7.124280427631579,835.0,0.0,0.0
144960,뉴파워프라즈마,27800,28000,26950,27000,30169,825012750,12298.0,16.02,2.194367224345422,1685.0,0.48,130.0
900100,뉴프라이드,3220,3265,3110,3125,2461105,7847803275,,,,,,
085670,뉴프렉스,5580,5620,5300,5360,160306,870408910,3218.0,0.0,0.0,0.0,0.0,0.0
119860,다나와,18450,18600,17800,17950,67873,1233419100,4985.0,25.56,3.5997743229689068,702.0,1.67,300.0
064260,다날,4910,5030,4910,4925,458786,2274763705,3023.0,0.0,0.0,0.0,0.0,0.0
093640,다믈멀티미디어,5840,5960,5690,5760,114583,664921480,1240.0,443.0,4.644354838709678,13.0,0.0,0.0
039560,다산네트웍스,6500,6550,6380,6490,164376,1062939250,5268.0,0.0,0.0,0.0,0.0,0.0
032190,다우데이타,12150,12450,12050,12250,148811,1828564000,11332.0,20.2,1.0804000838333923,606.0,0.82,100.0
068240,다원시스,16800,17700,16500,17150,492812,8423851650,5675.0,57.94,3.0219383259911896,296.0,0.29,50.0
020400,대동금속,53300,53300,50500,51500,2071,107114900,54896.0,0.0,0.0,0.0,0.49,250.0
008830,대동기어,29300,29300,28100,28300,1545,43886900,66574.0,0.0,0.0,0.0,0.71,200.0
048470,대동스틸,7970,8510,7500,8000,863171,6985026640,5853.0,18.39,1.3668070861096873,435.0,0.63,50.0
004780,대륙제관,6610,6700,6600,6680,27236,181165620,5864.0,7.32,1.138493349249659,912.0,1.8,120.0
017650,대림제지,2415,2690,2415,2615,1511116,3854241385,2190.0,6.94,1.1949361444063926,377.0,0.0,0.0
007720,대명코퍼레이션,3640,3720,3605,3705,561298,2062925355,965.0,0.0,0.0,0.0,0.0,0.0
078140,대봉엘에스,11900,11900,11600,11650,68580,802128950,5675.0,15.39,2.052987334801762,757.0,0.43,50.0
036480,대성미생물,0,0,0,239300,0,0,76346.0,20.23,3.13483597699945,11828.0,0.42,1000.0
025440,대성엘텍,1430,1460,1425,1425,75219,108196385,496.0,71.25,2.872983870967742,20.0,0.0,0.0
027830,대성창투,2855,2975,2805,2845,2051322,5917342825,1258.0,49.06,2.262023052464229,58.0,1.05,30.0
104040,대성파인텍,2500,2645,2450,2495,3762938,9576686185,1482.0,17.45,1.6840734649122806,143.0,0.0,0.0
253590,대신밸런스제3호스팩,1995,1995,1995,1995,702,1400490,0.0,0.0,0.0,0.0,0.0,0.0
262830,대신밸런스제4호스팩,2005,2005,2005,2005,765,1533825,0.0,0.0,0.0,0.0,0.0,0.0
020180,대신정보통신,1180,1215,1175,1180,529708,631583505,616.0,27.44,1.9152800324675325,43.0,1.27,15.0
045390,대아티아이,3225,3955,3110,3900,81912475,303864606520,1138.0,26.17,3.4267217706502637,149.0,0.0,0.0
108380,대양전기공업,13050,13250,12850,12900,24291,314779350,17947.0,7.43,0.7190821411656544,1737.0,0.0,0.0
006580,대양제지,3100,3180,2980,3145,268201,834224905,3200.0,21.11,0.9829052734375,149.0,0.0,0.0
007680,대원,11700,11900,11650,11800,19302,226325050,21749.0,3.12,0.5425402999850568,3783.0,0.0,0.0
048910,대원미디어,9530,9630,9430,9530,127017,1208563570,4616.0,0.0,0.0,0.0,0.0,0.0
005710,대원산업,7220,7260,7190,7230,14427,104085530,11060.0,3.38,0.653551296903255,2138.0,1.38,100.0
071460,대유위니아,4300,4370,4220,4290,145106,622380460,2719.0,51.7,1.5778089371092314,83.0,0.0,0.0
120240,대정화금,16050,16300,15700,15700,36668,582041450,14239.0,12.62,1.1023092387105835,1244.0,1.59,250.0
003310,대주산업,1810,1820,1775,1780,559797,1002352905,1370.0,32.38,1.2997262773722629,55.0,1.4,25.0
078600,대주전자재료,20650,21400,20150,20650,406840,8459161050,4314.0,308.2,4.787378303198888,67.0,0.0,0.0
065690,대진디엠피,4365,4470,4345,4430,80125,351502595,6437.0,21.5,0.6880534410439646,206.0,0.0,0.0
096350,대창솔루션,3300,3625,3235,3530,1759187,6062656115,4367.0,0.0,0.0,0.0,0.0,0.0
140520,대창스틸,5110,5340,4700,5270,1668882,8571723130,6031.0,0.0,0.0,0.0,2.85,150.0
131220,대한과학,5950,6250,5900,6230,239402,1466803250,3257.0,24.44,1.9132829290758366,255.0,0.64,40.0
010170,대한광통신,6580,6830,6490,6800,908774,6050377730,1240.0,0.0,0.0,0.0,0.0,0.0
054670,대한뉴팜,17400,17700,16900,17200,647240,11202452400,4960.0,0.0,0.0,0.0,0.29,50.0
023910,대한약품,46600,46700,44600,44950,25523,1165080050,15491.0,15.27,2.901667197889097,2943.0,0.49,220.0
021040,대호피앤씨,2160,2205,2115,2180,372877,804877785,682.0,21.17,3.1975119134897363,103.0,0.0,0.0
021045,대호피앤씨우,1725,1860,1635,1635,171794,292669720,0.0,0.0,0.0,0.0,0.0,0.0
067080,대화제약,32250,32400,31450,31800,176426,5627841950,3630.0,150.8,8.762603305785124,211.0,0.31,100.0
192080,더블유게임즈,62800,62800,61000,62800,86298,5350100000,22007.0,21.27,2.852552596900986,2952.0,1.04,650.0
035290,더블유에프엠,5260,5260,4800,4885,484567,2415173830,712.0,244.2,6.860955056179775,20.0,0.0,0.0
213420,덕산네오룩스,15600,15650,15300,15450,87330,1344172600,4528.0,79.25,3.4129306537102475,195.0,0.0,0.0
077360,덕산하이메탈,7140,7260,7070,7070,34421,245806940,7546.0,0.0,0.0,0.0,0.0,0.0
090410,덕신하우징,1850,1875,1830,1875,526449,974171600,1362.0,0.0,0.0,0.0,0.0,0.0
263600,덕우전자,13850,13900,13550,13650,41695,572595850,6653.0,7.63,2.052569094769277,1790.0,0.0,0.0
194480,데브시스터즈,15400,15950,15300,15650,10079,156503700,13296.0,0.0,0.0,0.0,0.0,0.0
263800,데이타솔루션,4225,4520,4225,4335,190350,840316665,1476.0,13.5,2.9359756097560976,321.0,0.0,0.0
139050,데일리블록체인,4020,4210,3925,3955,876390,3553486065,1544.0,0.0,0.0,0.0,0.0,0.0
017680,데코앤이,807,814,780,785,1803080,1429922638,479.0,0.0,0.0,0.0,0.0,0.0
206560,덱스터,9990,10050,9810,9810,194642,1924465470,3604.0,40.53,2.721576720310766,242.0,0.0,0.0
067990,도이치모터스,6660,6930,6560,6710,615108,4157736380,2496.0,0.0,0.0,0.0,0.0,0.0
006620,동구바이오제약,33950,33950,33250,33550,83345,2794608700,3229.0,17.92,10.390136265097553,1872.0,0.0,0.0
100130,동국S&C,4925,4935,4845,4905,127604,623941800,4662.0,16.97,1.0519023487773487,289.0,2.45,120.0
005160,동국산업,3810,3835,3790,3800,46129,176106650,6611.0,7.92,0.5751777340795644,480.0,3.95,150.0
075970,동국알앤에스,2615,2630,2580,2620,161011,419183800,3913.0,25.19,0.6694352159468439,104.0,3.05,80.0
086450,동국제약,71100,72200,70600,71700,7142,508008100,26689.0,15.5,2.6866124620630223,4626.0,0.56,400.0
099410,동방선기,2380,2420,2275,2305,309421,719625340,2758.0,0.0,0.0,0.0,0.0,0.0
226440,동부스팩3호,2320,2345,2220,2280,137176,312349735,1966.0,285.0,1.1597151576805698,8.0,0.0,0.0
281740,동부스팩5호,1990,2000,1990,1990,708,1410920,0.0,0.0,0.0,0.0,0.0,0.0
230490,동부제4호스팩,2025,2025,2020,2020,11618,23518480,1973.0,336.8,1.0240750126710594,6.0,0.0,0.0
033500,동성화인텍,6630,6670,6540,6610,86159,568621570,4432.0,18.06,1.4916234205776173,366.0,1.97,130.0
025950,동신건설,11400,11500,10750,11100,376291,4168518600,9200.0,16.06,1.2064334239130434,691.0,0.9,100.0
088130,동아엘텍,10550,10600,10350,10450,30054,313904800,10022.0,4.61,1.0421915535821193,2266.0,1.24,130.0
041930,동아화성,4490,4500,4405,4405,79178,350833005,5730.0,4.62,0.7685693444589878,953.0,2.27,100.0
060380,동양에스텍,3435,3470,3405,3440,30269,104174285,5032.0,8.19,0.6833763910969793,420.0,2.91,100.0
079960,동양이엔피,11300,11700,11300,11550,5292,60693050,24198.0,5.71,0.4774455146086453,2023.0,2.6,300.0
228340,동양파일,5300,5410,5270,5380,107801,577460120,7185.0,3.59,0.7484461986778009,1498.0,4.65,250.0
104460,동양피엔에프,3985,3985,3800,3830,25487,98254435,5403.0,0.0,0.0,0.0,2.61,100.0
088910,동우팜투테이블,4155,4205,4120,4135,135469,562663775,6269.0,7.27,0.6598122956213112,569.0,0.0,0.0
094170,동운아나텍,14950,14950,14000,14200,86845,1232733500,5011.0,67.3,2.8343519257633205,211.0,0.21,30.0
013120,동원개발,4795,4835,4725,4790,84701,405054515,5553.0,4.44,0.8630069050513236,1079.0,2.92,140.0
109860,동일금속,9220,9320,9110,9200,3017,27738490,14437.0,16.77,0.6375513004779386,549.0,1.09,100.0
032960,동일기연,13250,13400,13200,13200,1160,15464400,9516.0,9.09,1.3875709331651955,1452.0,0.27,35.0
023790,동일철강,3870,4030,3810,3850,7892,30428135,6203.0,0.0,0.0,0.0,0.0,0.0
005290,동진쎄미켐,14450,14550,14050,14350,306233,4373716500,4010.0,26.1,3.5789432668329177,550.0,0.42,60.0
025900,동화기업,34900,34900,34100,34350,20551,706218000,32067.0,11.6,1.0709023294976143,2960.0,0.87,300.0
078590,두올산업,2240,2295,2195,2215,112403,251070670,1110.0,11.42,1.9962556306306307,194.0,0.0,0.0
073190,듀오백,2390,2405,2360,2390,15858,37701920,2668.0,0.0,0.0,0.0,0.0,0.0
030350,드래곤플라이,6050,6340,5980,6280,890359,5513955960,2221.0,0.0,0.0,0.0,0.0,0.0
203650,드림시큐리티,7950,8050,7290,7290,974456,7426646540,1915.0,0.0,0.0,0.0,0.0,0.0
217620,디딤,2025,2100,2025,2090,9011,18708405,1924.0,104.5,1.0862785862785862,20.0,0.0,0.0
187870,디바이스이엔지,9400,9420,9150,9210,28650,264081910,4761.0,11.03,1.9346972799831967,835.0,0.0,0.0
066670,디스플레이텍,4090,4120,3995,4010,94365,380594045,7729.0,17.73,0.5185623948764394,226.0,1.25,50.0
214680,디알텍,2445,2800,2360,2360,18896216,49939761445,678.0,0.0,0.0,0.0,0.0,0.0
263720,디앤씨미디어,16400,16400,15650,15750,196961,3149558000,791.0,43.75,19.911504424778762,360.0,0.0,0.0
109740,디에스케이,0,0,0,7180,0,0,4339.0,16.97,1.6542478105554275,423.0,0.7,50.0
033430,디에스티,7550,9810,7550,8500,4145796,37829608910,2615.0,0.0,0.0,0.0,0.0,0.0
090710,디에스티로봇,1775,1795,1750,1770,1406336,2492261450,273.0,76.94,6.48191391941392,23.0,0.0,0.0
131030,디에이치피코리아,12150,12150,11500,11750,406688,4756888850,4543.0,16.69,2.585956416464891,704.0,0.85,100.0
196490,디에이테크놀로지,17050,17750,16500,16550,525257,8985734150,5845.0,25.08,2.8317472198460223,660.0,0.6,100.0
066900,디에이피,3630,3670,3560,3570,56800,204743340,3936.0,27.25,0.9069486788617886,131.0,0.0,0.0
127120,디엔에이링크,7150,7500,7150,7500,189367,1390450150,289.0,0.0,0.0,0.0,0.0,0.0
092070,디엔에프,12300,12350,12000,12100,32161,389467450,6610.0,12.36,1.8305337556732224,979.0,0.0,0.0
101000,디엠씨,1670,1670,1515,1535,4327061,6872069030,1757.0,4.26,0.8732036141149687,360.0,1.3,20.0
134580,디엠티,3700,3850,3545,3620,640984,2343192405,3712.0,0.0,0.0,0.0,0.0,0.0
039840,디오,42050,42650,41650,42650,30865,1300569100,7222.0,31.38,5.903991276654667,1359.0,0.0,0.0
079810,디이엔티,3795,4060,3795,3900,75184,294119305,2514.0,0.0,0.0,0.0,0.0,0.0
113810,디젠스,1840,1880,1750,1765,1414585,2534711005,1528.0,16.66,1.155472840314136,106.0,0.0,0.0
043360,디지아이,3345,3475,3300,3460,83909,285405640,5396.0,0.0,0.0,0.0,1.45,50.0
106520,디지탈옵틱,2550,2580,2110,2115,6513196,14909478035,3084.0,0.0,0.0,0.0,0.0,0.0
068930,디지털대성,4605,4635,4515,4595,54400,250009130,2908.0,12.55,1.5791458906464924,366.0,3.48,160.0
033130,디지틀조선,2335,2375,2330,2345,266123,626060020,1764.0,18.77,1.329763676303855,125.0,1.71,40.0
033310,디케이디앤아이,2275,2285,2210,2245,59098,133128380,2037.0,10.02,1.102233676975945,224.0,0.0,0.0
105740,디케이락,7050,7750,6910,7480,503150,3688736000,9863.0,22.53,0.7584279630943932,332.0,1.34,100.0
187220,디티앤씨,11600,11650,11400,11550,83878,967771250,7158.0,47.72,1.6132910729253982,242.0,0.0,0.0
131180,딜리,2720,2760,2665,2685,309097,835160475,1890.0,18.78,1.4210152116402117,143.0,1.86,50.0
042510,라온시큐어,3915,3960,3865,3875,367530,1435313665,390.0,71.75,9.934615384615384,54.0,0.0,0.0
050120,라이브플렉스,1370,1440,1355,1375,4015370,5599433485,861.0,5.04,1.5977515243902438,273.0,0.0,0.0
171120,라이온켐텍,12900,13050,12250,12250,116947,1468405950,6936.0,11.17,1.7669473579873125,1097.0,1.63,200.0
069540,라이트론,8600,8640,8340,8430,58578,496760970,5786.0,86.0,1.4566194262011753,98.0,0.0,0.0
171010,램테크놀러지,5230,5230,5060,5120,33310,171096330,1499.0,0.0,0.0,0.0,0.0,0.0
084650,랩지노믹스,12400,12400,11750,11900,124737,1490616200,2934.0,140.0,4.055896387184731,85.0,0.0,0.0
141080,레고켐바이오,60500,61600,57500,59200,90707,5365607300,6042.0,0.0,0.0,0.0,0.0,0.0
060300,레드로버,3385,3440,3250,3425,685517,2296825490,3395.0,180.2,1.0087628865979381,19.0,0.0,0.0
038390,레드캡투어,16750,17100,16600,17050,13882,235847700,15805.0,12.32,1.0788555836760518,1384.0,3.52,600.0
228850,레이언스,19700,19700,19100,19350,18948,365190950,9971.0,20.52,1.9402501629726205,943.0,1.55,300.0
047440,레이젠,0,0,0,925,0,0,1991.0,0.0,0.0,0.0,0.0,0.0
238120,로고스바이오,16650,16900,16550,16800,14428,240875050,6790.0,0.0,0.0,0.0,0.0,0.0
215100,로보로보,3330,3330,3170,3200,107412,347727970,1992.0,200.0,1.606425702811245,16.0,0.0,0.0
090360,로보스타,19400,20400,19350,20150,158624,3185989750,5612.0,23.31,3.589094796863863,864.0,0.25,50.0
900260,로스웰,1950,1975,1935,1945,352111,687279800,,,,,,
067730,로지시스,3350,3420,3310,3365,31568,106077470,1750.0,54.28,1.923107142857143,62.0,1.78,60.0
071280,로체시스템즈,4555,4555,4485,4485,30839,139230345,3676.0,14.28,1.2198891458106638,314.0,1.11,50.0
038060,루멘스,4185,4250,4115,4155,550001,2301982700,4588.0,0.0,0.0,0.0,0.0,0.0
082800,루미마이크로,1320,1345,1270,1285,352923,457460005,599.0,0.0,0.0,0.0,0.0,0.0
085370,루트로닉,19100,19100,18600,18900,121916,2290624600,5408.0,68.5,3.4959319526627217,276.0,0.4,75.0
08537M,루트로닉3우C,25500,25500,24450,25400,3,75350,0.0,0.0,0.0,0.0,0.07,18.0
060240,룽투코리아,6170,6320,6150,6240,68717,427389290,2203.0,61.2,2.8330118020880617,102.0,0.0,0.0
058470,리노공업,57600,58800,57600,58800,28966,1691894400,13182.0,25.1,4.460222746927629,2343.0,1.53,900.0
039980,리노스,2840,3240,2745,2960,12440458,37891430610,1820.0,37.94,1.6258928571428573,78.0,1.01,30.0
016100,리더스코스메틱,21950,22300,21450,22300,134391,2938159950,4994.0,81.7,4.465496095314378,273.0,0.0,0.0
197210,리드,3270,3400,3245,3330,2294884,7615340210,345.0,370.0,9.652173913043478,9.0,0.0,0.0
012700,리드코프,6690,6710,6580,6580,26007,172959890,10644.0,5.32,0.6183038859921083,1237.0,2.28,150.0
131100,리켐,0,0,0,2900,0,0,1253.0,0.0,0.0,0.0,0.0,0.0
277070,린드먼아시아,8410,8530,8150,8150,246864,2045580950,0.0,0.0,0.0,0.0,0.0,0.0
042500,링네트,4020,4100,4010,4040,78066,315800480,3427.0,16.48,1.1784861030055442,245.0,0.0,0.0
219420,링크제니시스,10400,10550,10000,10050,202017,2044564750,1033.0,39.88,9.727492739593417,252.0,0.0,0.0
098120,마이크로컨텍솔,4045,4080,4015,4035,30685,124247455,4885.0,0.0,0.0,0.0,0.5,20.0
147760,마이크로프랜드,8060,8180,8060,8080,25326,205564370,3963.0,15.1,2.0386918843048196,535.0,0.0,0.0
035480,마제스타,0,0,0,1475,0,0,1254.0,0.0,0.0,0.0,0.0,0.0
038290,마크로젠,45050,45350,44000,45150,163028,7269896400,9202.0,92.7,4.90532628776353,487.0,0.0,0.0
267980,매일유업,78700,82600,75000,76000,170489,13375558400,0.0,0.0,0.0,0.0,0.0,0.0
005990,매일홀딩스,14700,16200,14700,15500,233621,3643393700,27572.0,5.21,0.5622566031662556,2975.0,1.61,250.0
127160,매직마이크로,5600,6030,5590,5970,588254,3445368300,1069.0,0.0,0.0,0.0,0.0,0.0
093520,매커스,4405,4480,4380,4435,123820,547595210,2560.0,40.7,1.7323974609375,109.0,2.25,100.0
141070,맥스로텍,1745,1855,1730,1790,1403737,2518427260,1356.0,0.0,0.0,0.0,0.0,0.0
067280,멀티캠퍼스,33100,33200,32700,32900,1164,38387200,12834.0,15.12,2.5631136044880787,2176.0,0.76,250.0
072870,메가스터디,37650,38600,37650,37950,1708,64924550,60405.0,0.0,0.0,0.0,1.84,700.0
215200,메가스터디교육,128500,131500,125500,129900,5555,719007100,73775.0,95.56,1.7603447983734328,1359.0,0.77,1000.0
133750,메가엠디,2825,2835,2760,2820,575385,1608631770,2819.0,30.98,1.000205081589216,91.0,3.55,100.0
041920,메디아나,10900,10950,10650,10950,86220,931421400,4942.0,11.81,2.2157400849858355,927.0,0.0,0.0
086900,메디톡스,695000,695000,674000,687500,18718,12743852200,26108.0,61.75,26.32913283284817,11132.0,0.29,2000.0
078160,메디포스트,133900,135000,131100,132400,73405,9747499600,18237.0,0.0,0.0,0.0,0.0,0.0
065650,메디프론,7570,7640,7370,7420,712672,5306105860,934.0,0.0,0.0,0.0,0.0,0.0
021880,메이슨캐피탈,527,543,527,539,608529,325606118,426.0,0.0,0.0,0.0,0.0,0.0
140410,메지온,60300,61200,58100,59000,47728,2823167300,6473.0,0.0,0.0,0.0,0.0,0.0
241770,메카로,36650,36750,35500,36000,28008,1006912400,3034.0,96.5,11.863711272247858,373.0,0.0,0.0
059210,메타바이오메드,5590,5700,5500,5650,1715023,9622130500,2358.0,188.4,2.3966284987277353,30.0,0.18,10.0
058110,멕아이씨에스,6230,6430,6210,6340,48111,302471200,1836.0,0.0,0.0,0.0,0.0,0.0
096640,멜파스,4135,4135,4000,4045,48200,195941225,4462.0,57.78,0.9064741147467503,70.0,0.0,0.0
149940,모다,0,0,0,7870,0,0,2389.0,0.0,0.0,0.0,0.0,0.0
080420,모다이노칩,9490,9710,9430,9570,47960,457521770,6217.0,10.33,1.538337421585974,926.0,0.0,0.0
080160,모두투어,35200,36000,35000,35900,126710,4524722800,5474.0,37.62,6.557225063938619,954.0,1.67,600.0
100030,모바일리더,10950,11000,10650,10800,8534,92460100,9067.0,415.5,1.191463549134223,26.0,0.0,0.0
087260,모바일어플라이언스,6910,6980,6880,6910,70298,486929480,1466.0,17.95,4.714838420873124,385.0,0.0,0.0
101330,모베이스,4830,4880,4745,4745,98818,471297470,8569.0,3.59,0.5534115525440542,1321.0,4.21,200.0
250060,모비스,2150,2150,1980,2115,662456,1357051270,1879.0,0.0,0.0,0.0,0.0,0.0
033200,모아텍,4510,4695,4505,4625,4138,19143995,5125.0,0.0,0.0,0.0,0.0,0.0
118990,모트렉스,32900,33800,32750,33300,16587,547760000,16373.0,6.13,2.0322379546356806,5429.0,0.0,0.0
006920,모헨즈,8570,8780,8200,8400,441409,3752686360,1724.0,73.7,4.872607308584687,114.0,0.0,0.0
001810,무림SP,3265,3265,3185,3210,32889,105768175,8266.0,27.44,0.3883604524558432,117.0,0.93,30.0
161570,미동앤씨네마,4685,4730,4615,4650,21479,99684695,3581.0,0.0,0.0,0.0,0.0,0.0
028040,미래SCI,6450,6960,5840,6900,1346035,8974673170,890.0,0.0,0.0,0.0,0.0,0.0
095500,미래나노텍,4285,4295,4210,4225,36461,154776620,5825.0,86.25,0.7255364806866953,49.0,0.0,0.0
218150,미래생명자원,4100,4140,4030,4085,76069,309840010,1996.0,240.2,2.0462174348697393,17.0,0.0,0.0
265480,미래에셋대우스팩1호,2020,2020,2015,2020,21644,43717840,0.0,0.0,0.0,0.0,0.0,0.0
239340,미래에셋제5호스팩,2020,2030,2015,2030,4576,9243520,1934.0,2030.0,1.049638055842813,1.0,0.0,0.0
049950,미래컴퍼니,159600,159600,147700,149800,52151,7905805900,9072.0,142.2,16.511160714285715,1053.0,0.11,170.0
213090,미래테크놀로지,10950,11050,10700,10750,4817,52012700,8357.0,14.53,1.2867207131745841,740.0,0.93,100.0
207760,미스터블루,3305,4270,3305,3830,11223841,44713078040,1099.0,22.66,3.4839911282984533,169.0,0.65,25.0
059090,미코,4985,5040,4910,4930,319121,1586082945,2148.0,100.6,2.295449255121043,49.0,0.0,0.0
201490,미투온,8790,8970,8660,8690,650266,5726697600,1510.0,69.0,5.757615894039735,126.0,0.0,0.0
214180,민앤지,0,0,0,24150,0,0,5710.0,25.58,4.228677758318739,944.0,1.86,450.0
206640,바디텍메드,18300,18500,18000,18350,89312,1630417250,3236.0,33.4,5.667500386279357,549.0,0.54,100.0
018700,바른손,3965,3980,3790,3790,162077,626502395,2787.0,0.0,0.0,0.0,0.0,0.0
035620,바른손이앤에이,1880,1955,1870,1955,763115,1470948595,489.0,4.56,3.999257093558282,429.0,0.0,0.0
064520,바른전자,1375,1415,1375,1405,534830,742864525,996.0,52.03,1.4104856927710843,27.0,0.0,0.0
029480,바른테크놀로지,922,945,920,944,78564,73332213,357.0,236.0,2.6442577030812324,4.0,0.0,0.0
053030,바이넥스,15900,15900,15450,15800,536795,8418406750,4576.0,0.0,0.0,0.0,0.0,0.0
084990,바이로메드,220800,223800,220000,223000,116956,25995335100,13815.0,5868.0,16.14071661237785,38.0,0.0,0.0
064550,바이오니아,13300,13500,13050,13150,117686,1546318500,1508.0,0.0,0.0,0.0,0.0,0.0
222810,바이오닉스진,11600,11850,9870,10650,1533417,16390623550,931.0,0.0,0.0,0.0,0.0,0.0
208710,바이오로그디바이스,2455,2475,2420,2435,147583,360859045,1336.0,9.9,1.822616485778443,246.0,0.0,0.0
142760,바이오리더스,21300,22550,20850,22100,703327,15220726300,1413.0,0.0,0.0,0.0,0.0,0.0
065940,바이오빌,4110,4200,3925,4065,451608,1824262285,3350.0,0.0,0.0,0.0,0.0,0.0
038460,바이오스마트,5980,6030,5930,6030,131244,785708860,3396.0,167.5,1.7756183745583038,36.0,0.0,0.0
044480,바이오제네틱스,15750,15850,15300,15800,43989,688734900,2615.0,0.0,0.0,0.0,0.0,0.0
086040,바이오톡스텍,20200,21000,19950,21000,185395,3806152450,1701.0,287.8,12.349059376837154,73.0,0.0,0.0
032980,바이온,3400,3485,3270,3285,956268,3192316005,1015.0,0.0,0.0,0.0,0.0,0.0
043150,바텍,40600,41800,40350,41600,108147,4480965800,9884.0,24.95,4.208504590752732,1667.0,0.24,100.0
267790,배럴,19350,19550,18700,19150,163786,3125617600,1565.0,28.12,12.238418530351439,681.0,0.0,0.0
046310,백금T&A,3310,3365,3290,3340,263047,876360880,2043.0,0.0,0.0,0.0,0.0,0.0
036620,버추얼텍,1880,1885,1780,1810,489364,897592390,650.0,3.3,2.7828125,548.0,0.0,0.0
177350,베셀,5830,5890,5790,5810,27941,162659550,3787.0,15.33,1.5340267692104568,379.0,1.72,100.0
225530,보광산업,5700,5810,5630,5730,40990,233540640,1583.0,19.36,3.619946304485155,296.0,5.24,300.0
250000,보라티알,13800,13900,13550,13600,29034,396503750,2285.0,8.23,5.947606673960613,1652.0,0.0,0.0
014100,보령메디앙스,15300,15550,14900,15000,207582,3131291400,3538.0,65.25,4.241803278688525,230.0,0.0,0.0
006910,보성파워텍,4230,4380,4145,4205,4703163,20048466390,2044.0,382.2,2.057118395303327,11.0,0.0,0.0
014470,부방,3070,3085,3045,3070,58642,179747080,3320.0,14.83,0.9245246611445783,207.0,0.0,0.0
008470,부스타,5790,5920,5680,5830,60704,352731700,7846.0,7.82,0.7435576249044099,746.0,1.72,100.0
100120,뷰웍스,39650,40250,39500,40250,16484,657863800,11032.0,14.9,3.6476323139503264,2701.0,0.5,200.0
066980,브레인콘텐츠,1000,1005,976,978,1040927,1023004393,694.0,37.62,1.4095821325648414,26.0,0.0,0.0
064480,브리지텍,4505,4660,4470,4640,81497,373826435,4109.0,6.99,1.1292817595522024,664.0,4.31,200.0
251630,브이원텍,29500,29800,28700,28750,16077,465370600,4130.0,20.03,6.960010593220339,1435.0,0.0,0.0
033560,블루콤,6050,6090,6020,6070,13735,83001020,8991.0,4.9,0.6755714047380714,1240.0,0.82,50.0
121800,비덴트,18700,19550,18250,18500,625845,11822421400,3718.0,0.0,0.0,0.0,0.0,0.0
148140,비디아이,13050,14600,12900,13300,509520,6997180950,4147.0,14.0,3.2071376898963107,950.0,0.0,0.0
200780,비씨월드제약,30700,31400,29950,30700,82731,2542229450,9154.0,36.12,3.3544079091107712,850.0,0.33,100.0
141000,비아트론,14850,14850,14400,14450,47201,684534200,8178.0,12.95,1.767631144534116,1116.0,0.69,100.0
090460,비에이치,23200,23200,22050,22200,480718,10843673600,3391.0,0.0,0.0,0.0,0.0,0.0
083650,비에이치아이,5230,5240,5060,5080,205248,1049848230,3835.0,12.76,1.3240180899608867,398.0,0.0,0.0
086670,비엠티,9150,9400,9080,9390,25926,240640740,6921.0,0.0,0.0,0.0,1.06,100.0
138580,비즈니스온,14550,15350,14300,15350,150898,2249185750,1286.0,44.38,11.939152410575428,346.0,0.0,0.0
082920,비츠로셀,0,0,0,14500,0,0,5454.0,14.06,2.658312706270627,1031.0,0.0,0.0
054220,비츠로시스,1695,1780,1635,1725,4290026,7407573320,1600.0,63.88,1.077890625,27.0,0.0,0.0
042370,비츠로테크,7450,7520,7330,7440,81678,608248080,5617.0,4.47,1.3238383478725297,1664.0,0.0,0.0
032850,비트컴퓨터,6130,6200,6110,6150,70615,434255170,2475.0,18.75,2.484848484848485,328.0,1.19,73.0
093190,빅솔론,6150,6170,6050,6120,49068,298699580,6202.0,7.36,0.9872621734924218,832.0,4.9,300.0
065450,빅텍,3145,3145,3010,3010,1066572,3267128410,1439.0,0.0,0.0,0.0,0.0,0.0
072950,빛샘전자,7160,7470,6970,7280,219446,1590868890,8424.0,14.56,0.8643459164292497,500.0,1.37,100.0
143240,사람인에이치알,20950,21150,20450,20800,55681,1160570400,6339.0,21.95,3.2796354906136616,947.0,0.58,120.0
123260,사파이어테크놀로지,2170,2185,2100,2140,156312,334636900,2042.0,0.0,0.0,0.0,0.0,0.0
100090,삼강엠앤티,6030,6080,5880,5940,77659,463569840,4331.0,27.62,1.3713634264604018,215.0,0.0,0.0
122350,삼기오토모티브,3305,3370,3255,3355,272716,904899350,3624.0,8.26,0.9251302083333334,406.0,2.68,90.0
014970,삼륭물산,7250,7540,6680,7530,879113,6417503660,4362.0,11.99,1.7265230972031178,628.0,0.66,50.0
018310,삼목에스폼,14400,14700,14000,14100,286345,4103923150,19672.0,4.36,0.716221024806832,3232.0,0.71,100.0
053700,삼보모터스,10150,10350,10100,10300,176816,1807985850,13782.0,7.72,0.7471203381221884,1334.0,0.68,70.0
009620,삼보산업,7070,7220,6950,7110,65307,460582590,7873.0,0.0,0.0,0.0,0.0,0.0
023600,삼보판지,10350,11050,10300,10850,201751,2182735500,18093.0,5.15,0.5995555083457691,2107.0,0.46,50.0
111870,삼본정밀전자,9740,9740,9480,9640,26935,258591880,8968.0,12.42,1.0748634032114184,776.0,4.15,400.0
009300,삼아제약,24150,24350,23550,24250,41688,999895900,23378.0,15.0,1.0375139019591069,1617.0,1.03,250.0
225190,삼양옵틱스,17850,17900,17550,17850,18259,324388000,3395.0,11.18,5.2588986561119295,1597.0,5.6,1000.0
054540,삼영엠텍,4430,4435,4320,4325,441458,1930365545,5613.0,19.48,0.7706273383217531,222.0,2.08,90.0
065570,삼영이엔씨,7640,7690,7600,7660,22818,174094690,9614.0,9.86,0.79683111868109,777.0,3.33,255.0
082660,삼우엠스,855,869,845,856,317421,270568735,2864.0,0.0,0.0,0.0,0.0,0.0
073640,삼원테크,1330,1330,1280,1315,110462,144191390,248.0,0.0,0.0,0.0,0.0,0.0
032280,삼일,2420,2420,2340,2345,123949,292123200,3684.0,14.3,0.6364515472312704,164.0,2.13,50.0
002290,삼일기업공사,3660,3900,3620,3770,116723,437108345,4256.0,68.56,0.8860285479323309,55.0,2.39,90.0
037460,삼지전자,13850,13850,13300,13350,162641,2196419150,8939.0,8.87,1.4929094068128426,1505.0,0.0,0.0
032750,삼진,9350,9450,9330,9340,21078,197382110,10471.0,9.68,0.8920731962085761,965.0,1.28,120.0
054090,삼진엘앤디,2725,2780,2700,2720,255035,697663030,4292.0,0.0,0.0,0.0,0.0,0.0
000250,삼천당제약,48500,48550,47300,48200,240996,11549115950,5689.0,114.25,8.474863772191949,422.0,0.1,50.0
024950,삼천리자전거,9080,9400,9070,9170,40956,378708510,7672.0,14.79,1.1951536431178311,620.0,2.18,200.0
038500,삼표시멘트,5270,5440,4850,4860,2577122,13161598830,5558.0,10.38,0.8742634490824037,468.0,0.0,0.0
017480,삼현철강,5050,5270,4865,5100,924919,4679334525,8689.0,8.13,0.5868653973414663,627.0,2.94,150.0
046390,삼화네트웍스,1820,1840,1780,1780,432183,779087190,922.0,9.47,1.9307212581344901,188.0,0.0,0.0
027580,상보,1810,1850,1770,1785,572394,1027833755,2299.0,0.0,0.0,0.0,0.0,0.0
038540,상상인,21850,22350,21700,22000,343264,7571032300,4157.0,15.1,5.292994121361559,1457.0,0.0,0.0
091580,상신이디피,12350,12350,11650,12000,328899,3933302000,3254.0,0.0,0.0,0.0,0.42,50.0
263810,상신전자,18300,18550,17900,18050,31205,566538650,5631.0,11.08,3.2048065396909964,1629.0,2.18,394.0
089980,상아프론테크,16400,16500,16100,16150,86312,1401641300,7398.0,38.53,2.1822916666666665,419.0,0.87,140.0
042940,상지카일룸,2720,2760,2675,2690,246835,667298905,176.0,0.0,0.0,0.0,0.0,0.0
042600,새로닉스,5650,5700,5390,5680,13638,76032740,5630.0,6.34,1.0089698046181172,896.0,0.7,40.0
263540,샘코,7450,7500,7340,7350,34942,258217990,3566.0,20.19,2.0606421761076836,364.0,0.0,0.0
038070,서린바이오,14100,14450,13850,14250,126742,1795023750,7315.0,23.2,1.9476033834586466,614.0,0.91,130.0
006730,서부T&D,10950,11100,10600,10800,152800,1649699250,9724.0,177.0,1.110345536816125,61.0,0.93,100.0
079650,서산,5400,5580,5210,5240,1198966,6468848970,3501.0,11.94,1.4968758926021137,439.0,0.48,25.0
100660,서암기계공업,4110,4800,3980,4285,2619268,11739851065,4408.0,57.9,0.9721103675136116,74.0,1.17,50.0
012860,서연전자,2330,2350,2250,2265,124161,283031975,6346.0,3.79,0.35645608454144345,597.0,2.21,50.0
019770,서연탑메탈,4245,4300,4105,4105,75324,315430465,6465.0,0.0,0.0,0.0,0.97,40.0
043710,서울리거,4690,4850,4430,4780,392566,1805111680,1872.0,0.0,0.0,0.0,0.0,0.0
046890,서울반도체,19200,19250,18900,19000,246615,4690587450,10344.0,30.34,1.8363483662026296,626.0,0.43,81.0
063170,서울옥션,9310,9490,9160,9240,49150,458605970,4228.0,24.12,2.185400898770104,383.0,1.08,100.0
027040,서울전자통신,1325,1345,1300,1320,265400,351330200,599.0,11.0,2.2036727879799667,120.0,0.0,0.0
018680,서울제약,13850,13850,13300,13450,76918,1039211400,5685.0,120.06,2.365347405452946,112.0,0.11,15.0
093920,서원인텍,6860,6970,6820,6930,36460,252263400,8861.0,6.74,0.7817349198736034,1028.0,9.52,660.0
189860,서전기전,8960,9250,8800,9050,131601,1189637760,6473.0,31.64,1.3979945543024872,286.0,1.22,110.0
178320,서진시스템,37250,37250,35600,35850,84371,3041197850,16853.0,6.69,2.1269722471518424,5357.0,0.0,0.0
122690,서진오토모티브,3650,3650,3585,3585,22480,80943145,6452.0,27.8,0.5557651697148172,129.0,0.84,30.0
140070,서플러스글로벌,4770,4795,4555,4580,253986,1179017880,1964.0,9.12,2.3303605524439917,502.0,1.53,70.0
011370,서한,2470,2495,2400,2440,458575,1117383070,2105.0,3.81,1.1603613049287411,641.0,1.23,30.0
065710,서호전기,16200,16400,15750,15900,20928,333126600,11141.0,8.92,1.4270515438470515,1782.0,4.4,700.0
035890,서희건설,1195,1200,1160,1175,1355090,1586532340,1369.0,6.68,0.8587472607742878,176.0,0.85,10.0
003100,선광,20600,20650,20200,20300,8125,165804550,45309.0,6.3,0.4479202014224547,3221.0,1.97,400.0
123420,선데이토즈,41450,43900,40550,43200,242480,10361128700,12455.0,26.9,3.469404857486953,1606.0,0.0,0.0
171090,선익시스템,19600,19900,19500,19500,16129,316328800,8863.0,4.13,2.2007168142841023,4724.0,0.0,0.0
014620,성광벤드,12250,12350,12100,12350,70626,867565650,16401.0,75.75,0.7528351929760381,163.0,1.21,150.0
037350,성도이엔지,7770,7770,7330,7450,205568,1538446630,11093.0,4.74,0.6714665216803389,1572.0,1.34,100.0
081580,성우전자,4015,4030,3985,4010,18412,73779730,6491.0,4.83,0.6173692420274226,830.0,2.49,100.0
045300,성우테크론,5410,5410,5140,5180,26713,139261000,3978.0,13.02,1.3029985231271997,398.0,0.0,0.0
015750,성우하이텍,5670,5770,5670,5770,130814,748043420,15545.0,10.43,0.3710271590543583,553.0,3.47,200.0
080470,성창오토텍,9720,9790,9450,9560,80674,770399840,5944.0,53.12,1.6087651413189772,180.0,0.0,0.0
043260,성호전자,1240,1240,1165,1190,947747,1135061900,1404.0,49.6,0.8477564102564102,24.0,0.0,0.0
053060,세동,1085,1135,1055,1105,238038,260021840,1238.0,0.0,0.0,0.0,0.0,0.0
017510,세명전기,7880,8670,7590,8230,2799882,23170813110,4157.0,39.75,1.9793721433726246,207.0,0.97,80.0
214310,세미콘라이트,2155,2370,2150,2310,1390130,3148879310,691.0,0.0,0.0,0.0,0.0,0.0
011560,세보엠이씨,12400,12550,12350,12550,36801,458117400,11092.0,8.85,1.1315827285430942,1418.0,1.59,200.0
100700,세운메디칼,4870,4885,4780,4785,144827,698427165,1669.0,24.8,2.867463675853805,193.0,0.73,35.0
234100,세원,23000,26400,22700,25800,198388,4879696250,6265.0,28.6,4.1167697525937745,902.0,0.0,0.0
024830,세원물산,7100,7100,6910,7100,2777,19467070,22187.0,15.74,0.3199948872087258,451.0,1.06,75.0
036630,세종텔레콤,625,628,616,618,3863367,2399486169,422.0,0.0,0.0,0.0,0.0,0.0
039310,세중,2745,2800,2710,2765,47961,131580135,4507.0,5.81,0.6134658586642999,476.0,3.62,100.0
067770,세진티에스,3330,3745,3300,3655,645157,2283382180,5299.0,0.0,0.0,0.0,0.0,0.0
053450,세코닉스,10350,10400,10150,10300,57125,584443500,12176.0,12.38,0.8461317345597897,832.0,1.94,200.0
252500,세화피앤씨,7250,7360,6950,7060,1052250,7495056690,1938.0,0.0,0.0,0.0,0.0,0.0
049180,셀루메드,22950,23250,22100,22200,1144810,25851420900,2700.0,0.0,0.0,0.0,0.0,0.0
108860,셀바스AI,6900,7220,6850,7080,814813,5770749380,2156.0,0.0,0.0,0.0,0.0,0.0
208370,셀바스헬스케어,8120,8680,8110,8680,411629,3487465520,2129.0,0.0,0.0,0.0,0.0,0.0
068760,셀트리온제약,89000,92000,87200,91200,470239,42348657100,10183.0,844.5,8.956692526760287,108.0,0.0,0.0
091990,셀트리온헬스케어,90000,93400,88200,93000,1163493,105999807400,5677.0,85.94,16.37913951030474,1082.0,0.0,0.0
053110,소리바다,2450,2595,2425,2550,1027944,2596509615,496.0,0.0,0.0,0.0,0.0,0.0
032680,소프트센,2295,2300,2215,2245,197626,443397730,1027.0,0.0,0.0,0.0,0.0,0.0
032685,소프트센우,23250,23300,22100,22300,557,12429150,0.0,0.0,0.0,0.0,0.0,0.0
066910,손오공,3835,3850,3735,3755,304800,1151300635,1433.0,46.38,2.621336357292394,81.0,0.0,0.0
043100,솔고바이오,774,780,760,775,1835140,1410767943,339.0,0.0,0.0,0.0,0.0,0.0
154040,솔루에타,5170,5300,5100,5280,71112,370613110,6720.0,0.0,0.0,0.0,0.0,0.0
035610,솔본,6090,6340,6090,6330,264501,1653530100,4712.0,372.2,1.3430072156196944,17.0,0.0,0.0
036830,솔브레인,61500,62400,60200,61400,32860,2000148000,33711.0,13.25,1.8217718252202546,4635.0,0.99,610.0
230980,솔트웍스,3845,4040,3630,3745,1167327,4491246735,975.0,0.0,0.0,0.0,0.0,0.0
086980,쇼박스,5460,5480,5400,5480,121581,661637220,2016.0,25.61,2.7184554811507935,214.0,0.91,50.0
050960,수산아이앤티,9440,9520,9340,9390,32279,305079570,9994.0,9.85,0.9394175567840705,953.0,1.33,125.0
084180,수성,0,0,0,5820,0,0,3444.0,19.2,1.6894735409407666,303.0,1.2,70.0
236200,슈프리마,23650,23650,21950,22350,196898,4444602900,12462.0,14.23,1.7934464522147329,1571.0,0.0,0.0
094840,슈프리마에이치큐,6300,6300,6100,6140,41469,255792900,11160.0,14.05,0.5500434027777777,437.0,0.0,0.0
192440,슈피겐코리아,54900,55000,53200,54000,17185,923745900,31144.0,8.67,1.7338737999293603,6227.0,0.93,500.0
099440,스맥,3935,3960,3860,3885,313190,1223575255,3815.0,40.88,1.0178571428571428,95.0,1.29,50.0
033790,스카이문스테크놀로지,3985,4200,3955,4060,80152,321421575,1958.0,0.0,0.0,0.0,0.0,0.0
159910,스킨앤스킨,1010,1030,978,999,1378126,1366538908,525.0,0.0,0.0,0.0,0.0,0.0
115570,스타플렉스,5660,5860,5660,5750,2349,13475250,11441.0,5.21,0.5023742734463771,1103.0,1.39,80.0
253450,스튜디오드래곤,86300,87900,85300,87400,84068,7269853500,6176.0,231.2,14.153578367875648,378.0,0.0,0.0
087220,스틸플라워,150,196,130,130,56206785,9073673017,905.0,0.0,0.0,0.0,0.0,0.0
013810,스페코,4185,4205,3990,4100,334605,1369300710,2999.0,13.31,1.3672057352450817,308.0,0.0,0.0
039670,스포츠서울,1410,1430,1405,1410,377993,534588190,990.0,0.0,0.0,0.0,0.0,0.0
049830,승일,9760,9960,9740,9870,15935,157464700,21586.0,18.31,0.45726107199110533,539.0,0.86,85.0
020710,시공테크,9020,9100,8330,8610,806116,7073953430,3923.0,0.0,0.0,0.0,0.0,0.0
033170,시그네틱스,1455,1465,1415,1445,1115392,1607180765,1903.0,0.0,0.0,0.0,0.0,0.0
048870,시너지이노베이션,2610,2690,2585,2585,406311,1071460805,303.0,6.59,8.525474422442244,392.0,0.0,0.0
025320,시노펙스,4075,4160,4015,4020,885060,3597024605,1197.0,54.3,3.3576649958228906,74.0,0.0,0.0
269620,시스웍,3815,3820,3730,3735,149311,562990530,1039.0,9.29,3.59403573147257,402.0,2.14,80.0
131090,시큐브,2745,2765,2695,2715,413637,1127693450,611.0,67.9,4.443535188216039,40.0,0.37,10.0
001000,신라섬유,3060,3060,2935,2945,782657,2332666220,563.0,267.8,5.231349911190053,11.0,0.0,0.0
025870,신라에스지,6190,6390,6080,6360,57114,356732490,4070.0,70.7,1.5631142506142506,90.0,0.0,0.0
215600,신라젠,87300,89100,85900,88600,1516785,133005458400,3339.0,0.0,0.0,0.0,0.0,0.0
065350,신성델타테크,4750,4825,4665,4690,129972,610499090,4851.0,68.0,0.9672232529375386,69.0,1.07,50.0
056000,신스타임즈,2935,2975,2850,2875,57097,164294760,1388.0,0.0,0.0,0.0,0.0,0.0
002800,신신제약,10700,11150,10700,10850,286759,3135448300,2912.0,27.95,3.7245235233516483,388.0,0.31,34.0
017000,신원종합개발,5610,5680,5370,5500,221730,1224955900,4900.0,24.34,1.1227933673469388,226.0,0.0,0.0
012790,신일제약,14450,14450,13950,13950,38720,547949850,11037.0,10.43,1.2643763590649633,1338.0,1.0,140.0
138070,신진에스엠,8040,8100,7980,8050,5500,44101440,6964.0,69.4,1.1555858701895463,116.0,0.0,0.0
257730,신한제3호스팩,2175,2175,2105,2135,8143,17246785,1089.0,0.0,0.0,0.0,0.0,0.0
277480,신한제4호스팩,1995,1995,1990,1995,2105,4191630,0.0,0.0,0.0,0.0,0.0,0.0
056700,신화인터텍,2320,2750,2320,2695,7102570,18516216945,3351.0,20.11,0.8041349597135183,134.0,1.86,50.0
187270,신화콘텍,4630,4685,4585,4685,50852,234861460,4323.0,104.1,1.083882720333102,45.0,0.0,0.0
243840,신흥에스이씨,35100,36000,35100,35600,9654,343306450,8810.0,41.4,4.041926787741203,860.0,0.0,0.0
108320,실리콘웍스,39400,39750,38500,39100,50059,1948753150,23406.0,12.55,1.6703436084764591,3116.0,2.3,900.0
222800,심텍,8330,8400,8230,8270,83545,692523580,8007.0,6.24,1.0330911624203822,1326.0,2.42,200.0
036710,심텍홀딩스,2150,2175,2140,2160,30610,66062020,3233.0,11.37,0.6680376198577173,190.0,0.0,0.0
160980,싸이맥스,13500,13750,13150,13400,47744,639945250,6443.0,16.9,2.08080959956542,793.0,1.87,250.0
010280,쌍용정보통신,921,948,900,920,279863,255380491,705.0,0.0,0.0,0.0,0.0,0.0
122800,썬텍,0,0,0,1000,0,0,1004.0,0.0,0.0,0.0,0.0,0.0
208640,썸에이지,3480,3615,3460,3460,494645,1740872470,461.0,0.0,0.0,0.0,0.0,0.0
222420,쎄노텍,2530,2540,2400,2480,520562,1281310280,911.0,30.23,2.7214256311745335,82.0,0.0,0.0
037760,쎄니트,1980,2020,1950,1995,337674,668374910,1858.0,9.5,1.073735199138859,210.0,1.5,30.0
136510,쎄미시스코,11450,11750,11450,11500,8613,100170100,5410.0,34.53,2.125490988909427,333.0,0.26,30.0
099320,쎄트렉아이,30550,31500,29950,31250,32871,1014631750,13988.0,27.88,2.2339058478696026,1121.0,0.77,240.0
049960,쎌바이오텍,44350,44650,43800,44550,24353,1075473700,8952.0,18.6,4.976611371760501,2396.0,1.23,550.0
050890,쏠리드,4500,4620,4485,4590,390653,1785424355,2442.0,0.0,0.0,0.0,0.0,0.0
099830,씨그널엔터테인먼트그룹,400,606,385,440,6708451,3097429917,3400.0,0.0,0.0,0.0,0.0,0.0
066790,씨씨에스,628,639,610,613,1520451,944579117,425.0,0.0,0.0,0.0,0.0,0.0
222080,씨아이에스,2840,2925,2820,2875,1859835,5325386040,1876.0,0.0,0.0,0.0,0.0,0.0
264660,씨앤지하이테크,15250,15350,14800,15150,27671,419479350,5542.0,7.17,2.7357170245398774,2114.0,0.66,100.0
115530,씨엔플러스,925,950,895,947,355589,331596721,488.0,0.0,0.0,0.0,0.0,0.0
225330,씨엠에스에듀,8400,8400,8180,8200,25755,212090700,2372.0,18.27,3.45753188237774,449.0,14.63,1200.0
115480,씨유메디칼,3080,3145,3030,3105,107933,332175755,2887.0,0.0,0.0,0.0,0.0,0.0
096530,씨젠,35700,35800,34950,35800,87129,3078401150,5412.0,131.1,6.614398558758315,273.0,0.0,0.0
900120,씨케이에이치,728,738,720,726,326256,237045908,,,,,,
101240,씨큐브,8350,8400,8300,8330,22708,189565290,5644.0,11.57,1.476014351523742,720.0,1.44,120.0
047920,씨트리,7960,7990,7710,7740,450218,3504490280,1596.0,151.8,4.849154135338346,51.0,0.0,0.0
060590,씨티씨바이오,15000,15250,14850,15200,70695,1069034400,5201.0,0.0,0.0,0.0,0.0,0.0
036170,씨티엘,5400,5530,5130,5230,2991929,16022546180,2648.0,201.1,1.9747922960725075,26.0,0.0,0.0
260930,씨티케이코스메틱스,39500,40800,38250,39100,70696,2792653350,4989.0,11.75,7.840398877530567,3329.0,0.0,0.0
013990,아가방컴퍼니,5830,5960,5690,5780,625999,3638014680,5220.0,94.75,1.1072318007662836,61.0,0.0,0.0
123860,아나패스,18550,18600,17950,18550,31583,574061550,7557.0,0.0,0.0,0.0,1.08,200.0
058220,아리온,989,1070,989,1010,2150921,2197640727,489.0,0.0,0.0,0.0,0.0,0.0
052710,아모텍,36000,36150,34600,35000,164038,5764116850,16926.0,20.88,2.0682603686635943,1677.0,0.0,0.0
074430,아미노로직스,2770,2870,2730,2850,694406,1943899570,507.0,0.0,0.0,0.0,0.0,0.0
092040,아미코젠,35200,35600,34500,35600,83714,2935564300,4424.0,414.0,8.047920433996383,86.0,0.0,0.0
083930,아바코,8140,8260,8100,8180,115902,949597960,6420.0,8.82,1.2735871787383177,927.0,2.44,200.0
149950,아바텍,7590,7740,7570,7700,20045,154014710,7704.0,14.18,0.9994250146028038,543.0,2.6,200.0
036010,아비코전자,8270,8340,8040,8200,47734,387412070,6276.0,10.73,1.3057829429572976,764.0,2.68,220.0
050860,아세아텍,3680,3720,3540,3700,207297,758514075,5278.0,15.35,0.7009713077870405,241.0,2.03,75.0
246720,아스타,16700,17800,16700,17100,57318,978169200,535.0,0.0,0.0,0.0,0.0,0.0
067390,아스트,18150,18150,17650,17950,100837,1798362150,5284.0,35.0,3.397993943981832,513.0,0.0,0.0
127710,아시아경제,2815,2875,2780,2800,152794,428733665,2372.0,13.46,1.1803857504215851,208.0,0.0,0.0
154030,아시아종묘,4510,4595,4405,4470,208830,935451510,2039.0,16.69,2.1933545855811674,268.0,0.0,0.0
227610,아우딘퓨쳐스,18500,18800,18300,18800,48267,897238300,2807.0,17.03,6.698432490203063,1104.0,0.0,0.0
143160,아이디스,7130,7150,7060,7090,4730,33603730,13500.0,0.0,0.0,0.0,2.82,200.0
054800,아이디스홀딩스,15950,15950,15550,15850,957,14966850,17552.0,87.56,0.9029633375113947,181.0,0.95,150.0
060570,아이리버,7940,8050,7760,7930,199181,1570746200,1226.0,0.0,0.0,0.0,0.0,0.0
099190,아이센스,28200,28450,27850,28400,45527,1274568500,10908.0,22.23,2.6029791781261458,1277.0,0.35,100.0
214430,아이쓰리시스템,23050,23100,22500,22600,26890,611602750,8276.0,20.2,2.7292283409859834,1118.0,1.99,450.0
040910,아이씨디,10050,10050,9870,9950,65886,657221980,6850.0,15.08,1.4527828467153285,660.0,1.01,100.0
068940,아이씨케이,1835,1875,1810,1850,224426,414091205,905.0,231.2,2.044198895027624,8.0,0.0,0.0
052860,아이앤씨,5150,5240,5070,5170,48807,251036510,2158.0,41.38,2.3966056533827618,125.0,0.0,0.0
069920,아이에스이커머스,3600,3600,3480,3540,18486,64812420,1372.0,50.56,2.579719387755102,70.0,0.0,0.0
038880,아이에이,3620,3620,3530,3560,145378,516745155,991.0,178.0,3.5923309788092834,20.0,0.0,0.0
101390,아이엠,3000,3035,2955,2965,141230,421268115,2274.0,0.0,0.0,0.0,0.0,0.0
226350,아이엠텍,3750,3845,3615,3630,367137,1361878890,2312.0,0.0,0.0,0.0,0.0,0.0
078860,아이오케이,0,0,0,459,0,0,675.0,0.0,0.0,0.0,0.0,0.0
114810,아이원스,13650,13950,13650,13900,92859,1283328650,8061.0,52.25,1.7241657362610099,266.0,0.0,0.0
031310,아이즈비전,4185,4315,4100,4180,431803,1816043805,4473.0,15.54,0.934497610663984,269.0,1.56,65.0
185490,아이진,33850,33850,32300,33250,190119,6259720650,1613.0,0.0,0.0,0.0,0.0,0.0
059100,아이컴포넌트,5780,5840,5560,5560,53602,303468870,5821.0,6.71,0.9545879144476894,828.0,1.8,100.0
052460,아이크래프트,6440,6480,6310,6320,11116,71205030,4475.0,20.52,1.4120251396648045,308.0,1.58,100.0
119830,아이텍반도체,5100,5130,5050,5100,12589,63802420,4710.0,18.55,1.082885483014862,275.0,0.0,0.0
124500,아이티센,4370,4400,4280,4400,70954,319781840,1739.0,0.0,0.0,0.0,0.0,0.0
032080,아즈텍WB,1960,2010,1925,1985,131678,259477100,4373.0,8.71,0.45417190715755773,228.0,2.52,50.0
013310,아진산업,3205,3205,3145,3170,102130,323665745,6795.0,3.71,0.46693915562913907,855.0,0.0,0.0
059120,아진엑스텍,14500,14650,14350,14600,53091,768475600,4834.0,68.56,3.021061750103434,213.0,1.37,200.0
023890,아트라스BX,46300,47350,46250,46900,877,40715400,24063.0,4.76,1.9503594730499108,9856.0,0.64,300.0
067160,아프리카TV,32200,33800,32100,33500,175315,5853666150,5266.0,33.66,6.359280051272313,995.0,0.87,290.0
001540,안국약품,17000,17000,16350,16400,23879,394174050,10036.0,109.3,1.6338057991231567,150.0,1.34,220.0
053800,안랩,68800,69200,68100,68900,103530,7107007400,17178.0,40.94,4.010816887879846,1683.0,1.02,700.0
065660,안트로젠,122600,122900,117500,119000,104498,12465395000,4559.0,2380.0,26.10221539811362,50.0,0.0,0.0
260660,알리코제약,19400,19550,18900,19000,49282,941141300,2541.0,47.38,7.47633805588351,401.0,0.53,100.0
106080,알비케이이엠디,840,925,746,766,17068100,14066264022,386.0,0.0,0.0,0.0,0.0,0.0
131370,알서포트,2480,2640,2425,2605,750608,1937691160,956.0,434.2,2.725418410041841,6.0,0.0,0.0
140670,알에스오토메이션,16400,16650,16150,16150,62018,1011768300,3519.0,30.6,4.590366581415175,528.0,0.0,0.0
096610,알에프세미,5080,5090,4955,5080,19953,100022370,6654.0,39.38,0.7633566275924256,129.0,0.69,35.0
061040,알에프텍,4905,4940,4800,4860,35966,174785955,6095.0,9.36,0.7969672887612798,519.0,0.0,0.0
148250,알엔투테크놀로지,10400,10650,10000,10000,31614,326633300,3319.0,48.78,3.0130027869840315,205.0,0.5,50.0
196170,알테오젠,39850,41000,38800,40650,433745,17308897900,3623.0,0.0,0.0,0.0,0.0,0.0
123750,알톤스포츠,3295,3295,3240,3265,5629,18370125,4092.0,0.0,0.0,0.0,0.0,0.0
085810,알티캐스트,4525,4525,4300,4375,39528,173280220,4501.0,99.44,0.9720617640524328,44.0,0.0,0.0
117670,알파홀딩스,14350,14350,13750,13800,314541,4380080550,4223.0,0.0,0.0,0.0,0.29,40.0
196300,애니젠,24200,24550,23600,24100,36612,877250300,4660.0,0.0,0.0,0.0,0.0,0.0
205500,액션스퀘어,8600,8780,8460,8690,86480,746952980,950.0,0.0,0.0,0.0,0.0,0.0
052790,액토즈소프트,17500,18400,17500,17800,59872,1068962000,10191.0,0.0,0.0,0.0,0.0,0.0
131400,액트,2400,2525,2400,2485,508091,1257044185,1873.0,0.0,0.0,0.0,0.0,0.0
238090,앤디포스,7090,7260,7050,7260,66768,486427710,5342.0,6.18,1.3580968036315986,1174.0,5.51,400.0
174900,앱클론,59000,64900,59000,63700,320971,20290908500,1964.0,0.0,0.0,0.0,0.0,0.0
255440,야스,23500,23750,23150,23250,24288,569332000,4380.0,19.4,5.307919520547945,1198.0,0.0,0.0
030960,양지사,11150,11200,10750,10800,250811,2734774350,4066.0,41.38,2.655896458435809,261.0,0.46,50.0
102120,어보브반도체,6000,6030,5900,5910,58532,348124420,4596.0,14.31,1.2861319625761531,413.0,0.85,50.0
041590,에너전트,3970,3995,3810,3880,195285,757342680,1572.0,0.0,0.0,0.0,0.0,0.0
019990,에너토크,6790,7130,6750,7060,533627,3703569030,4173.0,31.38,1.6916786484543493,225.0,0.99,70.0
025980,에머슨퍼시픽,36250,38700,36200,37700,411313,15529253450,18940.0,22.53,1.9902207629355861,1673.0,0.0,0.0
041440,에버다임,9480,9680,9030,9150,236036,2198114930,9338.0,9.34,0.9806034482758621,980.0,1.2,110.0
038680,에스넷,5630,5720,5550,5550,80846,455166970,4080.0,0.0,0.0,0.0,0.0,0.0
217480,에스디생명공학,19150,19250,18450,18650,328731,6149508700,2830.0,15.66,6.5889023851590105,1191.0,0.0,0.0
121890,에스디시스템,2625,2775,2590,2630,106344,286065455,3584.0,0.0,0.0,0.0,0.0,0.0
030270,에스마크,692,724,666,673,4765279,3359646974,1075.0,0.0,0.0,0.0,0.0,0.0
097780,에스맥,2205,2765,2175,2650,84805508,215969278845,835.0,0.0,0.0,0.0,0.0,0.0
042110,에스씨디,1680,1680,1620,1655,190852,314205790,1952.0,11.41,0.8472880379098361,145.0,0.0,0.0
065420,에스아이리소스,1045,1100,996,1065,5244079,5459194504,376.0,0.0,0.0,0.0,0.0,0.0
103230,에스앤더블류,3535,3730,3425,3730,39584,141422980,7813.0,0.0,0.0,0.0,0.0,0.0
900080,에스앤씨엔진그룹,804,812,793,803,210546,168949682,,,,,,
101490,에스앤에스텍,4600,4635,4500,4550,52563,239009010,3808.0,10.0,1.1948529411764706,455.0,0.0,0.0
095910,에스에너지,8000,8080,7830,8030,258196,2059111380,8018.0,30.77,1.0014751964330257,261.0,1.37,110.0
031330,에스에이엠티,2035,2050,2015,2035,315205,640363070,1698.0,4.58,1.197106890459364,444.0,4.91,100.0
060540,에스에이티,2285,2330,2220,2235,337556,762949585,2574.0,13.15,0.8683894230769231,170.0,0.0,0.0
112240,에스에프씨,7850,7900,7580,7660,966589,7436432070,2599.0,100.8,2.947960754136206,76.0,0.0,0.0
056190,에스에프에이,32700,32850,31700,32150,198523,6360391250,15838.0,14.34,2.0304765437555248,2242.0,3.48,1120.0
080000,에스엔유,3320,3380,3295,3305,100002,332823785,2868.0,0.0,0.0,0.0,0.0,0.0
160600,에스엔텍,6400,6440,6280,6350,37915,240290000,2870.0,122.1,2.212717770034843,52.0,0.0,0.0
263920,에스엔피월드,9290,10550,9230,9790,807416,8034096560,1852.0,14.4,5.286683315334773,680.0,0.0,0.0
041510,에스엠,37500,37600,36550,36800,215803,7932087350,15144.0,217.8,2.4299887744321182,169.0,0.0,0.0
007820,에스엠코어,13400,13500,13200,13500,57876,771891200,2644.0,0.0,0.0,0.0,0.37,50.0
109610,에스와이패널,8170,8470,7890,8400,891881,7343583480,2470.0,73.06,3.4016953441295548,115.0,1.79,150.0
080440,에스제이케이,1250,1350,1155,1155,2614752,3338226560,508.0,0.0,0.0,0.0,0.0,0.0
096630,에스코넥,2645,2650,2555,2575,1721760,4476559000,1182.0,14.47,2.1788811336717426,178.0,0.0,0.0
069510,에스텍,10750,10850,10500,10650,18061,192127550,11379.0,6.07,0.9356998088584234,1754.0,4.69,500.0
041910,에스텍파마,14450,14550,14000,14250,126073,1799894500,6771.0,38.62,2.104951262738148,369.0,0.35,50.0
234300,에스트래픽,16600,17700,16600,17350,666205,11455479450,1769.0,22.27,9.804930398530242,779.0,0.14,25.0
039440,에스티아이,20350,20400,18600,19750,553170,10604395800,4703.0,15.95,4.199440516691474,1238.0,0.76,150.0
098660,에스티오,2975,3120,2975,2990,16858,51390825,4007.0,7.53,0.7461707636635887,397.0,0.67,20.0
052020,에스티큐브,16350,17700,15600,16150,1419979,23379380500,1139.0,0.0,0.0,0.0,0.0,0.0
237690,에스티팜,37400,40450,37300,40450,417049,16157783200,16791.0,10.48,2.409029111577631,3861.0,1.24,500.0
050760,에스폴리텍,2130,2205,2085,2105,392598,841424990,2977.0,8.35,0.7069512092710782,252.0,1.19,25.0
058610,에스피지,11150,11250,10850,11100,127571,1408734650,4919.0,11.71,2.2569564443992682,948.0,0.9,100.0
043340,에쎈테크,1460,1460,1425,1445,426659,614744030,389.0,57.8,3.715456298200514,25.0,0.0,0.0
054630,에이디칩스,2210,2245,2155,2170,672531,1476202235,713.0,15.17,3.0428865708274895,143.0,0.0,0.0
200710,에이디테크놀로지,9760,9850,9520,9690,94928,914918560,4236.0,0.0,0.0,0.0,0.0,0.0
003800,에이스침대,186000,186500,186000,186500,3,558900,167162.0,11.78,1.115455927483519,15827.0,1.77,3300.0
088800,에이스테크,4165,4310,4125,4285,431114,1829300650,4111.0,0.0,0.0,0.0,0.0,0.0
138360,에이씨티,5860,5870,5570,5710,691774,3944197900,2071.0,0.0,0.0,0.0,0.0,0.0
050320,에이앤티앤,0,0,0,3220,0,0,265.0,0.0,0.0,0.0,0.0,0.0
072990,에이치시티,9060,9070,8940,9070,8820,79330210,9381.0,6.77,0.9662511825764843,1339.0,0.0,0.0
176440,에이치엔티,3325,3340,3130,3135,22063,69696230,3986.0,4.81,0.786553719267436,652.0,0.0,0.0
028300,에이치엘비,108900,117800,107000,117600,1721889,193746155800,2473.0,0.0,0.0,0.0,0.0,0.0
067630,에이치엘비생명과학,21800,23400,21600,22850,1938298,43915530650,1169.0,0.0,0.0,0.0,0.0,0.0
043220,에이치엘비파워,1420,1505,1350,1505,1374217,2015706195,564.0,0.0,0.0,0.0,0.0,0.0
239610,에이치엘사이언스,33350,33350,31900,32850,10639,347689600,9760.0,21.22,3.3654328893442624,1548.0,0.0,0.0
226340,에이치엠씨3호스팩,2025,2030,2020,2030,2019,4081535,1932.0,84.56,1.0504658385093169,24.0,0.0,0.0
044780,에이치케이,2150,2165,2105,2145,97678,209164685,2477.0,25.55,0.8663453774727493,84.0,0.0,0.0
071670,에이테크솔루션,11200,11750,11050,11200,283882,3235141650,6697.0,86.8,1.6722133044646856,129.0,0.0,0.0
045660,에이텍,11450,11700,11300,11550,191952,2202500950,6469.0,12.49,1.7862534298191375,925.0,0.87,100.0
224110,에이텍티앤,10650,11300,10650,11300,114818,1267932450,5492.0,81.3,2.0579820648215588,139.0,0.0,0.0
021080,에이티넘인베스트,4340,4630,4295,4300,4537416,20192197400,1345.0,38.06,3.1978159851301116,113.0,0.81,35.0
089530,에이티세미콘,818,840,806,816,512837,422252271,382.0,0.0,0.0,0.0,0.0,0.0
182400,에이티젠,20800,20850,20250,20500,127680,2608607250,1786.0,0.0,0.0,0.0,0.0,0.0
073570,에이티테크놀러지,9990,10150,9990,10150,90528,912134480,3195.0,0.0,0.0,0.0,0.0,0.0
109960,에이프로젠 H&G,3185,3270,3185,3255,273171,880067580,399.0,0.0,0.0,0.0,0.0,0.0
043580,에임하이,0,0,0,3190,0,0,1019.0,0.0,0.0,0.0,0.0,0.0
214870,에치디프로,4220,4220,4100,4175,81793,338506665,2805.0,0.0,0.0,0.0,0.0,0.0
064510,에코마이스터,7280,8200,6890,7530,6466548,50327643420,4511.0,179.2,1.6689204167590335,42.0,0.0,0.0
230360,에코마케팅,9650,10500,9600,10500,626497,6415417040,4295.0,23.12,2.4444121071012805,454.0,2.0,210.0
038870,에코바이오,9590,9650,9480,9490,58626,559222940,6925.0,0.0,0.0,0.0,0.0,0.0
086520,에코프로,38450,38850,37500,38000,388372,14754790750,6757.0,0.0,0.0,0.0,0.0,0.0
038110,에코플라스틱,1820,1820,1785,1820,48570,87527230,5673.0,9.48,0.3207297726070862,192.0,1.1,20.0
073540,에프알텍,2755,2780,2700,2715,30115,82228515,3270.0,0.0,0.0,0.0,0.0,0.0
064090,에프앤리퍼블릭,3430,3430,3315,3345,387310,1301444635,329.0,0.0,0.0,0.0,0.0,0.0
036810,에프에스티,5520,5540,5440,5530,104113,572120070,3625.0,15.89,1.5255,348.0,1.45,80.0
063440,에프엔씨애드컬쳐,1800,1890,1715,1730,1205838,2179691920,1052.0,0.0,0.0,0.0,0.0,0.0
173940,에프엔씨엔터,10800,11100,10700,10950,100763,1101979750,5422.0,0.0,0.0,0.0,0.0,0.0
083500,에프엔에스테크,6410,6540,6400,6490,33644,216892980,4577.0,0.0,0.0,0.0,0.0,0.0
065160,에프티이앤이,0,0,0,3580,0,0,869.0,0.0,0.0,0.0,0.0,0.0
054940,엑사이엔씨,1590,1620,1560,1575,468175,741930985,1850.0,19.94,0.8513851351351351,79.0,0.0,0.0
950130,엑세스바이오,5550,5550,5330,5380,192772,1042030910,,,,,,
205100,엑셈,4235,4265,4170,4215,147676,622735650,943.0,50.78,4.469611611876989,83.0,0.0,0.0
092870,엑시콘,11000,11000,10800,10950,25763,279919600,7881.0,18.84,1.3891915683288922,581.0,0.91,100.0
067570,엔브이에이치코리아,2850,2850,2765,2790,65679,182662670,5397.0,2.51,0.5166480654761905,1111.0,5.02,140.0
101400,엔시트론,1230,1415,1180,1385,19318410,25221834845,178.0,0.0,0.0,0.0,0.0,0.0
217820,엔에스,16000,17050,15600,16500,218291,3553895050,4784.0,39.0,3.448369565217391,423.0,0.61,100.0
031860,엔에스엔,3160,3250,2940,3020,751618,2324440575,1327.0,0.0,0.0,0.0,0.0,0.0
256630,엔에이치스팩10호,1990,1995,1985,1995,2297,4571260,0.0,0.0,0.0,0.0,0.0,0.0
256840,엔에이치스팩11호,1995,2000,1995,1995,7863,15687185,1936.0,0.0,0.0,0.0,0.0,0.0
273060,엔에이치스팩12호,1995,2010,1995,2000,3413,6813995,0.0,0.0,0.0,0.0,0.0,0.0
208860,엔지스테크널러지,26850,27200,26500,27100,7510,202450600,2991.0,273.8,9.060932798395186,99.0,0.0,0.0
183490,엔지켐생명과학,93900,94800,91600,94300,50796,4714729000,3995.0,0.0,0.0,0.0,0.0,0.0
206400,엔터메이트,2695,2710,2600,2665,423363,1123642330,471.0,0.0,0.0,0.0,0.0,0.0
069410,엔텔스,12950,12950,12750,12850,11680,149540250,6122.0,306.0,2.099313949689644,42.0,0.0,0.0
048830,엔피케이,2610,2630,2475,2605,370297,942979930,2198.0,19.73,1.1851398999090081,132.0,1.15,30.0
096870,엘디티,3950,3985,3665,3730,335662,1267478885,2189.0,0.0,0.0,0.0,0.0,0.0
061970,엘비세미콘,2490,2540,2485,2500,72025,179980840,2153.0,8.09,1.1616204133766836,309.0,0.0,0.0
138690,엘아이에스,13800,13850,13450,13750,46078,625308000,3738.0,0.0,0.0,0.0,0.0,0.0
066970,엘앤에프,38700,39100,38150,38800,92774,3573852950,3783.0,124.4,10.257731958762887,312.0,0.13,50.0
156100,엘앤케이바이오,10950,11100,10700,10850,90137,979573450,5284.0,67.4,2.0528718773656323,161.0,0.0,0.0
073110,엘엠에스,8080,8120,8040,8070,13225,106595080,12447.0,0.0,0.0,0.0,1.86,150.0
083310,엘오티베큠,13900,13950,13600,13650,44777,614372750,6118.0,21.53,2.2312540863027133,634.0,0.0,0.0
037950,엘컴텍,2490,2520,2395,2405,2975066,7263854735,889.0,30.06,2.705286839145107,80.0,2.08,50.0
170920,엘티씨,12600,12800,12550,12700,9852,124890950,11756.0,0.0,0.0,0.0,1.18,150.0
058630,엠게임,4455,4690,4405,4630,643571,2960539785,1421.0,23.38,3.257037297677692,198.0,0.0,0.0
019590,엠벤처투자,0,0,0,587,0,0,254.0,0.0,0.0,0.0,0.0,0.0
097520,엠씨넥스,17400,17700,17400,17600,26041,457638550,7068.0,0.0,0.0,0.0,0.0,0.0
009780,엠에스씨,7040,7040,6830,6890,12549,86651000,3395.0,12.22,2.029860088365243,564.0,0.87,60.0
123040,엠에스오토텍,3205,3340,3190,3265,234252,763700260,4006.0,2.56,0.8143127106215676,1274.0,2.3,75.0
032790,엠젠플러스,17850,18800,17400,17400,781198,14148697400,960.0,0.0,0.0,0.0,0.0,0.0
033160,엠케이전자,10200,10350,10100,10150,58557,596775250,11149.0,9.35,0.9100767165216611,1085.0,0.79,80.0
259630,엠플러스,30950,31400,29550,29550,106719,3261368150,2652.0,16.62,11.146021870286576,1778.0,0.0,0.0
115960,연우,31450,31850,31300,31650,28040,885910600,14451.0,18.77,2.190686414434987,1687.0,0.0,0.0
090740,연이정보통신,2465,2505,2435,2465,305126,752726130,4614.0,0.0,0.0,0.0,5.8,143.0
007530,영신금속,2705,2810,2685,2685,133876,366353130,4475.0,18.9,0.5999301675977654,142.0,1.49,40.0
143540,영우디에스피,4290,4390,4285,4370,45390,197000560,3256.0,4.43,1.341422566031941,986.0,0.0,0.0
036180,영인프런티어,6650,6840,6450,6770,826680,5511471730,1226.0,84.6,5.5220228384991845,80.0,0.0,0.0
036560,영풍정밀,8540,8600,8450,8580,15564,132819730,19092.0,19.19,0.44923593651791327,447.0,2.1,180.0
265560,영화테크,15100,15450,14850,15400,28639,436221900,6732.0,11.61,2.2866950757575757,1326.0,0.65,100.0
036000,예림당,11750,12000,11500,11700,257157,3019735050,3946.0,50.0,2.965027876330461,234.0,0.0,0.0
053280,예스24,5690,6050,5600,5770,539360,3184207100,4289.0,151.9,1.3455933784098857,38.0,2.08,120.0
122640,예스티,16400,16900,16150,16250,41430,680330700,3950.0,69.1,4.1125,235.0,0.0,0.0
900300,오가닉티코스메틱,3345,3375,3270,3300,275374,911088235,,,,,,
045060,오공,4960,4990,4935,4935,66852,330748655,4561.0,10.87,1.0817152214426662,454.0,1.22,60.0
080520,오디텍,8560,8590,8320,8360,143104,1206267910,9853.0,9.44,0.8486374708210698,886.0,1.56,130.0
039830,오로라,12500,12700,12300,12600,53363,662341400,8331.0,19.47,1.5119771035890048,647.0,0.79,100.0
046120,오르비텍,7880,8390,7240,7710,14726690,115828302160,2216.0,54.3,3.4803136281588447,142.0,0.0,0.0
014940,오리엔탈정공,994,1005,985,990,427019,424298554,281.0,0.0,0.0,0.0,0.0,0.0
065500,오리엔트정공,1020,1045,998,1040,1300385,1314095040,594.0,0.0,0.0,0.0,0.0,0.0
010470,오리콤,5340,5400,5260,5290,18409,97961190,6089.0,14.57,0.8686193853670553,363.0,4.16,220.0
053980,오상자이엘,11800,11900,11000,11150,123047,1392251500,2647.0,0.0,0.0,0.0,0.0,0.0
052420,오성첨단소재,3455,3455,3300,3415,1516472,5094574895,1842.0,0.0,0.0,0.0,0.0,0.0
241790,오션브릿지,9820,9970,9400,9930,53122,525714030,3389.0,9.82,2.929576847890233,1011.0,0.0,0.0
039200,오스코텍,28500,28800,27050,28350,862854,24237668150,1027.0,0.0,0.0,0.0,0.0,0.0
226400,오스테오닉,7800,7840,7630,7690,31939,245938740,2238.0,23.95,3.4356358914209117,321.0,0.0,0.0
031510,오스템,3920,4240,3920,4115,630734,2597306125,5168.0,9.61,0.7958228521671826,428.0,1.22,50.0
048260,오스템임플란트,55200,56700,54700,56000,63769,3553544900,7305.0,33.53,7.6655971937029435,1670.0,0.0,0.0
138080,오이솔루션,11350,11400,11200,11300,54743,616204900,8385.0,12.16,1.3468284138342277,929.0,1.11,125.0
080580,오킨스전자,4560,4595,4450,4570,16058,72471690,3967.0,0.0,0.0,0.0,0.0,0.0
067170,오텍,14950,15200,14700,15100,282078,4217276100,7323.0,16.7,2.0619452410214394,904.0,0.46,70.0
049480,오픈베이스,3360,3395,3335,3380,263651,887675465,1792.0,18.88,1.8853934151785714,179.0,0.74,25.0
057540,옴니시스템,2725,2760,2690,2730,448585,1219971270,1631.0,44.03,1.6737814224402208,62.0,0.0,0.0
057680,옴니텔,4975,5280,4950,4970,494831,2521047725,430.0,0.0,0.0,0.0,0.0,0.0
123010,옵토팩,5170,5170,5050,5100,28996,147671470,2446.0,0.0,0.0,0.0,0.0,0.0
082210,옵트론텍,6180,6450,6180,6360,213231,1349326930,4004.0,22.88,1.5882242757242757,278.0,0.0,0.0
109080,옵티시스,7830,8450,7590,8070,242231,1928592730,5597.0,16.95,1.4417880114346973,476.0,0.62,50.0
052770,와이디온라인,2555,2690,2545,2690,780822,2050683850,394.0,0.0,0.0,0.0,0.0,0.0
057030,와이비엠넷,2900,2945,2840,2860,63621,184132330,2897.0,0.0,0.0,0.0,5.24,150.0
122990,와이솔,13750,14000,13600,13900,139690,1929476150,7127.0,9.46,1.9500655517749403,1469.0,1.8,250.0
232140,와이아이케이,4895,4915,4790,4825,223655,1079873160,1958.0,229.8,2.4641215526046985,21.0,0.0,0.0
067900,와이엔텍,5250,5270,5050,5100,122077,627013810,5284.0,13.6,0.9652887845382286,375.0,0.0,0.0
155650,와이엠씨,18100,18300,17450,17800,83162,1481095600,5044.0,18.11,3.529245762291832,983.0,1.12,200.0
251370,와이엠티,36950,37400,35750,36650,43474,1569658500,6057.0,26.5,6.050767706785537,1383.0,0.0,0.0
066430,와이오엠,5090,5190,4820,5140,253810,1269233250,894.0,0.0,0.0,0.0,0.0,0.0
193250,와이제이엠게임즈,2900,2970,2880,2895,375873,1099217910,1931.0,0.0,0.0,0.0,0.0,0.0
019210,와이지-원,16850,17250,16150,16550,186634,3071866200,9184.0,22.3,1.8014243521341464,742.0,1.03,170.0
122870,와이지엔터테인먼트,30200,30250,28950,29100,115504,3383067550,15705.0,24.3,1.8534005889843999,1198.0,0.69,200.0
079000,와토스코리아,7370,7370,7100,7100,16977,122327470,9698.0,15.04,0.7319485976489998,472.0,2.11,150.0
900180,완리,0,0,0,446,0,0,,,,,,
114630,우노앤컴퍼니,5440,5460,5370,5400,2497,13486370,4946.0,200.0,1.0917913465426607,27.0,2.78,150.0
032820,우리기술,2020,2475,1955,2475,48829921,111133403560,403.0,137.5,6.141439205955335,18.0,0.0,0.0
041190,우리기술투자,5190,5680,5030,5290,21587526,116071970730,683.0,377.8,7.743045387994144,14.0,0.28,15.0
115440,우리넷,8280,8480,8280,8480,34033,286301030,7522.0,19.86,1.1273535130284498,427.0,1.42,120.0
046970,우리로,2510,2525,2450,2460,274302,680798825,1764.0,205.0,1.3945578231292517,12.0,0.0,0.0
215360,우리산업,33700,34200,32900,33400,67365,2253389400,7288.0,23.16,4.584861244511526,1443.0,0.15,50.0
072470,우리산업홀딩스,6700,6710,6610,6670,8698,57893830,6700.0,7.81,0.9953043376865671,854.0,0.75,50.0
073560,우리손에프앤지,2465,2475,2410,2460,286739,701696850,1941.0,11.18,1.2671464451313756,220.0,0.0,0.0
153490,우리이앤엘,1000,1015,997,1000,97706,97646928,1682.0,0.0,0.0,0.0,0.0,0.0
082850,우리이티아이,1325,1325,1300,1310,110588,144571165,2713.0,0.0,0.0,0.0,0.0,0.0
037400,우리조명,1740,1740,1700,1720,55583,95439790,3058.0,0.0,0.0,0.0,0.0,0.0
101170,우림기계,4900,4950,4665,4730,336971,1601221715,6465.0,53.16,0.7317720417633411,89.0,1.06,50.0
194610,우성아이비,0,0,0,1310,0,0,1267.0,77.06,1.0339877663772692,17.0,0.0,0.0
066590,우수AMS,4525,4890,4515,4775,3394123,15958742755,2287.0,17.62,2.088489287275907,271.0,0.63,30.0
046940,우원개발,7700,8060,7110,7500,2335656,17997766940,4044.0,16.45,1.8552485163204748,456.0,0.0,0.0
215380,우정바이오,4045,4045,3720,3980,712545,2728242180,1921.0,284.2,2.071577303487767,14.0,0.0,0.0
065680,우주일렉트로,11750,11800,11350,11600,24589,284252100,17705.0,7.21,0.655317618610562,1609.0,2.59,300.0
018620,우진비앤지,5540,5650,5410,5540,301884,1656720920,1707.0,426.2,3.246192149970709,13.0,0.0,0.0
032940,원익,4550,4970,4550,4750,150217,706162545,8883.0,0.8,0.5352739915780141,5945.0,0.0,0.0
240810,원익IPS,33550,34850,33550,34850,241750,8313658400,5304.0,63.84,6.572150735294118,546.0,0.0,0.0
074600,원익QnC,14650,15200,14450,14700,158298,2343460900,5662.0,8.84,2.5959577004592016,1662.0,0.0,0.0
104830,원익머트리얼즈,62000,63100,60000,60700,21338,1296909600,34355.0,24.27,1.766506421918207,2501.0,0.0,0.0
014190,원익큐브,2970,3015,2870,2875,696477,2038554775,2344.0,39.94,1.2267491467576792,72.0,0.0,0.0
123100,원익테라세미콘,19700,20450,19650,19900,76609,1530128350,10467.0,10.48,1.9007348989681858,1899.0,0.75,150.0
030530,원익홀딩스,6940,6970,6810,6880,256287,1759585880,7620.0,2.26,0.9044993643372703,3050.0,0.0,0.0
012620,원일특강,10500,10500,10150,10450,14811,152603500,21840.0,8.83,0.47859432234432236,1184.0,0.77,80.0
008370,원풍,4185,4185,4090,4140,14804,60953025,6264.0,9.37,0.6609669340676884,442.0,3.74,155.0
008290,원풍물산,5670,5940,5620,5680,598489,3461645280,790.0,0.0,0.0,0.0,0.0,0.0
101160,월덱스,5680,5780,5640,5760,35484,202255820,2929.0,151.6,1.9671389552748377,38.0,0.0,0.0
095270,웨이브일렉트로,28800,29650,28750,28850,36526,1064038650,3581.0,0.0,0.0,0.0,0.0,0.0
065950,웰크론,4095,5000,4080,4595,39840406,185090708645,1950.0,0.0,0.0,0.0,0.0,0.0
114190,웰크론강원,3580,3670,3470,3575,551617,1974610705,3453.0,0.0,0.0,0.0,0.0,0.0
076080,웰크론한텍,3250,3305,3200,3235,136734,445003910,3412.0,0.0,0.0,0.0,0.0,0.0
196700,웹스,5580,5740,5420,5600,53117,293978830,5858.0,19.72,0.9559790030727211,284.0,0.0,0.0
069080,웹젠,27750,28600,27650,28300,259959,7304734750,6768.0,19.78,4.182471742021277,1431.0,0.0,0.0
044340,위닉스,20450,20450,19550,19850,261976,5232474100,5601.0,0.0,0.0,0.0,0.25,50.0
112040,위메이드,59400,61800,57700,59500,681212,40925010200,17494.0,0.0,0.0,0.0,1.01,600.0
038620,위즈코프,1490,1490,1430,1455,305636,444359675,1078.0,27.98,1.3498956400742115,52.0,0.0,0.0
036090,위지트,1815,1855,1770,1770,2899406,5249401745,737.0,26.81,2.4011194029850746,66.0,0.0,0.0
136540,윈스,13250,13250,13100,13250,22288,293434900,7621.0,16.44,1.7384365568822988,806.0,2.04,270.0
097800,윈팩,1980,1990,1800,1865,1333602,2504387980,1068.0,0.0,0.0,0.0,0.0,0.0
192390,윈하이텍,5000,5150,4975,5050,27601,138560925,4890.0,30.42,1.032726226993865,166.0,0.59,30.0
036200,유니셈,9610,9670,9190,9300,643879,6004182680,2251.0,43.06,4.13216348289649,216.0,0.43,40.0
018000,유니슨,2890,2890,2775,2785,774090,2173635780,320.0,0.0,0.0,0.0,0.0,0.0
203450,유니온커뮤니티,3070,3160,3070,3140,24275,75707375,2162.0,6.86,1.4530960915818687,458.0,0.0,0.0
011320,유니크,5600,5600,5480,5500,109839,607368530,4308.0,12.36,1.2766763869545033,445.0,1.64,90.0
086390,유니테스트,15400,15700,15300,15500,233930,3626386400,3409.0,35.97,4.54753043414491,431.0,0.97,150.0
241690,유니테크노,17000,17000,16350,16450,7745,127558300,4169.0,15.48,3.9461707693691532,1063.0,0.0,0.0
142210,유니트론텍,6910,6930,6690,6780,79529,537714840,3229.0,9.17,2.0991067280891915,739.0,2.21,150.0
048430,유라테크,8210,8290,8130,8180,35276,288278740,8813.0,9.57,0.9284712569499602,855.0,1.65,135.0
206650,유바이오로직스,8520,8520,8180,8200,213803,1775234440,162.0,0.0,0.0,0.0,0.0,0.0
089850,유비벨록스,11800,11800,11150,11250,89336,1021511000,10129.0,0.0,0.0,0.0,0.0,0.0
032620,유비케어,5570,5630,5470,5490,326877,1805816550,1156.0,43.9,4.747648140138408,125.0,0.55,30.0
264450,유비쿼스,23850,24200,23700,24100,12396,296357600,0.0,0.0,0.0,0.0,0.0,0.0
078070,유비쿼스홀딩스,6040,6040,5930,5990,14061,83842830,10361.0,4.71,0.5783527169192163,1272.0,4.17,250.0
024800,유성티엔에스,3840,4180,3635,3820,855233,3344386285,6098.0,8.11,0.6263554649065267,471.0,0.26,10.0
054930,유신,18100,18650,17350,17500,69122,1230062350,28835.0,31.03,0.6069576903069187,564.0,1.14,200.0
069330,유아이디,3080,3345,3080,3225,231737,748144560,3680.0,0.0,0.0,0.0,0.0,0.0
049520,유아이엘,6240,6290,6160,6200,24853,154184390,7629.0,7.35,0.8123433198977585,843.0,11.29,700.0
056090,유앤아이,14300,14550,14000,14100,45704,649376650,7693.0,0.0,0.0,0.0,0.0,0.0
263770,유에스티,6020,6020,5500,5650,147009,840689410,0.0,0.0,0.0,0.0,0.0,0.0
195990,유지인트,1945,1950,1760,1800,5231070,9737906825,1490.0,0.0,0.0,0.0,0.0,0.0
023410,유진기업,7370,7500,7140,7170,1459552,10598996290,8555.0,8.02,0.8384515634132087,894.0,2.09,150.0
056080,유진로봇,5280,5800,5160,5400,4431295,24331387970,1000.0,0.0,0.0,0.0,0.0,0.0
084370,유진테크,19050,19500,18900,19300,169582,3254844500,9203.0,13.29,2.0966770346626102,1452.0,1.19,230.0
178780,유테크,6050,6250,5900,6060,153899,932120480,2641.0,0.0,0.0,0.0,0.0,0.0
179900,유티아이,21700,22250,21700,22200,9590,211251500,4320.0,7.36,5.139637586805556,3017.0,0.0,0.0
191410,육일씨엔에쓰,6370,6370,6210,6300,26938,168764180,1997.0,0.0,0.0,0.0,0.0,0.0
044960,이-글 벳,5160,5220,5130,5130,52083,268574230,2713.0,26.72,1.8908956874308882,192.0,0.39,20.0
039020,이건홀딩스,3730,3860,3650,3765,30458,112388785,6792.0,13.03,0.5544804549469965,289.0,0.8,30.0
060230,이그잭스,2300,2515,2300,2500,1310558,3199017275,663.0,0.0,0.0,0.0,0.0,0.0
067920,이글루시큐리티,4745,4785,4690,4725,19585,92575780,3565.0,13.05,1.3248159186535764,362.0,1.06,50.0
073490,이노와이어리스,17500,17500,17150,17450,43681,755111600,11194.0,0.0,0.0,0.0,0.0,0.0
215790,이노인스트루먼트,2025,2030,1960,1960,379513,760612960,1946.0,103.2,1.0074832990750258,19.0,0.0,0.0
088390,이녹스,10800,10800,10600,10650,22523,240577550,13256.0,14.87,0.8030255167471334,716.0,0.0,0.0
272290,이녹스첨단소재,68900,70100,67500,69000,97503,6695312300,0.0,0.0,0.0,0.0,0.0,0.0
053350,이니텍,9120,9310,9000,9040,59298,538160470,6263.0,17.22,1.4433727846080153,525.0,0.0,0.0
258610,이더블유케이,5840,6020,5710,5730,576369,3366448850,2111.0,8.54,2.7142164554713406,671.0,0.0,0.0
033110,이디,855,856,785,844,954450,799592373,645.0,0.0,0.0,0.0,0.0,0.0
041520,이라이콤,5990,6030,5910,5930,19214,114200400,18726.0,25.12,0.31664530599166935,236.0,12.98,770.0
054210,이랜텍,3770,3795,3720,3725,20103,75443490,7970.0,5.19,0.4676825203889586,718.0,2.15,80.0
065440,이루온,2510,2580,2495,2505,88917,225431740,1293.0,0.0,0.0,0.0,0.0,0.0
036260,이매진아시아,1990,1990,1940,1945,128134,251248635,1363.0,0.0,0.0,0.0,0.0,0.0
115610,이미지스,3985,4110,3950,3990,84550,337749930,4138.0,38.38,0.9644755920734654,104.0,0.0,0.0
225440,이베스트스팩3호,2040,2040,2040,2040,19315,39402600,1988.0,120.0,1.0261569416498995,17.0,0.0,0.0
078020,이베스트투자증권,10800,11000,10800,10950,2649,28838400,9200.0,16.22,1.1899626358695652,675.0,4.7,515.0
080010,이상네트웍스,10550,10550,10300,10400,12914,134347700,7821.0,15.85,1.3295774197672932,656.0,0.48,50.0
086890,이수앱지스,13200,13450,12800,12900,265886,3484860450,2194.0,0.0,0.0,0.0,0.0,0.0
047560,이스트소프트,7240,7240,6960,7050,62152,441356340,3060.0,0.0,0.0,0.0,0.0,0.0
900110,이스트아시아홀딩스,538,545,532,536,437137,234453673,,,,,,
067010,이씨에스,4650,4660,4560,4610,10123,46791010,5517.0,11.3,0.8354404567699837,408.0,4.34,200.0
223310,이에스브이,1180,1215,1165,1205,3385838,4031888655,406.0,0.0,0.0,0.0,0.0,0.0
052190,이에스에이,0,0,0,2690,0,0,1847.0,0.0,0.0,0.0,0.0,0.0
226360,이엑스티,3100,3250,2995,3120,945786,2953190260,1958.0,164.2,1.5938457609805925,19.0,0.0,0.0
102710,이엔에프테크놀로지,17300,17600,16950,17250,111368,1914540000,11385.0,11.27,1.5150074110671936,1530.0,0.29,50.0
094190,이엘케이,1060,1100,1040,1070,796018,848579325,407.0,0.0,0.0,0.0,0.0,0.0
063760,이엘피,23300,23300,22500,23000,47483,1089039300,6467.0,7.82,3.558864958636153,2943.0,0.0,0.0
123570,이엠넷,5720,5820,5450,5480,209533,1176422940,3546.0,25.97,1.5452358291032149,211.0,0.36,20.0
095190,이엠코리아,5260,5270,5040,5160,2271125,11675843715,2388.0,0.0,0.0,0.0,0.0,0.0
091120,이엠텍,17700,17750,17200,17450,147105,2562686250,8641.0,20.84,2.019004600162018,837.0,1.15,200.0
039030,이오테크닉스,78000,78800,76600,77900,30089,2333589600,25861.0,50.0,3.0122578399907196,1558.0,0.13,100.0
088290,이원컴포텍,1560,1575,1535,1565,129559,200295090,776.0,0.0,0.0,0.0,0.0,0.0
033600,이젠텍,7590,8000,7480,8000,310239,2430067720,1842.0,0.0,0.0,0.0,0.0,0.0
181340,이즈미디어,6490,6630,6430,6570,51984,338965710,4138.0,7.94,1.587129765285162,827.0,0.0,0.0
035810,이지바이오,7110,7220,7090,7140,406438,2903339870,5914.0,16.34,1.2076798698004734,437.0,0.7,50.0
090850,이지웰페어,11300,12050,11250,11950,158148,1865810800,2311.0,0.0,0.0,0.0,0.33,40.0
092130,이크레더블,14150,14250,14050,14250,15652,221903150,3111.0,17.44,4.579375602700097,817.0,3.72,530.0
016250,이테크건설,140000,141700,138000,140800,7050,982691000,83417.0,10.61,1.6883783056810961,13275.0,0.53,750.0
096040,이트론,297,304,297,298,1987433,594324311,278.0,0.0,0.0,0.0,0.0,0.0
134060,이퓨쳐,5490,5490,5270,5360,10135,54198530,3554.0,127.6,1.5082301631963984,42.0,0.0,0.0
001840,이화공영,12050,12200,10600,10950,3550201,40299442750,2129.0,154.2,5.144081728511038,71.0,0.32,35.0
024810,이화전기,517,549,494,500,59432441,30754226307,270.0,0.0,0.0,0.0,0.0,0.0
041830,인바디,45150,46300,44900,45900,34566,1568535900,6745.0,36.78,6.805485544848035,1248.0,0.22,100.0
079950,인베니아,4095,4200,4015,4015,115375,476497335,1816.0,10.65,2.21060624311674,377.0,0.0,0.0
060150,인선이엔티,7450,7600,7350,7600,451252,3369039300,4239.0,584.5,1.7925218211842415,13.0,0.0,0.0
033230,인성정보,4735,4765,4605,4630,139805,648092105,2037.0,69.1,2.2736254295532645,67.0,0.0,0.0
037330,인지디스플레,1770,1770,1720,1740,44733,78157680,4092.0,11.3,0.4251512096774194,154.0,2.87,50.0
083640,인콘,12250,12850,12200,12450,442881,5564428300,1869.0,0.0,0.0,0.0,0.0,0.0
216050,인크로스,28150,28500,27800,28350,27904,785852450,6365.0,28.45,4.452366457187745,996.0,0.0,0.0
049070,인탑스,9320,9440,9320,9350,23585,220364500,22153.0,7.5,0.4221775831715795,1247.0,2.46,230.0
119610,인터로조,35550,36300,35100,35550,29756,1051349100,8252.0,20.11,4.308455525933107,1768.0,0.51,180.0
158310,인터불스,13350,13350,12050,12650,603312,7672470900,3460.0,0.0,0.0,0.0,0.0,0.0
017250,인터엠,2165,2265,2120,2215,1482906,3251277770,3679.0,138.5,0.6023375917368851,16.0,5.42,120.0
108790,인터파크,8620,8690,8560,8650,68897,593169100,4981.0,121.8,1.7363355751857057,71.0,1.16,100.0
035080,인터파크홀딩스,3445,3530,3445,3515,129892,454519240,6558.0,0.0,0.0,0.0,1.42,50.0
051370,인터플렉스,20400,20500,19600,19900,230266,4595330400,9891.0,0.0,0.0,0.0,0.0,0.0
064290,인텍플러스,5400,5450,5290,5380,55682,298538410,1535.0,0.0,0.0,0.0,0.0,0.0
189300,인텔리안테크,13650,14300,13550,14000,34969,486598750,8841.0,13.57,1.5840473362741772,1032.0,0.71,100.0
150840,인트로메딕,25250,25550,24650,25250,164636,4116504100,1877.0,0.0,0.0,0.0,0.0,0.0
048530,인트론바이오,45500,45950,45050,45750,66623,3032708950,3179.0,0.0,0.0,0.0,0.0,0.0
175140,인포마크,19950,20300,19800,20300,6815,136633850,7906.0,65.94,2.568776878320263,308.0,0.0,0.0
115310,인포바인,24900,25500,24900,25350,2601,65531950,23132.0,5.5,1.09491181047899,4605.0,3.55,900.0
039290,인포뱅크,7990,8230,7900,8140,92346,747849730,5728.0,42.4,1.4214385474860336,192.0,0.37,30.0
041020,인프라웨어,2120,2140,2055,2120,540048,1160263155,1482.0,0.0,0.0,0.0,0.0,0.0
071200,인피니트헬스케어,9470,9470,9110,9160,291792,2703481000,2858.0,31.48,3.205721877186844,291.0,0.0,0.0
101930,인화정공,7500,7550,7210,7230,133758,990178850,15044.0,0.0,0.0,0.0,0.69,50.0
078940,일경산업개발,1610,1610,1530,1555,282816,443643665,1169.0,0.0,0.0,0.0,0.0,0.0
068330,일신바이오,2860,2900,2815,2840,1213552,3463912080,746.0,45.8,3.8074731903485253,62.0,0.0,0.0
058450,일야,3770,3840,3500,3500,460587,1671348845,2632.0,16.36,1.3301315539513678,214.0,0.0,0.0
019540,일지테크,3825,3895,3825,3870,24482,94465645,9215.0,2.74,0.41958444960661967,1411.0,3.88,150.0
094820,일진파워,6190,6220,6100,6110,94069,579130760,4330.0,13.49,1.4115383227482678,453.0,3.27,200.0
950140,잉글우드랩,6180,6180,6020,6150,314317,1920252210,,,,,,
049550,잉크테크,4790,4790,4565,4675,88606,412040980,2252.0,0.0,0.0,0.0,0.0,0.0
043910,자연과환경,2540,2560,2345,2475,4790721,11825066130,654.0,0.0,0.0,0.0,0.0,0.0
234920,자이글,6420,6430,6340,6380,22607,144004350,6009.0,7.07,1.0624882988017974,903.0,4.7,300.0
174880,장원테크,8050,8140,7540,7670,144946,1132177390,10413.0,12.37,0.7363541966772303,620.0,2.61,200.0
049630,재영솔루텍,3035,3220,2890,3125,10683762,32941372790,1063.0,0.0,0.0,0.0,0.0,0.0
065530,전파기지국,28300,31800,27900,30600,196776,5927256400,15064.0,23.38,2.0311919144981414,1309.0,1.63,500.0
208140,정다운,3910,4015,3910,3935,279788,1105134705,1439.0,0.0,0.0,0.0,0.0,0.0
022220,정산애강,2975,3070,2910,3010,499323,1494759740,1061.0,32.38,2.8377709707822807,93.0,0.0,0.0
040420,정상제이엘에스,7440,7450,7390,7420,18075,133978650,3946.0,15.2,1.8801634566649772,488.0,5.8,430.0
045510,정원엔시스,2730,2775,2700,2745,4610,12533660,1174.0,34.75,2.338373083475298,79.0,0.0,0.0
065620,제낙스,28550,29050,28250,29000,49093,1404252250,1394.0,0.0,0.0,0.0,0.0,0.0
217190,제너셈,3200,3285,3170,3220,39379,125953145,3186.0,0.0,0.0,0.0,0.0,0.0
095700,제넥신,118000,118300,113700,114700,218795,25182103900,8750.0,0.0,0.0,0.0,0.0,0.0
187420,제노포커스,12800,13100,12750,12950,160448,2079024600,2898.0,148.9,4.469332298136646,87.0,0.0,0.0
123330,제닉,18850,19050,18250,19050,346710,6465433650,8884.0,105.8,2.1438822602431338,180.0,0.0,0.0
159580,제로투세븐,8210,9360,8090,9200,1318968,11574584660,3914.0,0.0,0.0,0.0,0.0,0.0
147830,제룡산업,13600,13850,12800,13350,706935,9542900250,4557.0,15.34,2.9293531928900594,870.0,0.56,75.0
033100,제룡전기,13500,14100,12600,13200,4705368,63539452950,3145.0,0.0,0.0,0.0,0.38,50.0
019570,제미니투자,732,743,719,735,938612,685873035,392.0,49.0,1.875,15.0,0.0,0.0
079370,제우스,15800,16000,15600,15600,9988,157007950,16275.0,8.31,0.9591935483870968,1878.0,1.28,200.0
054950,제이브이엠,48950,50100,48400,49600,5920,289208500,17717.0,27.28,2.7994193430038945,1818.0,0.65,320.0
096690,제이스테판,439,443,429,433,3019652,1309168869,457.0,0.0,0.0,0.0,0.0,0.0
090470,제이스텍,14000,14250,13850,14000,56974,798573950,3861.0,17.1,3.6259469696969697,819.0,0.71,100.0
137950,제이씨케미칼,4050,4050,3950,4000,17237,68700260,3506.0,6.07,1.140997129920137,659.0,2.5,100.0
033320,제이씨현시스템,8130,8350,8090,8140,221123,1815094900,3431.0,35.25,2.3732876712328768,231.0,0.31,25.0
026040,제이에스티나,9580,9900,9300,9420,929466,8907563120,4810.0,42.44,1.958653846153846,222.0,1.06,100.0
126880,제이엔케이히터,5210,5650,5040,5130,2018670,10850299080,4781.0,0.0,0.0,0.0,0.97,50.0
033050,제이엠아이,1145,1155,1125,1140,36992,41994805,1431.0,0.0,0.0,0.0,0.0,0.0
094970,제이엠티,4210,4345,4105,4140,143188,595058255,2221.0,96.25,1.8634624043223773,43.0,0.0,0.0
058420,제이웨이,2310,2380,2280,2345,123011,285562165,856.0,0.0,0.0,0.0,0.0,0.0
036420,제이콘텐트리,7640,7720,7410,7510,1022263,7688027610,736.0,43.9,10.20104449728261,171.0,0.0,0.0
089790,제이티,2920,2925,2845,2850,27101,78039570,1980.0,0.0,0.0,0.0,0.0,0.0
052670,제일바이오,3965,4030,3960,3970,129165,514439820,2282.0,58.38,1.7394829097283084,68.0,0.0,0.0
023440,제일제강,1570,1580,1520,1550,161381,248524535,2210.0,0.0,0.0,0.0,0.0,0.0
038010,제일테크노스,4515,4595,4280,4295,173706,767898685,7395.0,16.58,0.580626690331305,259.0,1.4,60.0
003380,제일홀딩스,15650,15750,15350,15600,167757,2601266300,16058.0,4.49,0.9707186935639557,3473.0,0.0,0.0
080220,제주반도체,5530,5530,5350,5400,112707,608483660,1615.0,0.0,0.0,0.0,0.0,0.0
082270,젬백스,19900,19950,18950,19300,315825,6092426600,1747.0,0.0,0.0,0.0,0.0,0.0
044060,조광ILI,5660,5690,5400,5640,152366,848247270,4914.0,14.17,1.1478238196988197,398.0,1.42,80.0
034940,조아제약,6110,6120,5890,5910,316040,1887361920,1690.0,985.0,3.497041420118343,6.0,0.0,0.0
101730,조이맥스,17300,18550,17050,18300,97346,1767288700,8241.0,0.0,0.0,0.0,0.0,0.0
067000,조이시티,15050,15350,15000,15100,25295,383070750,3844.0,0.0,0.0,0.0,0.0,0.0
033340,좋은사람들,6950,7130,6500,6700,17742638,121500162800,3072.0,0.0,0.0,0.0,0.0,0.0
036930,주성엔지니어링,10550,10550,10300,10500,328269,3426285550,3062.0,15.53,3.4288455258001305,676.0,0.0,0.0
051980,중앙리빙테크,1850,1860,1725,1755,729143,1297282365,598.0,0.0,0.0,0.0,0.0,0.0
072020,중앙백신,25150,25850,24300,24600,155010,3879995650,8247.0,29.02,2.983539468897781,848.0,0.2,50.0
000440,중앙에너비스,30350,30650,30150,30650,758,23139800,37029.0,27.0,0.8275945880256016,1135.0,2.61,800.0
054180,중앙오션,5200,5650,5190,5500,1203000,6533332510,874.0,0.0,0.0,0.0,0.0,0.0
043610,지니뮤직,5800,5830,5330,5350,1251994,7056849830,1629.0,27.16,3.284089165131983,197.0,0.0,0.0
263860,지니언스,13950,14100,13850,14000,18649,260868600,4933.0,13.83,2.836825967970809,1012.0,0.0,0.0
155960,지디,0,0,0,1180,0,0,5076.0,0.0,0.0,0.0,0.0,0.0
208350,지란지교시큐리티,2645,2700,2580,2610,284729,749960740,642.0,0.0,0.0,0.0,0.65,17.0
114570,지스마트글로벌,12100,12200,11750,12000,180521,2161088000,4414.0,17.52,2.718215479157227,685.0,0.0,0.0
051160,지어소프트,2185,2280,2105,2165,287952,630918085,510.0,0.0,0.0,0.0,0.0,0.0
053050,지에스이,1675,1675,1660,1660,10816,18020270,1962.0,7.48,0.8464138952599388,222.0,3.61,60.0
119850,지엔씨에너지,5270,5390,5170,5260,420492,2213184690,3724.0,12.38,1.4131834888560688,425.0,2.28,120.0
065060,지엔코,3070,3100,2990,3030,2016879,6109921675,1720.0,0.0,0.0,0.0,0.0,0.0
204840,지엘팜텍,5350,5460,5180,5220,662149,3511009550,284.0,0.0,0.0,0.0,0.0,0.0
018290,지엠피,7800,7840,7600,7700,243449,1870374010,1917.0,0.0,0.0,0.0,0.0,0.0
111820,지와이커머스,4765,4975,4680,4955,709381,3448714035,4143.0,309.8,1.1962346125995655,16.0,0.0,0.0
115450,지트리비앤티,49000,49700,47700,48050,241805,11699269500,1532.0,0.0,0.0,0.0,0.0,0.0
018120,진로발효,31500,31700,31450,31650,1165,36811000,11120.0,13.27,2.8468658666816546,2385.0,3.82,1210.0
109820,진매트릭스,7620,7950,7620,7750,41391,322905180,1222.0,0.0,0.0,0.0,0.0,0.0
086060,진바이오텍,5920,5970,5780,5970,86941,509561190,4532.0,18.77,1.3167406774051191,318.0,0.5,30.0
036890,진성티이씨,10150,10950,10000,10600,1588198,16659729000,4423.0,20.23,2.3971992991182454,524.0,1.51,160.0
007370,진양제약,6350,6360,6130,6170,87615,545076470,4096.0,0.0,0.0,0.0,1.62,100.0
085660,차바이오텍,22450,22500,21950,22200,548640,12150528150,5661.0,64.75,3.923202614379085,343.0,0.0,0.0
900040,차이나그레이트,857,876,857,864,81281,70541780,,,,,,
900090,차이나하오란,0,0,0,773,0,0,,,,,,
094850,참좋은여행,12500,12600,12300,12400,34353,426571100,4515.0,24.84,2.7457433554817277,499.0,1.21,150.0
004650,창해에탄올,17300,17400,17100,17300,18164,313010150,13518.0,84.8,1.2799045716822015,204.0,2.89,500.0
096240,청담러닝,16150,16850,16000,16800,122082,2012094150,8434.0,0.0,0.0,0.0,4.76,800.0
013720,청보산업,2510,2550,2470,2545,67973,170161800,2601.0,70.7,0.9783737024221453,36.0,0.0,0.0
066360,체리부로,3570,3635,3540,3590,180405,648225020,2652.0,4.99,1.3542845022624435,720.0,0.0,0.0
047820,초록뱀,1880,1905,1835,1840,3281434,6101833035,1448.0,18.6,1.2712577693370166,99.0,0.0,0.0
094360,칩스앤미디어,7610,7630,7540,7600,31139,235568930,4034.0,15.38,1.8837653383738224,494.0,1.25,95.0
016920,카스,2175,2335,2135,2280,263255,597478805,1822.0,0.0,0.0,0.0,1.1,25.0
016170,카카오M,90900,91300,89900,91100,35668,3225215200,11579.0,36.78,7.868309547456603,2477.0,1.1,1004.0
026260,카테아,0,0,0,309,0,0,49.0,0.0,0.0,0.0,0.0,0.0
042000,카페24,125400,132000,123500,131600,218960,28196729700,1129.0,0.0,0.0,0.0,0.0,0.0
071850,캐스텍코리아,5140,5250,5110,5200,39269,203036230,8817.0,8.47,0.5897484972212771,614.0,2.5,130.0
180400,캔서롭,21600,22050,19250,19400,485890,10038697100,1667.0,0.0,0.0,0.0,0.0,0.0
050110,캠시스,2400,2445,2395,2400,518167,1249856995,1673.0,0.0,0.0,0.0,0.0,0.0
900310,컬러레이,3535,3625,3510,3590,447293,1599663140,,,,,,
078340,컴투스,162900,164500,160900,164500,97466,15857507600,49352.0,13.69,3.332015419841141,12014.0,0.85,1400.0
263700,케어랩스,58300,58600,56000,57400,78792,4514805400,2400.0,74.25,23.9146875,773.0,0.0,0.0
214370,케어젠,93300,93400,91500,92500,26888,2473979100,21859.0,42.72,4.2329846973786545,2166.0,1.08,1000.0
221980,케이디켐,14050,14200,14000,14200,4285,60424150,15850.0,6.97,0.8956052839116719,2037.0,3.87,550.0
043290,케이맥,12550,13000,12350,12600,52176,660174050,8537.0,8.51,1.4759365482605131,1481.0,0.0,0.0
250930,케이비제10호스팩,1995,2005,1995,2005,5683,11387585,1948.0,0.0,0.0,0.0,0.0,0.0
258790,케이비제11호스팩,2020,2030,2020,2020,872,1762455,0.0,0.0,0.0,0.0,0.0,0.0
232270,케이비제9호스팩,2000,2015,2000,2000,14735,29498280,1972.0,117.6,1.0140086206896552,17.0,0.0,0.0
192250,케이사인,1995,1995,1950,1995,1178948,2325766980,844.0,24.05,2.364799318720379,83.0,1.0,20.0
115500,케이씨에스,4850,5800,4785,4890,5186053,27969219040,1476.0,56.88,3.3138550135501355,86.0,1.43,70.0
089150,케이씨티,2645,2740,2640,2670,109173,293659245,2278.0,29.67,1.172286545215101,90.0,2.25,60.0
025880,케이씨피드,2900,2925,2855,2900,197370,571297200,3238.0,60.4,0.8954601605929586,48.0,1.21,35.0
093320,케이아이엔엑스,16750,16750,16200,16450,5421,88671650,10912.0,13.54,1.5075110829820382,1215.0,0.73,120.0
073010,케이에스피,0,0,0,3760,0,0,1029.0,0.0,0.0,0.0,0.0,0.0
105330,케이엔더블유,5380,5510,5300,5490,7446,40394150,7252.0,0.0,0.0,0.0,0.0,0.0
039420,케이엘넷,4580,4745,4410,4640,987750,4561206080,1306.0,66.3,3.55426875957121,70.0,0.43,20.0
083550,케이엠,9460,9690,9320,9560,236440,2246971380,7031.0,24.14,1.3596483430521975,396.0,0.31,30.0
032500,케이엠더블유,23950,23950,23150,23800,87313,2052915950,2830.0,84.7,8.408900176678445,281.0,0.0,0.0
064820,케이프,3070,3155,3070,3135,190911,594263790,6770.0,8.29,0.4628161927621861,378.0,0.0,0.0
256940,케이피에스,13600,13600,13100,13350,3391,44845550,2137.0,11.18,6.246395355638746,1194.0,0.0,0.0
024880,케이피에프,5390,5450,5220,5350,19174,102106450,8877.0,17.55,0.6028835051256055,305.0,2.8,150.0
042040,케이피엠테크,2585,2770,2505,2575,8149460,21387920800,835.0,0.0,0.0,0.0,0.0,0.0
054410,케이피티,6050,6060,6000,6060,528,3185350,5617.0,8.29,1.0787439358198327,731.0,0.83,50.0
217600,켐온,2380,2420,2305,2370,691710,1624583685,1943.0,148.1,1.2197632527020073,16.0,0.0,0.0
089010,켐트로닉스,6190,6460,6190,6400,44219,280244650,7218.0,0.0,0.0,0.0,0.0,0.0
220260,켐트로스,3925,3985,3910,3975,120077,473421590,1815.0,441.8,2.190495867768595,9.0,0.0,0.0
052400,코나아이,10500,10650,10500,10600,32705,345616100,11358.0,0.0,0.0,0.0,0.0,0.0
094860,코닉글로리,780,798,773,798,276956,217648524,265.0,53.2,3.01061320754717,15.0,0.0,0.0
046070,코다코,3175,3215,3025,3055,380154,1186673630,2902.0,10.29,1.053015700379049,297.0,1.64,50.0
047770,코데즈컴바인,3805,3895,3705,3795,803124,3033131910,675.0,97.3,5.6225,39.0,0.0,0.0
080530,코디,0,0,0,1795,0,0,2462.0,0.0,0.0,0.0,0.0,0.0
224060,코디엠,1435,1435,1335,1365,5319286,7292719485,235.0,0.0,0.0,0.0,0.0,0.0
078650,코렌,1715,1715,1635,1670,255485,425979110,1514.0,0.0,0.0,0.0,0.0,0.0
104540,코렌텍,10700,10950,10550,10650,42898,461830300,6303.0,86.56,1.6892253688719658,123.0,0.0,0.0
027050,코리아나,8040,8050,7820,7990,750443,5940421700,2034.0,61.94,3.9281895280235988,129.0,0.63,50.0
101670,코리아에스이,2285,2330,2205,2220,1202395,2730289930,1577.0,41.88,1.4073398858592263,53.0,1.8,40.0
123410,코리아에프티,2800,2825,2765,2820,42815,119438705,4276.0,7.0,0.6597287184284378,403.0,3.9,110.0
036690,코맥스,6150,6240,6090,6150,53092,327239720,3995.0,9.7,1.5398701501877348,634.0,0.81,50.0
049430,코메론,8500,8650,8430,8500,14262,120878240,12438.0,5.93,0.6831678877231067,1433.0,1.88,160.0
183300,코미코,37100,37850,36800,37500,65009,2429997800,5446.0,24.75,6.885099155343371,1515.0,1.23,462.0
041960,코미팜,39900,40600,38750,39000,513908,20446007650,1704.0,7800.0,22.887323943661972,5.0,0.0,0.0
089890,코세스,6100,6360,6100,6360,79432,494070030,509.0,0.0,0.0,0.0,0.0,0.0
009730,코센,1530,1565,1525,1555,490933,757976925,635.0,0.0,0.0,0.0,0.0,0.0
241710,코스메카코리아,38150,41700,37000,41300,244536,9863992300,9817.0,30.5,4.206682285830702,1354.0,0.0,0.0
069110,코스온,15150,15300,14500,14950,245159,3641116250,3314.0,37.66,4.511023310199155,397.0,0.0,0.0
166480,코아스템,19600,19900,19100,19250,395239,7689163750,4245.0,0.0,0.0,0.0,0.0,0.0
045970,코아시아홀딩스,5430,5500,5350,5380,4951,26606290,5990.0,0.0,0.0,0.0,0.0,0.0
029960,코엔텍,5280,5340,5240,5310,74071,391505460,2212.0,17.94,2.4003164556962027,296.0,0.47,25.0
102940,코오롱생명과학,81700,82500,80800,81400,31947,2593331300,22772.0,69.2,3.5760445942385384,1177.0,0.25,200.0
950160,코오롱티슈진(Reg.S),43550,43550,42700,42950,118117,5086610450,,,,,,
033290,코웰패션,5310,5340,5240,5330,217000,1148860100,1409.0,24.69,3.784599006387509,216.0,0.0,0.0
056360,코위버,8030,8060,7880,7920,64932,515415450,9025.0,11.19,0.8776454293628809,708.0,0.88,70.0
121850,코이즈,3670,3770,3635,3735,48196,177779330,2999.0,23.8,1.245785053351117,157.0,1.47,55.0
015710,코콤,7380,8600,7380,7710,1411130,11311568570,5365.0,17.72,1.4366554054054055,435.0,1.95,150.0
052330,코텍,16300,16550,16100,16300,56574,921603000,15602.0,6.53,1.0452846590180747,2497.0,1.84,300.0
126600,코프라,4210,4230,4150,4190,42974,179318240,4506.0,6.63,0.929753384376387,632.0,3.58,150.0
200130,콜마비앤에이치,31700,32000,31500,31900,35826,1134114050,4302.0,31.7,7.41360849604835,1006.0,0.41,130.0
225650,쿠첸,9010,9050,8880,8900,24883,223077230,6201.0,14.66,1.4346627560070957,607.0,0.0,0.0
060280,큐렉소,11550,11550,11050,11350,100427,1130882600,2621.0,12.93,4.331272653567341,878.0,0.0,0.0
040350,큐로컴,2575,2635,2555,2610,665427,1726137070,710.0,0.0,0.0,0.0,0.0,0.0
051780,큐로홀딩스,1000,1010,985,995,358088,357570867,888.0,0.0,0.0,0.0,0.0,0.0
115180,큐리언트,29000,29950,28000,28600,266844,7652048300,3369.0,0.0,0.0,0.0,0.0,0.0
182360,큐브엔터,2165,2165,2055,2105,234906,494957595,648.0,0.0,0.0,0.0,0.0,0.0
066310,큐에스아이,6170,6230,6050,6110,23181,141210600,6375.0,35.53,0.9586470588235294,172.0,0.0,0.0
016600,큐캐피탈,1080,1120,1065,1065,2400280,2629305640,651.0,30.44,1.6364247311827957,35.0,0.0,0.0
058530,크레아플래닛,2040,2080,1925,2030,13983479,28030103520,1196.0,1015.0,1.6973244147157192,2.0,0.0,0.0
043590,크로바하이텍,6110,6110,5760,5890,218497,1274837910,2597.0,0.0,0.0,0.0,0.0,0.0
114120,크루셜텍,1750,1925,1750,1885,4851690,8972592780,2013.0,377.0,0.9364133134624938,5.0,0.0,0.0
083790,크리스탈,27450,27450,26500,26950,175309,4698726800,3213.0,0.0,0.0,0.0,0.0,0.0
900250,크리스탈신소재,2160,2230,2095,2095,2426912,5230037375,,,,,,
045520,크린앤사이언스,14500,14500,14000,14100,83634,1187472850,4125.0,24.48,3.418909090909091,576.0,0.0,0.0
214150,클래시스,6790,7060,6760,6790,955869,6604769060,1927.0,452.8,3.5242605085625325,15.0,0.0,0.0
237880,클리오,36250,36900,35750,36800,27403,999425150,7840.0,27.0,4.6940051020408164,1363.0,1.63,600.0
226850,키움스팩4호,2025,2030,2020,2030,56737,114779650,1988.0,119.44,1.0213468309859155,17.0,0.0,0.0
054780,키이스트,2820,2835,2755,2760,1298645,3629514585,654.0,0.0,0.0,0.0,0.0,0.0
219130,타이거일렉,6930,7040,6790,6900,25957,178070650,5648.0,48.25,1.2216271246458923,143.0,0.0,0.0
065130,탑엔지니어링,6980,7150,6970,7010,77860,548201580,9703.0,10.51,0.7223241201174895,667.0,1.43,100.0
023160,태광,13800,14350,13800,14350,86009,1223581050,16426.0,46.9,0.8738166626080603,306.0,0.35,50.0
053620,태양,11150,11350,11100,11100,4437,49898850,16926.0,6.88,0.6559467498227579,1614.0,1.71,190.0
072520,태양씨앤엘,2215,2460,2205,2375,2058704,4856588120,627.0,0.0,0.0,0.0,0.0,0.0
044490,태웅,18550,19100,18400,18850,96970,1807474300,31701.0,24.67,0.5945967792814106,764.0,0.0,0.0
191420,테고사이언스,118800,119000,115600,116500,28141,3283705100,7016.0,560.0,16.60205245153934,208.0,0.0,0.0
182690,테라셈,1705,1720,1655,1665,43127,72642470,1178.0,0.0,0.0,0.0,0.0,0.0
066700,테라젠이텍스,22050,22500,20150,20600,3429037,72963550300,2590.0,254.4,7.955357142857143,81.0,0.0,0.0
095610,테스,29650,31400,29600,31350,361001,11076519800,7634.0,17.77,4.105130010479434,1764.0,0.7,220.0
131970,테스나,17300,17300,16300,16850,115964,1935436650,8537.0,153.1,1.9730291671547382,110.0,0.0,0.0
089030,테크윙,18600,18650,18150,18450,55652,1026019100,6056.0,21.55,3.045595277410832,856.0,1.19,220.0
054450,텔레칩스,13350,13600,12950,13100,77263,1021828600,5967.0,14.1,2.1954669955589075,929.0,0.99,130.0
091440,텔레필드,5400,5730,4945,5060,1294360,6834010505,3521.0,0.0,0.0,0.0,0.0,0.0
196450,텔루스,2090,2125,1985,2025,3540015,7253546500,622.0,0.0,0.0,0.0,0.0,0.0
200230,텔콘,15300,15350,14800,14800,1480689,22221641650,1149.0,0.0,0.0,0.0,0.0,0.0
215480,토박스코리아,1705,1750,1655,1705,491654,842329465,883.0,0.0,0.0,0.0,0.0,0.0
051360,토비스,8800,8820,8620,8730,123106,1075273710,9276.0,8.79,0.940873120148771,993.0,1.83,160.0
045340,토탈소프트,3930,3935,3705,3865,184133,703136645,694.0,31.94,5.568353746397695,121.0,0.0,0.0
057880,토필드,4480,4575,4155,4455,1103881,4821562740,1833.0,0.0,0.0,0.0,0.0,0.0
108230,톱텍,28600,28600,27300,27300,516207,14311492100,5141.0,38.12,5.309764637230111,716.0,0.55,150.0
079970,투비소프트,7870,7900,7620,7750,267036,2067922680,3017.0,0.0,0.0,0.0,0.39,30.0
066410,투윈글로벌,1025,1045,1010,1040,845923,867872815,337.0,0.0,0.0,0.0,0.0,0.0
052290,트레이스,0,0,0,1455,0,0,852.0,0.0,0.0,0.0,0.0,0.0
105550,트루윈,5400,5470,5270,5420,12901,69894320,3167.0,0.0,0.0,0.0,0.0,0.0
026150,특수건설,8700,9020,7940,8400,1652639,14161545550,6404.0,0.0,0.0,0.0,0.0,0.0
033830,티비씨,719,723,710,718,230971,164860086,1019.0,25.64,0.7045510304219823,28.0,1.39,10.0
064760,티씨케이,65300,65500,62400,62900,105734,6714674000,9763.0,32.28,6.441040151592748,1948.0,0.79,500.0
131290,티에스이,14500,14500,14100,14150,12342,175927400,10746.0,0.0,0.0,0.0,0.0,0.0
246690,티에스인베스트먼트,3955,4075,3930,3945,168679,669953970,927.0,58.0,4.254584681769148,68.0,0.0,0.0
062860,티엘아이,4870,4905,4840,4885,13444,65428760,10644.0,0.0,0.0,0.0,2.05,100.0
104480,티케이케미칼,2270,2300,2215,2270,398781,896953740,2720.0,25.52,0.8348862591911764,89.0,0.0,0.0
081150,티플랙스,2615,2670,2355,2365,5512545,13585396890,3524.0,31.95,0.67097935584563,74.0,0.85,20.0
130740,티피씨글로벌,3580,3665,3505,3530,55145,195802990,5598.0,6.76,0.6305139670418006,522.0,1.42,50.0
084730,팅크웨어,10700,11000,10400,10400,202526,2164716300,13612.0,40.0,0.7640317367029092,260.0,0.0,0.0
046210,파나진,8930,9070,8510,8680,174076,1515645960,711.0,0.0,0.0,0.0,0.0,0.0
034230,파라다이스,22150,22700,21900,22700,685370,15333264250,11481.0,35.1,1.9776723499695148,647.0,1.32,300.0
033540,파라텍,6560,6720,6520,6520,76296,501024010,4364.0,29.64,1.4942569890009165,220.0,0.77,50.0
043200,파루,3580,3605,3530,3550,211233,750978270,2842.0,21.02,1.2496976161154116,169.0,0.0,0.0
214450,파마리서치프로덕트,49000,49600,48300,48650,37927,1849759500,18132.0,33.06,2.6840944187072577,1472.0,0.62,300.0
177830,파버나인,4650,4695,4455,4645,66840,307568700,4929.0,14.2,0.9422645313451005,327.0,0.0,0.0
037070,파세코,5670,5690,5610,5680,9727,55028070,4799.0,27.84,1.1836059595749115,204.0,3.52,200.0
150900,파수닷컴,5640,5660,5510,5610,22366,124593440,1646.0,0.0,0.0,0.0,0.0,0.0
047310,파워로직스,4685,4710,4580,4600,188807,874910865,4568.0,22.12,1.0074430823117337,208.0,0.0,0.0
170790,파이오링크,5960,6020,5820,5960,17953,105487820,5348.0,0.0,0.0,0.0,0.0,0.0
049120,파인디앤씨,2895,2950,2855,2870,99019,284820375,2932.0,0.0,0.0,0.0,0.87,25.0
038950,파인디지털,4750,4775,4685,4740,5647,26734450,9039.0,0.0,0.0,0.0,1.05,50.0
106240,파인테크닉스,2435,2440,2385,2420,388094,932201105,3089.0,65.44,0.783809485270314,37.0,1.03,25.0
131760,파인텍,3915,3985,3800,3850,73148,283229025,6061.0,0.0,0.0,0.0,0.0,0.0
140860,파크시스템스,47050,48300,47000,47700,7479,356585800,4049.0,83.25,11.78124228204495,573.0,0.1,50.0
091700,파트론,8500,8700,8500,8620,233764,2008783160,6250.0,20.72,1.37904,416.0,2.32,200.0
194510,파티게임즈,0,0,0,10600,0,0,3935.0,0.0,0.0,0.0,0.0,0.0
038160,팍스넷,9000,9350,8980,9050,98793,904097200,3803.0,23.81,2.3793715487772813,380.0,0.0,0.0
032800,판타지오,1065,1090,1065,1075,382825,411715890,490.0,0.0,0.0,0.0,0.0,0.0
043090,팜스웰바이오,6280,6320,6060,6170,302308,1860281680,409.0,0.0,0.0,0.0,0.0,0.0
027710,팜스토리,1410,1410,1370,1380,237221,328153955,1559.0,7.34,0.8851126523412444,188.0,0.0,0.0
225590,패션플랫폼,2095,2095,2040,2065,35180,72439645,1999.0,129.0,1.0325162581290646,16.0,0.0,0.0
054300,팬스타엔터프라이즈,908,908,872,882,266290,235201713,667.0,0.0,0.0,0.0,0.0,0.0
068050,팬엔터테인먼트,6000,6000,5650,5690,79205,452758580,3972.0,86.2,1.432118580060423,66.0,0.0,0.0
222110,팬젠,20050,21000,19350,19500,257601,5162753600,3902.0,0.0,0.0,0.0,0.0,0.0
060900,퍼시픽바이오,1620,1655,1520,1585,1069245,1697683280,153.0,0.0,0.0,0.0,0.0,0.0
263750,펄어비스,255600,260000,254300,257300,59691,15330364300,7651.0,46.12,33.615605803162985,5576.0,0.0,0.0
087010,펩트론,72100,72300,70100,71600,85151,6050049400,7200.0,0.0,0.0,0.0,0.0,0.0
043370,평화정공,10050,10400,10000,10200,78293,796000550,23017.0,4.02,0.44321893871920753,2538.0,1.47,150.0
119500,포메탈,5060,5090,4940,5040,359295,1792845045,3346.0,31.7,1.5065143081291095,159.0,0.79,40.0
016670,포비스티앤씨,1510,1590,1490,1545,845133,1302599490,1433.0,26.64,1.0782667480809491,58.0,0.0,0.0
056730,포스링크,3000,3000,2850,2855,618466,1800921460,864.0,0.0,0.0,0.0,0.0,0.0
022100,포스코 ICT,7000,7020,6900,7000,418156,2908436400,2461.0,28.81,2.8449563185696873,243.0,0.71,50.0
009520,포스코엠텍,5850,6640,5300,5390,12692050,75558257680,1845.0,71.9,2.921747967479675,75.0,0.46,25.0
003670,포스코켐텍,37850,38350,37050,37250,332229,12443329700,9523.0,50.34,3.9120418985613776,740.0,0.81,300.0
189690,포시에스,8430,8830,8300,8800,95927,825188840,6041.0,29.33,1.4564538155934448,300.0,1.14,100.0
141020,포티스,2560,2560,2485,2500,183195,459387115,266.0,0.0,0.0,0.0,0.0,0.0
039230,폭스브레인,2150,2190,2080,2120,836811,1784680635,395.0,0.0,0.0,0.0,0.0,0.0
005670,푸드웰,6640,7030,6640,6950,163935,1130712750,5427.0,36.2,1.2802653399668324,192.0,1.08,75.0
094940,푸른기술,8190,10400,7800,10400,8311384,81644678860,3340.0,130.0,3.1137724550898205,80.0,0.0,0.0
007330,푸른저축은행,8010,8100,7990,7990,7949,63907190,14326.0,3.71,0.5577026690981433,2153.0,6.26,500.0
093380,풍강,3485,3555,3485,3500,41591,146479395,6099.0,18.12,0.5735571405148385,193.0,2.0,70.0
023900,풍국주정,12600,12600,12200,12300,51341,633294450,8466.0,17.25,1.4527817150956768,713.0,2.11,260.0
195440,퓨전데이타,7400,7660,7210,7210,19309,142611050,2095.0,43.7,3.4407816229116945,165.0,0.0,0.0
214270,퓨쳐스트림네트웍스,2680,2700,2600,2600,325003,856081480,493.0,0.0,0.0,0.0,0.0,0.0
220100,퓨쳐켐,23350,23700,22750,23300,34970,808354050,5609.0,0.0,0.0,0.0,0.0,0.0
035200,프럼파스트,5020,5060,4915,4950,95478,475027145,3292.0,13.16,1.5026579586877278,376.0,1.52,75.0
203690,프로스테믹스,11950,12150,11550,11700,684996,8060181750,993.0,119.4,11.781218529707957,98.0,0.0,0.0
053610,프로텍,18650,19350,18650,19050,35210,671490250,12814.0,12.57,1.486188812041517,1515.0,0.79,150.0
053160,프리엠스,8510,8630,8400,8530,20660,175181490,7025.0,25.69,1.2139857651245551,332.0,0.59,50.0
075130,플랜티넷,5610,5660,5570,5600,11145,62403800,7836.0,17.61,0.7146224157733537,318.0,2.68,150.0
023770,플레이위드,8280,8280,8010,8140,6508,52627080,3532.0,11.8,2.304599023216308,690.0,0.0,0.0
032580,피델릭스,2155,2170,2130,2155,58219,125102905,1170.0,0.0,0.0,0.0,0.0,0.0
051380,피씨디렉트,4140,4195,4100,4175,10999,45449720,3591.0,24.12,1.1622458925090504,173.0,0.48,20.0
241820,피씨엘,16150,16250,15300,15850,61929,971886050,1012.0,0.0,0.0,0.0,0.0,0.0
237750,피앤씨테크,9740,10050,9210,9660,162066,1579503030,7878.0,10.03,1.2262114432597107,963.0,0.0,0.0
131390,피앤이솔루션,16400,17100,16300,16400,306281,5112824250,3232.0,48.38,5.073986695544554,339.0,0.0,0.0
054340,피앤텔,4215,4490,4160,4230,4626093,19970629110,1560.0,0.0,0.0,0.0,0.0,0.0
024850,피에스엠씨,829,844,805,826,367276,299816354,503.0,0.0,0.0,0.0,0.0,0.0
031980,피에스케이,23600,23750,22900,23700,185886,4311561150,9783.0,24.53,2.4222822753756517,966.0,1.05,250.0
002230,피에스텍,6090,6090,5880,5900,275850,1638782270,6980.0,24.48,0.8453774176217765,241.0,1.27,75.0
137400,피엔티,13800,14100,13700,14000,97415,1356112900,7288.0,36.2,1.9215920005488474,387.0,0.0,0.0
128660,피제이메탈,2480,2590,2315,2335,956639,2346481315,1505.0,23.6,1.5520141196013288,99.0,3.85,90.0
006140,피제이전자,8040,8040,7910,8040,6218,49649020,9704.0,10.41,0.827867374278648,772.0,3.01,242.0
087600,픽셀플러스,8900,8900,8790,8890,1948,17242300,12474.0,0.0,0.0,0.0,1.12,100.0
064800,필링크,3475,3485,3405,3455,842705,2898728790,1039.0,493.5,3.3248315688161694,7.0,0.0,0.0
161580,필옵틱스,29050,29300,28600,28900,8829,254543100,6750.0,8.78,4.280046296296296,3290.0,0.0,0.0
270520,하나금융10호스팩,1995,2010,1995,2010,765,1526250,0.0,0.0,0.0,0.0,0.0,0.0
230240,하나금융7호스팩,2020,2025,2015,2025,22249,44939100,1875.0,106.56,1.0798333333333334,19.0,0.0,0.0
261200,하나금융9호스팩,1995,2000,1995,1995,728,1452995,0.0,0.0,0.0,0.0,0.0,0.0
067310,하나마이크론,5140,5170,5090,5100,80490,411747750,5392.0,0.0,0.0,0.0,0.0,0.0
166090,하나머티리얼즈,40300,40700,38650,40100,49431,1946094250,5592.0,32.6,7.175054765736767,1231.0,0.0,0.0
136480,하림,3775,3805,3660,3705,1345999,4999700605,3441.0,11.76,1.076347264603313,315.0,1.35,50.0
024660,하림홀딩스,3985,3990,3895,3950,118860,467008610,4094.0,10.42,0.9647998595505618,379.0,1.27,50.0
149980,하이로닉,7210,7410,7100,7120,138497,999131140,3036.0,134.4,2.345808629776021,53.0,0.14,10.0
013030,하이록코리아,26800,26800,26250,26450,7817,207075250,22443.0,11.92,1.1787479670721384,2219.0,1.51,400.0
126700,하이비젼시스템,22100,22150,19900,20300,1040881,21441297800,5327.0,63.03,3.8100361366622866,322.0,0.1,20.0
200470,하이셈,3425,3460,3375,3430,85428,290796435,2289.0,0.0,0.0,0.0,0.0,0.0
235010,하이에이아이1호스팩,2020,2020,2005,2010,5203,10441085,1927.0,223.4,1.0432667358588479,9.0,0.0,0.0
217500,하이제3호스팩,2530,2530,2455,2470,45719,113710740,1901.0,130.0,1.2993161493950551,19.0,0.0,0.0
221840,하이즈항공,7010,7100,6990,7070,54305,381647950,4278.0,0.0,0.0,0.0,0.0,0.0
106190,하이텍팜,13400,13500,13000,13250,20620,272404500,14273.0,17.8,0.9289337823162614,745.0,1.13,150.0
066130,하츠,6990,7080,6790,6830,623225,4281157680,6053.0,21.02,1.1283790062778787,325.0,0.73,50.0
240540,한국4호스팩,2090,2130,2090,2100,14282,30238705,1894.0,350.0,1.1087645195353748,6.0,0.0,0.0
004590,한국가구,21650,22150,20900,21050,13630,291987950,27304.0,10.99,0.7709507421073836,1915.0,2.26,475.0
039340,한국경제TV,3605,3755,3595,3735,227174,838567600,3619.0,6.73,1.032166387468914,555.0,2.14,80.0
034950,한국기업평가,55000,55500,54700,54800,1613,88566500,19141.0,18.3,2.863875319993731,2996.0,3.55,1947.0
222980,한국맥널티,13400,13400,13100,13100,16333,215468550,5553.0,23.73,2.359332793084819,552.0,0.99,130.0
025550,한국선재,3515,3590,3395,3480,837597,2923110225,3342.0,32.84,1.0417227707959307,106.0,2.87,100.0
017890,한국알콜,9700,9910,9620,9910,141867,1385014020,11054.0,6.78,0.8968868735299439,1462.0,0.5,50.0
063570,한국전자금융,13500,13600,13200,13200,180691,2420589200,4156.0,25.83,3.1756910190086622,511.0,0.61,80.0
041460,한국전자인증,7490,7520,7190,7220,403584,2954631130,1466.0,27.66,4.923793485675307,261.0,0.64,46.0
101680,한국정밀기계,0,0,0,2410,0,0,12928.0,0.0,0.0,0.0,0.0,0.0
039740,한국정보공학,4850,4850,4605,4605,130461,612489415,6240.0,0.0,0.0,0.0,0.0,0.0
053300,한국정보인증,5670,5720,5640,5710,100778,573332530,2234.0,26.31,2.55586951656222,217.0,0.88,50.0
025770,한국정보통신,13000,13100,12700,13100,27825,358776100,3789.0,18.17,3.4578838413829507,721.0,0.0,0.0
271740,한국제5호스팩,2015,2015,2015,2015,6000,12090000,0.0,0.0,0.0,0.0,0.0,0.0
281410,한국제6호스팩,2000,2005,2000,2005,730,1460030,0.0,0.0,0.0,0.0,0.0,0.0
023760,한국캐피탈,634,655,634,649,210973,136152334,1179.0,10.3,0.5502146946564885,63.0,3.08,20.0
054040,한국컴퓨터,3650,3690,3605,3635,52708,191308880,6041.0,8.06,0.6019181426916074,451.0,3.58,130.0
050540,한국코퍼레이션,2365,2485,2365,2450,135243,328226640,653.0,0.0,0.0,0.0,0.0,0.0
021650,한국큐빅,2950,2950,2815,2880,192948,553978630,3543.0,16.55,0.8126323031329382,174.0,0.87,25.0
053590,한국테크놀로지,1620,1715,1605,1660,1502960,2507581550,647.0,0.0,0.0,0.0,0.0,0.0
037230,한국팩키지,3030,3315,2985,3090,5222935,16599759730,1594.0,25.12,1.938754705144291,123.0,0.97,30.0
030520,한글과컴퓨터,15800,16100,15700,15900,116898,1852935800,6872.0,23.25,2.314173457508731,684.0,1.26,200.0
052600,한네트,3025,3185,3010,3075,166047,515857480,3202.0,14.93,0.9604983213616489,206.0,3.9,120.0
092460,한라IMS,7880,7980,7710,7930,51832,406726960,6873.0,22.34,1.1540857340317183,355.0,0.76,60.0
047080,한빛소프트,4340,4530,4280,4410,395853,1756587000,819.0,0.0,0.0,0.0,0.0,0.0
070300,한솔시큐어,6370,6490,6210,6420,16279,103638180,2292.0,0.0,0.0,0.0,0.0,0.0
099660,한솔신텍,1235,1310,1215,1255,7123054,8959782880,1299.0,33.9,0.9657669361046959,37.0,0.0,0.0
221610,한솔씨앤피,7720,7740,7620,7710,2653,20412070,9745.0,5.23,0.7916820324525398,1475.0,6.49,500.0
070590,한솔인티큐브,0,0,0,1850,0,0,1908.0,0.0,0.0,0.0,0.0,0.0
042520,한스바이오메드,30450,30600,29900,30250,44408,1337218000,4749.0,61.62,6.371420299010318,491.0,0.33,100.0
078350,한양디지텍,3800,3900,3745,3770,23230,87722455,4359.0,0.0,0.0,0.0,0.0,0.0
045100,한양이엔지,14600,14700,14400,14550,68843,999694300,11969.0,5.01,1.2172333867699892,2907.0,1.72,250.0
046110,한일네트웍스,6780,6810,6710,6770,20498,138006710,3518.0,16.39,1.9241978752131894,413.0,0.0,0.0
024740,한일단조,1805,1820,1770,1800,285572,511191800,4823.0,10.17,0.37329916545718433,177.0,2.78,50.0
005860,한일사료,2150,2240,2120,2130,2227806,4859848590,1637.0,38.03,1.3010079413561393,56.0,1.17,25.0
123840,한일진공,2555,2640,2520,2525,1022136,2620447120,1460.0,64.75,1.729623287671233,39.0,0.0,0.0
007770,한일화학,12800,12950,12650,12850,1768,22517400,25087.0,14.2,0.5123700771315821,905.0,1.17,150.0
079170,한창산업,7220,7300,7090,7170,22222,159102510,9876.0,18.3,0.726242912110166,392.0,1.67,120.0
086960,한컴MDS,18000,18050,17450,17650,58008,1027540400,10762.0,15.51,1.63983373211299,1138.0,1.59,280.0
054920,한컴시큐어,4220,4340,4220,4245,242733,1039550785,4011.0,0.0,0.0,0.0,0.0,0.0
215090,한컴유니맥스,2290,2435,2275,2365,136361,321131225,1936.0,139.1,1.2216554752066116,17.0,0.0,0.0
077280,한컴지엠디,2700,2755,2690,2725,30752,83578325,3584.0,0.0,0.0,0.0,0.0,0.0
002680,한탑,2450,2495,2355,2425,239333,581472780,2277.0,59.16,1.0651762187088274,41.0,0.0,0.0
066110,한프,2355,2445,2350,2360,247627,590946345,1673.0,0.0,0.0,0.0,0.0,0.0
265920,한화수성스팩,1990,2005,1990,2000,1440,2867020,0.0,0.0,0.0,0.0,0.0,0.0
264290,한화에이스스팩3호,2060,2075,2045,2070,8737,18035470,0.0,0.0,0.0,0.0,0.0,0.0
279410,한화에이스스팩4호,2025,2025,2020,2020,497,1004940,0.0,0.0,0.0,0.0,0.0,0.0
102210,해덕파워웨이,24600,25900,24300,24900,263812,6607533150,11385.0,143.9,2.1862428634167763,173.0,0.4,100.0
220630,해마로푸드서비스,2620,2705,2600,2635,863797,2286998200,473.0,24.62,5.570560253699789,107.0,0.95,25.0
034810,해성산업,15900,16250,15450,15750,15758,249411200,14430.0,24.53,1.0914111226611227,642.0,0.79,125.0
076610,해성옵틱스,3635,3635,3470,3470,72156,254551710,4389.0,29.4,0.7905986557302347,118.0,0.0,0.0
220180,핸디소프트,5170,5200,5080,5150,28242,144363130,4843.0,19.14,1.063148487507743,269.0,0.0,0.0
008800,행남사,3170,3280,3015,3025,1406936,4381444050,2860.0,0.0,0.0,0.0,0.0,0.0
900270,헝셩그룹,2040,2060,2010,2010,288740,585164905,,,,,,
170030,현대공업,3815,3855,3780,3830,9180,34987830,6213.0,3.79,0.6159589771446966,1010.0,2.4,92.0
048410,현대아이비티,5820,5890,5670,5750,407874,2345892030,601.0,0.0,0.0,0.0,0.0,0.0
026180,현대정보기술,2400,2630,2400,2600,1423342,3610283160,847.0,236.4,3.0698051948051948,11.0,0.0,0.0
039010,현대통신,12400,12450,12200,12200,49381,606322700,5305.0,10.01,2.299627415174364,1219.0,1.07,130.0
204990,현성바이탈,4810,4810,4725,4765,44410,211509650,2059.0,14.18,2.313926663428849,336.0,0.0,0.0
092300,현우산업,4140,4200,4070,4080,62036,255031725,4991.0,15.88,0.817848690142256,257.0,1.96,80.0
053660,현진소재,3010,3115,2985,2985,158190,479826765,1344.0,13.82,2.2211216517857144,216.0,0.0,0.0
011080,형지I&C,1485,1500,1420,1450,327505,477724975,1348.0,0.0,0.0,0.0,0.0,0.0
060560,홈센타홀딩스,2140,2195,2125,2170,665981,1437698140,1984.0,7.36,1.0942619077620968,295.0,2.3,50.0
064240,홈캐스트,10350,10350,9990,10100,551005,5557578830,3539.0,26.1,2.8534278751059623,387.0,0.0,0.0
039610,화성밸브,7820,7860,7250,7740,235796,1794419780,7404.0,26.06,1.0454568476499189,297.0,0.65,50.0
126640,화신정공,1305,1320,1285,1290,111460,144440045,2261.0,11.83,0.5702192061034941,109.0,1.55,20.0
086250,화신테크,2120,2185,2085,2085,89345,190134225,2953.0,0.0,0.0,0.0,0.0,0.0
204630,화이브라더스코리아,4360,4390,4275,4375,68962,298587180,1559.0,0.0,0.0,0.0,0.0,0.0
061250,화일약품,8390,8390,8100,8180,179237,1471282180,6929.0,17.33,1.180383172174917,472.0,1.83,150.0
134780,화진,3610,3665,3570,3600,307791,1114104100,3668.0,8.33,0.9808478735005453,432.0,4.86,175.0
097870,효성오앤비,11100,11200,10600,10750,98284,1067438400,7043.0,16.69,1.5258767570637513,644.0,3.26,350.0
050090,휘닉스소재,1215,1235,1145,1195,5513570,6513211645,448.0,0.0,0.0,0.0,0.0,0.0
205470,휴마시스,2330,2335,2230,2275,519389,1186755630,1922.0,113.75,1.18366285119667,20.0,0.0,0.0
115160,휴맥스,8270,8350,8120,8170,56352,463636570,19670.0,30.27,0.4154407092018302,270.0,1.84,150.0
028080,휴맥스홀딩스,4550,4630,4530,4560,14184,64833525,15344.0,0.0,0.0,0.0,2.19,100.0
200670,휴메딕스,41900,42300,40950,41500,38158,1581288100,11692.0,37.2,3.5495424221690044,1116.0,1.2,500.0
065510,휴비츠,12550,12550,12350,12550,50503,628757100,6502.0,13.17,1.9306054867733005,953.0,0.8,100.0
243070,휴온스,126200,132300,124100,125500,77975,9994162100,13798.0,55.62,9.09479634729671,2256.0,0.0,0.0
084110,휴온스글로벌,75100,75800,73400,74500,44251,3294176400,30768.0,1.4,2.430247576113982,53395.0,0.54,400.0
145020,휴젤,490800,497100,482900,485000,47216,23091412900,76978.0,36.8,6.301518778092442,13177.0,0.0,0.0
024060,흥구석유,2920,2940,2900,2930,34623,101131820,4612.0,19.53,0.6352314614050304,150.0,3.41,100.0
010240,흥국,11050,11250,10800,11100,141348,1553706250,8070.0,18.9,1.375212980173482,587.0,1.35,150.0
189980,흥국에프엔비,9100,9120,8920,9050,5403,48588640,7555.0,19.05,1.1975202680344144,475.0,1.1,100.0
037440,희림,5320,5420,5060,5100,218462,1143146370,3510.0,30.55,1.4533698361823362,167.0,1.96,100.0
238490,힘스,18150,18450,17800,17800,23887,432721900,5381.0,11.55,3.3067709301245123,1541.0,0.0,0.0
