일자,종가,대비,등락률,시가,고가,저가,거래량,거래대금,시가총액,상장주식수
"2024/01/18","136200","5200","3.97","131500","136800","130600","3043559","407856165600","99153922113000","728002365"
"2024/01/17","131000","-1100","-0.83","133800","134500","129000","3822702","502258110100","95368309815000","728002365"
"2024/01/16","132100","-2000","-1.49","132600","133700","131100","3670169","485781577321","96169112416500","728002365"
"2024/01/15","134100","0","0.00","134800","135100","133300","1858867","249236618000","97625117146500","728002365"
"2024/01/12","134100","-1900","-1.40","136400","137300","133400","1878915","252938171800","97625117146500","728002365"
"2024/01/11","136000","2500","1.87","132400","137100","132400","3594909","485469304242","99008321640000","728002365"
"2024/01/10","133500","-3900","-2.84","137700","138100","132100","3769252","504545182100","97188315727500","728002365"
"2024/01/09","137400","1400","1.03","139000","139500","136600","3473806","480449816300","100027524951000","728002365"
"2024/01/08","136000","-1500","-1.09","137500","137900","135400","2498302","340752338000","99008321640000","728002365"
"2024/01/05","137500","1100","0.81","135800","137500","135800","1846781","252186160000","100100325187500","728002365"
"2024/01/04","136400","-400","-0.29","136800","138800","135800","2661970","364515557225","99299522586000","728002365"
"2024/01/03","136800","-5600","-3.93","140000","140800","136800","3257820","449799956600","99590723532000","728002365"
"2024/01/02","142400","900","0.64","139700","142800","139700","2147458","304025996500","103667536776000","728002365"
"2023/12/28","141500","1100","0.78","140900","141600","139500","2459473","346316771700","103012334647500","728002365"
"2023/12/27","140400","-500","-0.35","140800","141600","139200","2336777","327122137900","102211532046000","728002365"
"2023/12/26","140900","300","0.21","142000","142000","139400","2239789","315084165800","102575533228500","728002365"
"2023/12/22","140600","100","0.07","142700","143700","140600","3183709","450429179000","102357132519000","728002365"
"2023/12/21","140500","0","0.00","139200","140600","138100","2737124","380649944900","102284332282500","728002365"
"2023/12/20","140500","2300","1.66","139900","140800","139300","3108011","435406538900","102284332282500","728002365"
"2023/12/19","138200","-1800","-1.29","140000","140800","138100","2309721","320762801100","100609926843000","728002365"
"2023/12/18","140000","0","0.00","139000","140800","138900","2540812","355274996550","101920331100000","728002365"
"2023/12/15","140000","3300","2.41","137000","140000","137000","5011719","698129501600","101920331100000","728002365"
"2023/12/14","136700","5500","4.19","133700","138300","133600","8217135","1118923106350","99517923295500","728002365"
"2023/12/13","131200","200","0.15","130000","132400","130000","2852873","375666911300","95513910288000","728002365"
"2023/12/12","131000","2100","1.63","130600","131900","130500","3126577","410229009236","95368309815000","728002365"
"2023/12/11","128900","1400","1.10","128700","129100","127300","3696790","475006760500","93839504848500","728002365"
"2023/12/08","127500","1900","1.51","128100","129100","127500","2762531","354950602000","92820301537500","728002365"
"2023/12/07","125600","0","0.00","125600","127800","124500","2478565","313055554400","91437097044000","728002365"
"2023/12/06","125600","-300","-0.24","126800","127500","125400","2667583","336768582237","91437097044000","728002365"
"2023/12/05","125900","-5200","-3.97","129700","130000","125400","4375531","555494298000","91655497753500","728002365"
"2023/12/04","131100","-1500","-1.13","133400","134600","131100","2680820","355855850505","95441110051500","728002365"
"2023/12/01","132600","-1300","-0.97","132200","133000","130800","3641222","480440675249","96533113599000","728002365"
"2023/11/30","133900","3500","2.68","129900","133900","129900","3625365","479403393700","97479516673500","728002365"
"2023/11/29","130400","-1000","-0.76","130200","131000","128900","2227853","289214020100","94931508396000","728002365"
"2023/11/28","131400","700","0.54","132100","132100","129900","2562226","335435847120","95659510761000","728002365"
"2023/11/27","130700","2700","2.11","129200","130700","128400","2264243","294264762162","95149909105500","728002365"
"2023/11/24","128000","-2100","-1.61","130600","131000","128000","1925668","248264485500","93184302720000","728002365"
"2023/11/23","130100","-1200","-0.91","130600","131400","129500","1839516","239372172300","94713107686500","728002365"
"2023/11/22","131300","-700","-0.53","129600","131600","129500","2128566","277704556400","95586710524500","728002365"
"2023/11/21","132000","600","0.46","132000","133300","131600","2439306","323127569100","96096312180000","728002365"
"2023/11/20","131400","1500","1.15","129300","132000","129300","2004403","263071361900","95659510761000","728002365"
"2023/11/17","129900","-2400","-1.81","131500","132000","129100","2438499","317746118121","94567507213500","728002365"
"2023/11/16","132300","-1800","-1.34","133000","134400","131200","2456351","324968349900","96314712889500","728002365"
"2023/11/15","134100","4100","3.15","133900","134200","132100","3616292","483201236800","97625117146500","728002365"
"2023/11/14","130000","-1800","-1.37","133500","133500","130000","2589591","339259239200","94640307450000","728002365"
"2023/11/13","131800","1300","1.00","133000","134100","131000","2644761","350143668600","95950711707000","728002365"
"2023/11/10","130500","2500","1.95","127900","130800","127000","2656526","344793091564","95004308632500","728002365"
"2023/11/09","128000","400","0.31","127700","129800","126700","2228081","285946265000","93184302720000","728002365"
"2023/11/08","127600","-2800","-2.15","131600","132700","126600","3328279","429987206000","92893101774000","728002365"
"2023/11/07","130400","-2600","-1.95","132000","133500","129300","4940510","647966157110","94931508396000","728002365"
"2023/11/06","133000","7200","5.72","125800","133000","125800","6923192","905341125800","96824314545000","728002365"
"2023/11/03","125800","500","0.40","126500","127200","125000","2796773","352479149000","91582697517000","728002365"
"2023/11/02","125300","5000","4.16","123900","125400","123100","3736208","465048294508","91218696334500","728002365"
"2023/11/01","120300","4000","3.44","117900","120300","117000","2707225","322935014000","87578684509500","728002365"
"2023/10/31","116300","-2800","-2.35","119800","120900","116300","3166739","372828957600","84666675049500","728002365"
"2023/10/30","119100","0","0.00","119100","121700","118700","2798497","336055843200","86705081671500","728002365"
"2023/10/27","119100","-900","-0.75","119800","120900","117500","5486088","652149866016","86705081671500","728002365"
"2023/10/26","120000","-7500","-5.88","122100","124800","119500","5961584","725185301091","87360283800000","728002365"
"2023/10/25","127500","700","0.55","127500","129000","126100","3053002","389851835500","92820301537500","728002365"
"2023/10/24","126800","2800","2.26","125400","127000","123900","2802010","351862314800","92310699882000","728002365"
"2023/10/23","124000","-2200","-1.74","126800","127200","123500","2432303","303454210200","90272293260000","728002365"
"2023/10/20","126200","500","0.40","124300","127200","122800","3868266","483128643650","91873898463000","728002365"
"2023/10/19","125700","-4300","-3.31","127600","128900","125100","5089745","643718268150","91509897280500","728002365"
"2023/10/18","130000","0","0.00","128600","130700","127200","4760148","616161822200","94640307450000","728002365"
"2023/10/17","130000","5900","4.75","125000","130800","123500","6411880","822684114450","94640307450000","728002365"
"2023/10/16","124100","-600","-0.48","124700","125200","122400","3008476","372140441150","90345093496500","728002365"
"2023/10/13","124700","500","0.40","123100","126300","122500","3205273","399745331031","90781894915500","728002365"
"2023/10/12","124200","5000","4.19","121100","124200","120500","4016352","493611277500","90417893733000","728002365"
"2023/10/11","119200","-300","-0.25","123000","123900","119200","4293299","522118015700","86777881908000","728002365"
"2023/10/10","119500","-900","-0.75","122800","124300","119500","5580659","680705683613","86996282617500","728002365"
"2023/10/06","120400","200","0.17","120200","121600","119000","4158083","499481029916","87651484746000","728002365"
"2023/10/05","120200","4800","4.16","122900","122900","118100","6112858","735305085666","87505884273000","728002365"
"2023/10/04","115400","700","0.61","113000","116600","113000","4447702","510143127671","84011472921000","728002365"
"2023/09/27","114700","-300","-0.26","113000","115200","112300","3060751","348466084800","83501871265500","728002365"
"2023/09/26","115000","-2000","-1.71","117000","117200","113300","3237819","371320676412","83720271975000","728002365"
"2023/09/25","117000","-300","-0.26","115900","117700","115700","2181722","254825302750","85176276705000","728002365"
"2023/09/22","117300","800","0.69","114300","117300","114200","2938386","341101738500","85394677414500","728002365"
"2023/09/21","116500","-1500","-1.27","116000","116900","114100","3151900","364611621800","84812275522500","728002365"
"2023/09/20","118000","-1200","-1.01","118900","119700","116700","2228681","262797287900","85904279070000","728002365"
"2023/09/19","119200","200","0.17","119400","121300","118600","1921912","230047588700","86777881908000","728002365"
"2023/09/18","119000","-3400","-2.78","120300","122900","118800","2356621","282705935000","86632281435000","728002365"
"2023/09/15","122400","200","0.16","122900","124400","121600","3579662","440233706194","89107489476000","728002365"
"2023/09/14","122200","3700","3.12","118600","122200","118600","3948784","477795104066","88961889003000","728002365"
"2023/09/13","118500","1800","1.54","117900","120700","116900","3860589","459528455530","86268280252500","728002365"
"2023/09/12","116700","800","0.69","115400","117500","113900","2749688","318540598500","84957875995500","728002365"
"2023/09/11","115900","2200","1.93","113700","116000","112900","2542590","291666361832","84375474103500","728002365"
"2023/09/08","113700","-4800","-4.05","117000","117100","112800","4943255","564691269150","82773868900500","728002365"
"2023/09/07","118500","300","0.25","118200","120900","117100","2995088","354989251824","86268280252500","728002365"
"2023/09/06","118200","-1200","-1.01","118600","120000","117800","1615519","191335016200","86049879543000","728002365"
"2023/09/05","119400","200","0.17","118100","121000","117700","1749591","209186512876","86923482381000","728002365"
"2023/09/04","119200","-800","-0.67","118300","119700","116200","3491280","410802524712","86777881908000","728002365"
"2023/09/01","120000","-1800","-1.48","121400","122600","119600","2886011","349554847550","87360283800000","728002365"
"2023/08/31","121800","2400","2.01","121000","122800","120000","4403695","536628688400","88670688057000","728002365"
"2023/08/30","119400","800","0.67","122400","122800","119400","2629711","318483532000","86923482381000","728002365"
"2023/08/29","118600","2700","2.33","118300","120300","117100","2682352","318899240750","86341080489000","728002365"
"2023/08/28","115900","-600","-0.52","117000","117500","115500","1746882","203166955500","84375474103500","728002365"
"2023/08/25","116500","-4400","-3.64","117400","118300","115300","3533647","412064064200","84812275522500","728002365"
"2023/08/24","120900","4900","4.22","122300","123600","120300","6368401","777700382800","88015485928500","728002365"
"2023/08/23","116000","-500","-0.43","116200","116800","114100","2573292","296654594300","84448274340000","728002365"
"2023/08/22","116500","100","0.09","120000","120900","114900","3349473","394055967122","84812275522500","728002365"
"2023/08/21","116400","-800","-0.68","117300","118500","115600","2621973","305368985600","84739475286000","728002365"
"2023/08/18","117200","2400","2.09","112600","118700","111800","3329697","387654165904","85321877178000","728002365"
"2023/08/17","114800","-1000","-0.86","114300","115500","112500","3064253","349242618000","83574671502000","728002365"
"2023/08/16","115800","900","0.78","117200","118500","115000","3870479","451316677964","84302673867000","728002365"
"2023/08/14","114900","-400","-0.35","114600","117300","114000","2038360","235064685900","83647471738500","728002365"
"2023/08/11","115300","-3200","-2.70","118000","119400","115200","2412381","282468444795","83938672684500","728002365"
"2023/08/10","118500","0","0.00","117400","118500","115100","2622604","306466245506","86268280252500","728002365"
"2023/08/09","118500","-100","-0.08","118500","119200","117200","2551668","302499781550","86268280252500","728002365"
"2023/08/08","118600","-3300","-2.71","121900","122400","118300","2729243","326267254600","86341080489000","728002365"
"2023/08/07","121900","1800","1.50","120600","124900","120500","3724826","457450449900","88743488293500","728002365"
"2023/08/04","120100","100","0.08","118300","120900","118100","2375384","284120415050","87433084036500","728002365"
"2023/08/03","120000","500","0.42","119000","121300","117200","3498537","417116021500","87360283800000","728002365"
"2023/08/02","119500","-5600","-4.48","123300","124800","118700","3765478","455931764700","86996282617500","728002365"
"2023/08/01","125100","1700","1.38","124000","126400","120700","4656047","574494829200","91073095861500","728002365"
"2023/07/31","123400","-4600","-3.59","128000","128500","122500","4623350","577960118323","89835491841000","728002365"
"2023/07/28","128000","4000","3.23","126200","129000","122000","8718746","1099755965250","93184302720000","728002365"
"2023/07/27","124000","11000","9.73","115000","124000","114100","9638980","1166647511236","90272293260000","728002365"
"2023/07/26","113000","-400","-0.35","116000","116100","111300","4995935","566739174400","82264267245000","728002365"
"2023/07/25","113400","-600","-0.53","114000","114200","112200","2678385","302982468900","82555468191000","728002365"
"2023/07/24","114000","-1100","-0.96","114100","114900","112900","2761991","314704114900","82992269610000","728002365"
"2023/07/21","115100","-1800","-1.54","114700","115100","113200","2745384","314031040220","83793072211500","728002365"
"2023/07/20","116900","-600","-0.51","116500","117500","115200","1949776","227004934438","85103476468500","728002365"
"2023/07/19","117500","-300","-0.25","118700","119100","116700","2580301","303068840800","85540277887500","728002365"
"2023/07/18","117800","600","0.51","117500","119000","116700","2299880","271400686500","85758678597000","728002365"
"2023/07/17","117200","-800","-0.68","116900","118700","116000","2427281","284032099050","85321877178000","728002365"
"2023/07/14","118000","3900","3.42","115500","120200","115300","5817889","687446848948","85904279070000","728002365"
"2023/07/13","114100","-1300","-1.13","115400","117000","113600","3421492","392887316500","83065069846500","728002365"
"2023/07/12","115400","2000","1.76","113200","115400","112800","2228477","254615105281","84011472921000","728002365"
"2023/07/11","113400","3100","2.81","111500","113400","111200","2209391","248007674800","82555468191000","728002365"
"2023/07/10","110300","-1500","-1.34","111800","112900","109700","3163245","352154449334","80298660859500","728002365"
"2023/07/07","111800","-2000","-1.76","112700","113000","111200","2781723","311282060902","81390664407000","728002365"
"2023/07/06","113800","-2900","-2.49","116000","116100","113100","3465047","395970292000","82846669137000","728002365"
"2023/07/05","116700","-1200","-1.02","118100","118200","116100","2483034","290663446600","84957875995500","728002365"
"2023/07/04","117900","300","0.26","118200","118400","117200","1988592","234573794200","85831478833500","728002365"
"2023/07/03","117600","2400","2.08","115300","118900","115300","3022009","356161886500","85613078124000","728002365"
"2023/06/30","115200","-1000","-0.86","114600","115500","113200","2674318","307081354902","83865872448000","728002365"
"2023/06/29","116200","1900","1.66","115200","117400","114500","4398301","509736175386","84593874813000","728002365"
"2023/06/28","114300","1300","1.15","114200","115200","112800","3178571","362174373750","83210670319500","728002365"
"2023/06/27","113000","-500","-0.44","114000","114000","110800","3602087","404090106100","82264267245000","728002365"
"2023/06/26","113500","-100","-0.09","113100","113900","111200","3350758","377116260700","82628268427500","728002365"
"2023/06/23","113600","-400","-0.35","114000","115200","112500","2987472","338956196800","82701068664000","728002365"
"2023/06/22","114000","-1100","-0.96","114200","115900","113400","2612402","298414032504","82992269610000","728002365"
"2023/06/21","115100","-1000","-0.86","116200","117500","114600","2728146","316320273700","83793072211500","728002365"
"2023/06/20","116100","1300","1.13","114000","117000","113200","3319570","383112262682","84521074576500","728002365"
"2023/06/19","114800","-4100","-3.45","118000","118500","113500","4208396","483981881685","83574671502000","728002365"
"2023/06/16","118900","-100","-0.08","117300","119800","116300","4303391","508120276437","86559481198500","728002365"
"2023/06/15","119000","200","0.17","120200","121100","118000","3778592","451452946944","86632281435000","728002365"
"2023/06/14","118800","-700","-0.59","118800","119700","118100","3240260","384922433566","86486680962000","728002365"
"2023/06/13","119500","4700","4.09","117000","120100","117000","6232477","740442624948","86996282617500","728002365"
"2023/06/12","114800","-600","-0.52","114400","115800","114000","2637721","302316769200","83574671502000","728002365"
"2023/06/09","115400","5700","5.20","110300","115600","108300","7950947","897664429420","84011472921000","728002365"
"2023/06/08","109700","1700","1.57","107000","109700","106700","4355468","473500652270","79861859440500","728002365"
"2023/06/07","108000","-700","-0.64","108700","109300","108000","3313460","359648205100","78624255420000","728002365"
"2023/06/05","108700","-1600","-1.45","110100","110500","108500","3316020","362112553050","79133857075500","728002365"
"2023/06/02","110300","0","0.00","111000","112700","109200","3991904","442052991272","80298660859500","728002365"
"2023/06/01","110300","1700","1.57","106000","110500","106000","5553560","600107176200","80298660859500","728002365"
"2023/05/31","108600","-1700","-1.54","110000","110900","108500","8166685","891972441357","79061056839000","728002365"
"2023/05/30","110300","1100","1.01","113200","113400","109500","9058509","1012143040580","80298660859500","728002365"
"2023/05/26","109200","5700","5.51","107500","110500","106100","10136706","1096927604183","79497858258000","728002365"
"2023/05/25","103500","5800","5.94","104300","104300","101100","7431586","764750693200","75348244777500","728002365"
"2023/05/24","97700","-200","-0.20","97400","97800","96300","2097933","203723251200","71125831060500","728002365"
"2023/05/23","97900","-300","-0.31","99000","99000","97000","2472514","241643643400","71271431533500","728002365"
"2023/05/22","98200","900","0.92","97700","99400","97100","4248401","418638683706","71489832243000","728002365"
"2023/05/19","97300","3700","3.95","95000","97900","94900","5062669","489879466873","70834630114500","728002365"
"2023/05/18","93600","1700","1.85","92800","94000","92000","3473641","324457640270","68141021364000","728002365"
"2023/05/17","91900","1500","1.66","92000","92000","90300","3340386","305490069300","66903417343500","728002365"
"2023/05/16","90400","4000","4.63","89500","90700","88500","5121364","460164236500","65811413796000","728002365"
"2023/05/15","86400","-800","-0.92","87000","87100","85500","2357794","203420188900","62899404336000","728002365"
"2023/05/12","87200","900","1.04","86300","87600","86200","2712372","235793346200","63481806228000","728002365"
"2023/05/11","86300","-600","-0.69","86900","87300","85000","2806299","242600516700","62826604099500","728002365"
"2023/05/10","86900","-400","-0.46","87200","87700","86300","2137658","186091132500","63263405518500","728002365"
"2023/05/09","87300","-1400","-1.58","88400","88600","86700","2297473","200540635200","63554606464500","728002365"
"2023/05/08","88700","0","0.00","89700","90000","87700","2615242","231943383150","64573809775500","728002365"
"2023/05/04","88700","-1100","-1.22","88900","89600","87500","1794303","158558052768","64573809775500","728002365"
"2023/05/03","89800","-400","-0.44","89000","90300","88600","1779615","159433627400","65374612377000","728002365"
"2023/05/02","90200","700","0.78","90900","90900","88900","2427349","218065220180","65665813323000","728002365"
"2023/04/28","89500","700","0.79","90800","91400","88700","3737493","336529892700","65156211667500","728002365"
"2023/04/27","88800","1400","1.60","87900","89200","86000","2980163","262133655500","64646610012000","728002365"
"2023/04/26","87400","1900","2.22","86400","88700","86200","3240654","283962551300","63627406701000","728002365"
"2023/04/25","85500","-1700","-1.95","87500","87800","83700","4096411","349602680716","62244202207500","728002365"
"2023/04/24","87200","-1900","-2.13","88100","88800","87000","2054455","179772891700","63481806228000","728002365"
"2023/04/21","89100","1400","1.60","87700","89800","87200","2624982","233579308586","64865010721500","728002365"
"2023/04/20","87700","-500","-0.57","86600","88400","86200","1746001","152681563100","63845807410500","728002365"
"2023/04/19","88200","600","0.68","88000","88500","86600","2024519","177187049700","64209808593000","728002365"
"2023/04/18","87600","-900","-1.02","89300","89300","87300","1763334","154881043900","63773007174000","728002365"
"2023/04/17","88500","-800","-0.90","89000","89000","87700","1877825","165629985700","64428209302500","728002365"
"2023/04/14","89300","600","0.68","90100","90300","88600","2324722","207696178100","65010611194500","728002365"
"2023/04/13","88700","-1600","-1.77","89500","90300","88200","4907552","436932206800","64573809775500","728002365"
"2023/04/12","90300","-1500","-1.63","91900","92000","89700","4751001","430111356720","65738613559500","728002365"
"2023/04/11","91800","1100","1.21","90700","92200","89900","5001836","456889153000","66830617107000","728002365"
"2023/04/10","90700","1600","1.80","88700","92500","88500","5387514","491625995414","66029814505500","728002365"
"2023/04/07","89100","5300","6.32","87900","89400","86000","10867359","959641473100","64865010721500","728002365"
"2023/04/06","83800","-800","-0.95","83900","84700","82700","5379170","449826182292","61006598187000","728002365"
"2023/04/05","84600","100","0.12","84300","85700","84100","4380498","371991935300","61589000079000","728002365"
"2023/04/04","84500","-2700","-3.10","85700","85900","83700","16808036","1412242302832","61516199842500","728002365"
"2023/04/03","87200","-1400","-1.58","89700","89700","86600","2502220","218381638252","63481806228000","728002365"
"2023/03/31","88600","-200","-0.23","89200","89500","87600","2676327","236686923700","64501009539000","728002365"
"2023/03/30","88800","1900","2.19","89900","90500","87700","4264354","379967206900","64646610012000","728002365"
"2023/03/29","86900","-1500","-1.70","87400","88700","86500","3070422","267552516300","63263405518500","728002365"
"2023/03/28","88400","2900","3.39","85300","88700","85200","3180431","277976981700","64355409066000","728002365"
"2023/03/27","85500","-1800","-2.06","87500","87800","84700","3211190","275196944500","62244202207500","728002365"
"2023/03/24","87300","-1200","-1.36","89100","90700","86700","4670908","412119310916","63554606464500","728002365"
"2023/03/23","88500","1600","1.84","85400","88500","85100","3091673","269658409250","64428209302500","728002365"
"2023/03/22","86900","3300","3.95","85200","87300","83800","2667268","228244628000","63263405518500","728002365"
"2023/03/21","83600","-100","-0.12","84100","85100","82900","1880231","157972273100","60860997714000","728002365"
"2023/03/20","83700","-300","-0.36","83800","85100","83000","2223378","186420482200","60933797950500","728002365"
"2023/03/17","84000","5000","6.33","81200","84800","81100","6239588","519703504600","61152198660000","728002365"
"2023/03/16","79000","-100","-0.13","76700","80200","76700","4804196","379790459748","57512186835000","728002365"
"2023/03/15","79100","-2000","-2.47","81900","82300","78800","5357314","430419363094","57584987071500","728002365"
"2023/03/14","81100","-3200","-3.80","82600","83000","81100","3359381","274475371900","59040991801500","728002365"
"2023/03/13","84300","1000","1.20","83200","84700","82400","2860341","239400949084","61370599369500","728002365"
"2023/03/10","83300","-2300","-2.69","83800","84400","83100","3559824","297865253747","60642597004500","728002365"
"2023/03/09","85600","-1200","-1.38","87300","87800","85300","3315016","284818757400","62317002444000","728002365"
"2023/03/08","86800","-2100","-2.36","87700","87800","86400","2790989","242544472500","63190605282000","728002365"
"2023/03/07","88900","-800","-0.89","89700","90000","88800","1610948","143989253400","64719410248500","728002365"
"2023/03/06","89700","2400","2.75","87900","89800","87500","2374415","211094486100","65301812140500","728002365"
"2023/03/03","87300","-800","-0.91","88500","89200","87200","2239958","196557947200","63554606464500","728002365"
"2023/03/02","88100","-1300","-1.45","89400","90300","87500","2744038","243438501500","64137008356500","728002365"
"2023/02/28","89400","-600","-0.67","91000","91000","88700","2082486","186728994200","65083411431000","728002365"
"2023/02/27","90000","-1000","-1.10","90100","90300","89100","1893345","169778834100","65520212850000","728002365"
"2023/02/24","91000","-1700","-1.83","93500","94000","91000","2496352","230723303704","66248215215000","728002365"
"2023/02/23","92700","3600","4.04","90000","93700","89600","3659678","336914485600","67485819235500","728002365"
"2023/02/22","89100","-2100","-2.30","89900","90300","88500","2301835","205245475100","64865010721500","728002365"
"2023/02/21","91200","-1300","-1.41","92500","92600","90900","1477419","135024242700","66393815688000","728002365"
"2023/02/20","92500","500","0.54","92700","93300","90700","1774617","163772334670","67340218762500","728002365"
"2023/02/17","92000","-900","-0.97","91400","92700","90900","1691509","155523968551","66976217580000","728002365"
"2023/02/16","92900","1200","1.31","91900","93400","91600","1812496","167987099000","67631419708500","728002365"
"2023/02/15","91700","-1700","-1.82","93800","94200","91200","1801577","165824028298","66757816870500","728002365"
"2023/02/14","93400","2800","3.09","91800","93500","91600","2185525","202966243344","67995420891000","728002365"
"2023/02/13","90600","-2900","-3.10","92000","92000","89900","3159031","286254901000","65957014269000","728002365"
"2023/02/10","93500","-900","-0.95","94300","94700","93100","1971090","185026575400","68068221127500","728002365"
"2023/02/09","94400","-500","-0.53","94800","94800","92600","2726568","255614856068","68723423256000","728002365"
"2023/02/08","94900","4100","4.52","91700","95000","91600","3964981","371349774862","69087424438500","728002365"
"2023/02/07","90800","1700","1.91","88800","91200","88800","2166265","195573743700","66102614742000","728002365"
"2023/02/06","89100","-3100","-3.36","91400","92000","89100","2819903","254020949707","64865010721500","728002365"
"2023/02/03","92200","-1200","-1.28","92400","93200","91300","2925123","269612957640","67121818053000","728002365"
"2023/02/02","93400","2000","2.19","94900","94900","92700","4350607","408022126000","67995420891000","728002365"
"2023/02/01","91400","2900","3.28","91200","91400","88500","3889171","350718422181","66539416161000","728002365"
"2023/01/31","88500","-2200","-2.43","90800","90800","86800","5185088","458628061505","64428209302500","728002365"
"2023/01/30","90700","-800","-0.87","91300","91600","90000","2603297","235870829400","66029814505500","728002365"
"2023/01/27","91500","-800","-0.87","91300","92800","90300","2553811","234318676392","66612216397500","728002365"
"2023/01/26","92300","900","0.98","90800","92300","90100","2319962","212172234400","67194618289500","728002365"
"2023/01/25","91400","3800","4.34","92000","92000","90600","3611901","330045592500","66539416161000","728002365"
"2023/01/20","87600","2100","2.46","86300","87800","86100","2386074","207492408800","63773007174000","728002365"
"2023/01/19","85500","400","0.47","84000","85800","84000","1674834","142678369200","62244202207500","728002365"
"2023/01/18","85100","-900","-1.05","86400","86500","84500","1494262","127203930200","61953001261500","728002365"
"2023/01/17","86000","200","0.23","86400","87200","85700","1586136","136762882075","62608203390000","728002365"
"2023/01/16","85800","100","0.12","86000","86500","84900","1512876","129809226600","62462602917000","728002365"
"2023/01/13","85700","-1100","-1.27","86800","87500","85400","2058890","177934277900","62389802680500","728002365"
"2023/01/12","86800","-500","-0.57","88100","88100","85800","3065582","265514341800","63190605282000","728002365"
"2023/01/11","87300","800","0.92","87800","88400","86500","3083961","269531771800","63554606464500","728002365"
"2023/01/10","86500","500","0.58","85500","87200","85000","3105311","268141293128","62972204572500","728002365"
"2023/01/09","86000","2900","3.49","84900","86000","83500","3948670","336551433700","62608203390000","728002365"
"2023/01/06","83100","1700","2.09","81400","83600","81100","3687430","305364269050","60496996531500","728002365"
"2023/01/05","81400","400","0.49","83300","83300","80800","3510964","287338025380","59259392511000","728002365"
"2023/01/04","81000","5400","7.14","75400","81900","75200","5154609","411463313200","58968191565000","728002365"
"2023/01/03","75600","-100","-0.13","75600","76300","73100","2719437","203401949925","55036978794000","728002365"
"2023/01/02","75700","700","0.93","75100","76700","75000","1376985","104385549300","55109779030500","728002365"
"2022/12/29","75000","-1000","-1.32","75200","75600","74700","1736661","130328025000","54600177375000","728002365"
"2022/12/28","76000","-1000","-1.30","76800","77000","75400","1891221","143606781400","55328179740000","728002365"
"2022/12/27","77000","0","0.00","77500","77600","76500","1694225","130482411200","56056182105000","728002365"
"2022/12/26","77000","-800","-1.03","77700","77700","76500","1414717","109027729300","56056182105000","728002365"
"2022/12/23","77800","-1400","-1.77","77800","78300","77300","1554446","120957863400","56638583997000","728002365"
"2022/12/22","79200","1200","1.54","78500","79300","77900","2061883","162399818300","57657787308000","728002365"
"2022/12/21","78000","-300","-0.38","78500","79200","78000","1513864","118631570500","56784184470000","728002365"
"2022/12/20","78300","-700","-0.89","78200","78900","77800","1361926","106598485400","57002585179500","728002365"
"2022/12/19","79000","600","0.77","78300","80100","78300","1813544","143667793100","57512186835000","728002365"
"2022/12/16","78400","-1800","-2.24","77700","79400","77500","3827227","300436871699","57075385416000","728002365"
"2022/12/15","80200","-1600","-1.96","80600","81100","79900","1713617","137744973300","58385789673000","728002365"
"2022/12/14","81800","-500","-0.61","82100","82600","81100","2357491","192626410600","59550593457000","728002365"
"2022/12/13","82300","1200","1.48","81300","82700","80500","2761104","225567255000","59914594639500","728002365"
"2022/12/12","81100","-400","-0.49","80100","81300","79500","1242007","100209141200","59040991801500","728002365"
"2022/12/09","81500","2700","3.43","79400","81500","79300","2985508","240904110800","59332192747500","728002365"
"2022/12/08","78800","-100","-0.13","78200","79800","78200","3809847","300349172100","57366586362000","728002365"
"2022/12/07","78900","-2100","-2.59","79900","80700","78700","3589926","284643046300","57439386598500","728002365"
"2022/12/06","81000","0","0.00","79900","81100","79800","2781352","223988414410","58968191565000","728002365"
"2022/12/05","81000","-900","-1.10","81900","82300","80700","3516456","286141303500","58968191565000","728002365"
"2022/12/02","81900","-2800","-3.31","83900","83900","81800","4594058","379357522580","59623393693500","728002365"
"2022/12/01","84700","-300","-0.35","87300","87300","84600","2878591","247276783100","61661800315500","728002365"
"2022/11/30","85000","1300","1.55","83200","85400","83100","3332708","282110177452","61880201025000","728002365"
"2022/11/29","83700","600","0.72","82700","83800","82100","1501783","125168335400","60933797950500","728002365"
"2022/11/28","83100","-2000","-2.35","84100","84200","82900","2471506","205831023300","60496996531500","728002365"
"2022/11/25","85100","-1800","-2.07","87200","87300","85100","1439011","123372985900","61953001261500","728002365"
"2022/11/24","86900","1700","2.00","86900","87200","85700","2148255","185804986018","63263405518500","728002365"
"2022/11/23","85200","0","0.00","86100","86700","84900","1480400","126638514702","62025801498000","728002365"
"2022/11/22","85200","-1100","-1.27","85500","86600","84900","1617131","138259167400","62025801498000","728002365"
"2022/11/21","86300","-2100","-2.38","87600","87700","86100","2111523","182763598700","62826604099500","728002365"
"2022/11/18","88400","700","0.80","88700","91500","88100","2981192","267105986700","64355409066000","728002365"
"2022/11/17","87700","-3800","-4.15","82400","88500","82000","3703870","323608613600","63845807410500","728002365"
"2022/11/16","91500","-100","-0.11","92000","92400","90300","2609199","238677656700","66612216397500","728002365"
"2022/11/15","91600","700","0.77","91300","92100","90400","2460465","224722829263","66685016634000","728002365"
"2022/11/14","90900","-2600","-2.78","93900","93900","90900","2483441","227841495800","66175414978500","728002365"
"2022/11/11","93500","4400","4.94","95200","95300","92500","5002149","468889493882","68068221127500","728002365"
"2022/11/10","89100","-100","-0.11","89000","90800","88300","3856811","345585623552","64865010721500","728002365"
"2022/11/09","89200","1500","1.71","88100","89200","86600","2619752","231597454400","64937810958000","728002365"
"2022/11/08","87700","1200","1.39","87600","89000","87400","2799575","246892477700","63845807410500","728002365"
"2022/11/07","86500","2000","2.37","85400","86800","85000","2765284","238246097100","62972204572500","728002365"
"2022/11/04","84500","1800","2.18","82700","84600","81700","3032985","252333968000","61516199842500","728002365"
"2022/11/03","82700","-1800","-2.13","82600","83500","81900","2901380","240312463400","60205795585500","728002365"
"2022/11/02","84500","600","0.72","84200","85500","83600","2536363","215008401184","61516199842500","728002365"
"2022/11/01","83900","1200","1.45","82700","83900","81400","3820185","316973841612","61079398423500","728002365"
"2022/10/31","82700","-700","-0.84","84300","85400","82400","6271574","524946910700","60205795585500","728002365"
"2022/10/28","83400","-6600","-7.33","87100","87800","83000","7748514","658733740180","60715397241000","728002365"
"2022/10/27","90000","-3900","-4.15","95100","95100","89800","4550273","417479104112","65520212850000","728002365"
"2022/10/26","93900","400","0.43","93300","95500","93200","3310322","313156219700","68359422073500","728002365"
"2022/10/25","93500","1700","1.85","91900","94800","91000","2656194","248751488800","68068221127500","728002365"
"2022/10/24","91800","1300","1.44","92200","93100","91200","2165991","199715515400","66830617107000","728002365"
"2022/10/21","90500","300","0.33","89800","91400","89700","2206754","200305713600","65884214032500","728002365"
"2022/10/20","90200","-2700","-2.91","91000","91800","89000","4547678","409443868100","65665813323000","728002365"
"2022/10/19","92900","-2900","-3.03","94700","94900","92700","3684934","344615733005","67631419708500","728002365"
"2022/10/18","95800","600","0.63","95900","96200","94600","2618680","249330141200","69742626567000","728002365"
"2022/10/17","95200","-300","-0.31","94600","95300","94000","2134558","202198364600","69305825148000","728002365"
"2022/10/14","95500","600","0.63","96000","96600","94300","3516437","334828561464","69524225857500","728002365"
"2022/10/13","94900","900","0.96","93400","94900","92800","4390570","413619747582","69087424438500","728002365"
"2022/10/12","94000","3800","4.21","91000","94000","90900","4648231","430456023300","68432222310000","728002365"
"2022/10/11","90200","-1000","-1.10","89700","91200","88000","3840842","344912165400","65665813323000","728002365"
"2022/10/07","91200","1300","1.45","89600","91800","87800","3100583","280262013777","66393815688000","728002365"
"2022/10/06","89900","100","0.11","90900","92000","89800","3039698","275694996677","65447412613500","728002365"
"2022/10/05","89800","3600","4.18","90000","90400","88100","5927256","529349727543","65374612377000","728002365"
"2022/10/04","86200","3100","3.73","85200","87200","85200","4277404","369025972586","62753803863000","728002365"
"2022/09/30","83100","2300","2.85","80900","83900","80400","4711130","389466671870","60496996531500","728002365"
"2022/09/29","80800","-400","-0.49","82500","82900","80500","2064798","168860306500","58822591092000","728002365"
"2022/09/28","81200","-800","-0.98","81900","83500","80500","3068181","250759550200","59113792038000","728002365"
"2022/09/27","82000","-500","-0.61","82200","82700","80700","2606333","212481807800","59696193930000","728002365"
"2022/09/26","82500","-1000","-1.20","81500","83200","81500","3281145","270406192400","60060195112500","728002365"
"2022/09/23","83500","-2500","-2.91","85500","86600","83300","3932242","331082832100","60788197477500","728002365"
"2022/09/22","86000","-2000","-2.27","86300","86900","85900","2204430","190097055600","62608203390000","728002365"
"2022/09/21","88000","0","0.00","87500","88500","86300","2954420","258367974050","64064208120000","728002365"
"2022/09/20","88000","-2000","-2.22","89000","90600","87500","4259789","377081451100","64064208120000","728002365"
"2022/09/19","90000","-1200","-1.32","90800","91500","90000","2078633","187933896900","65520212850000","728002365"
"2022/09/16","91200","-800","-0.87","90900","91400","90000","2243179","202932180200","66393815688000","728002365"
"2022/09/15","92000","-1000","-1.08","92900","93000","91500","1755820","161780125750","66976217580000","728002365"
"2022/09/14","93000","-1800","-1.90","91700","93400","91300","2444928","225687228700","67704219945000","728002365"
"2022/09/13","94800","4400","4.87","91700","95200","91700","3288428","307822983700","69014624202000","728002365"
"2022/09/08","90400","0","0.00","90500","91000","90000","2012123","181857897400","65811413796000","728002365"
"2022/09/07","90400","-1400","-1.53","91100","91100","89900","2053413","185294122800","65811413796000","728002365"
"2022/09/06","91800","700","0.77","91900","92900","91100","1389821","127635016700","66830617107000","728002365"
"2022/09/05","91100","-600","-0.65","91800","92400","90400","1706148","155580540800","66321015451500","728002365"
"2022/09/02","91700","-700","-0.76","92700","93300","91600","2036818","187983351400","66757816870500","728002365"
"2022/09/01","92400","-2800","-2.94","93900","93900","92300","2337521","216798395700","67267418526000","728002365"
"2022/08/31","95200","2000","2.15","92600","95500","92100","2421669","228286190480","69305825148000","728002365"
"2022/08/30","93200","700","0.76","92700","93400","92400","1595242","148058566200","67849820418000","728002365"
"2022/08/29","92500","-2600","-2.73","92700","93300","92000","2619260","241961435200","67340218762500","728002365"
"2022/08/26","95100","1000","1.06","95400","96800","94700","2301949","219965058400","69233024911500","728002365"
"2022/08/25","94100","900","0.97","93600","94100","92100","2189458","204612857400","68505022546500","728002365"
"2022/08/24","93200","-400","-0.43","93900","94200","93000","1447036","135255103300","67849820418000","728002365"
"2022/08/23","93600","-1600","-1.68","94100","95400","93600","1932822","182136272000","68141021364000","728002365"
"2022/08/22","95200","-1200","-1.24","95200","95600","94000","2293601","217611164989","69305825148000","728002365"
"2022/08/19","96400","700","0.73","97000","97500","95900","1890839","183002249900","70179427986000","728002365"
"2022/08/18","95700","-1400","-1.44","95900","96400","95300","1889587","180883903300","69669826330500","728002365"
"2022/08/17","97100","400","0.41","96800","97600","95900","1764674","170779402300","70689029641500","728002365"
"2022/08/16","96700","3400","3.64","94500","97600","94400","4267280","411907055726","70397828695500","728002365"
"2022/08/12","93300","0","0.00","92800","94400","92600","1910127","178991479200","67922620654500","728002365"
"2022/08/11","93300","1500","1.63","93500","94400","92600","5206962","486250440600","67922620654500","728002365"
"2022/08/10","91800","-3300","-3.47","91800","93000","91800","4356568","401100880900","66830617107000","728002365"
"2022/08/09","95100","-1200","-1.25","96000","96100","94500","3152955","299582643300","69233024911500","728002365"
"2022/08/08","96300","-2200","-2.23","97700","97700","95800","3206548","308609577400","70106627749500","728002365"
"2022/08/05","98500","1000","1.03","98100","98700","97400","2052852","201487221500","71708232952500","728002365"
"2022/08/04","97500","0","0.00","98000","98100","97100","1960526","191399858800","70980230587500","728002365"
"2022/08/03","97500","1000","1.04","96900","97500","96100","1703330","165151135000","70980230587500","728002365"
"2022/08/02","96500","-600","-0.62","97200","97200","96200","1916851","185073501100","70252228222500","728002365"
"2022/08/01","97100","-800","-0.82","97200","98100","96500","2007646","195150654462","70689029641500","728002365"
"2022/07/29","97900","-1500","-1.51","99900","100000","97400","3899079","382602153100","71271431533500","728002365"
"2022/07/28","99400","-600","-0.60","101000","101500","98900","3359717","335356694300","72363435081000","728002365"
"2022/07/27","100000","-500","-0.50","101000","101500","98600","3159499","315123152800","72800236500000","728002365"
"2022/07/26","100500","500","0.50","100500","101000","99100","1636970","164328558800","73164237682500","728002365"
"2022/07/25","100000","0","0.00","99100","101500","98900","2185108","219113615100","72800236500000","728002365"
"2022/07/22","100000","-2500","-2.44","102500","102500","100000","3126556","315391441000","72800236500000","728002365"
"2022/07/21","102500","500","0.49","102000","103000","100500","2143984","218487709000","74620242412500","728002365"
"2022/07/20","102000","2000","2.00","103000","104500","101000","3981053","406686893500","74256241230000","728002365"
"2022/07/19","100000","-1000","-0.99","100000","100500","98700","2709084","269911638800","72800236500000","728002365"
"2022/07/18","101000","2300","2.33","101000","103500","100000","4564780","464011815400","73528238865000","728002365"
"2022/07/15","98700","4700","5.00","95900","99000","95500","4457208","434627155600","71853833425500","728002365"
"2022/07/14","94000","0","0.00","92800","95500","92300","2550307","239956379900","68432222310000","728002365"
"2022/07/13","94000","700","0.75","94600","96400","93800","2721816","258620343000","68432222310000","728002365"
"2022/07/12","93300","-400","-0.43","94000","94000","91700","2385688","221641294600","67922620654500","728002365"
"2022/07/11","93700","-1100","-1.16","95000","95700","93500","1885425","178083167400","68213821600500","728002365"
"2022/07/08","94800","900","0.96","95900","96500","94500","2814478","269081541900","69014624202000","728002365"
"2022/07/07","93900","1800","1.95","91300","95200","91300","3330794","313090153800","68359422073500","728002365"
"2022/07/06","92100","-400","-0.43","92800","93600","90900","3981326","367383115600","67049017816500","728002365"
"2022/07/05","92500","3400","3.82","90400","93400","90400","3560085","328065708900","67340218762500","728002365"
"2022/07/04","89100","1600","1.83","87500","89600","86300","4331728","382388292200","64865010721500","728002365"
"2022/07/01","87500","-3500","-3.85","91000","92500","87100","4959176","440689971812","63700206937500","728002365"
"2022/06/30","91000","-3000","-3.19","91500","93100","91000","3098854","284596262600","66248215215000","728002365"
"2022/06/29","94000","-1300","-1.36","93300","94900","92900","2529973","237096895400","68432222310000","728002365"
"2022/06/28","95300","300","0.32","94500","95300","93700","2022966","191563545550","69378625384500","728002365"
"2022/06/27","95000","3400","3.71","92700","96100","92600","3408749","322782387700","69160224675000","728002365"
"2022/06/24","91600","1400","1.55","90500","92000","90500","3045970","278278274300","66685016634000","728002365"
"2022/06/23","90200","-2000","-2.17","92100","93000","89700","3983116","362603763000","65665813323000","728002365"
"2022/06/22","92200","-3000","-3.15","95700","95700","91700","3509830","326448858700","67121818053000","728002365"
"2022/06/21","95200","700","0.74","94700","95900","93900","2707302","256916587444","69305825148000","728002365"
"2022/06/20","94500","-1900","-1.97","96700","96800","93100","2386222","224647331300","68796223492500","728002365"
"2022/06/17","96400","-1000","-1.03","95100","96400","95000","3965464","379777056285","70179427986000","728002365"
"2022/06/16","97400","-500","-0.51","99900","101500","97100","3810703","379577327900","70907430351000","728002365"
"2022/06/15","97900","-1200","-1.21","98500","98900","96700","2578500","251800088000","71271431533500","728002365"
"2022/06/14","99100","100","0.10","96900","99600","96800","3242550","319154836100","72145034371500","728002365"
"2022/06/13","99000","-4500","-4.35","100000","101000","99000","4133447","412791154508","72072234135000","728002365"
"2022/06/10","103500","-2000","-1.90","104000","104500","102500","3480289","358674454500","75348244777500","728002365"
"2022/06/09","105500","-500","-0.47","105500","107000","104500","4640744","491231766000","76804249507500","728002365"
"2022/06/08","106000","2000","1.92","104500","107500","104500","3075530","326582976052","77168250690000","728002365"
"2022/06/07","104000","-3000","-2.80","105500","106000","103500","3174521","332407380500","75712245960000","728002365"
"2022/06/03","107000","0","0.00","108000","108500","107000","1638006","176160698000","77896253055000","728002365"
"2022/06/02","107000","-1000","-0.93","106000","107500","106000","3097583","330342100540","77896253055000","728002365"
"2022/05/31","108000","1000","0.93","106500","108000","105500","4024509","431706106000","78624255420000","728002365"
"2022/05/30","107000","1000","0.94","108000","108000","106000","2054526","219413029151","77896253055000","728002365"
"2022/05/27","106000","3000","2.91","105500","107000","105000","3686487","390822023500","77168250690000","728002365"
"2022/05/26","103000","-5000","-4.63","107500","108500","101500","8523001","893078934000","74984243595000","728002365"
"2022/05/25","108000","-500","-0.46","109500","110000","107000","4151560","449253686500","78624255420000","728002365"
"2022/05/24","108500","-4500","-3.98","111500","112000","108500","4491835","493006547000","78988256602500","728002365"
"2022/05/23","113000","500","0.44","113000","113500","111000","3160028","355053959000","82264267245000","728002365"
"2022/05/20","112500","1500","1.35","111500","113000","111000","2398978","269003284000","81900266062500","728002365"
"2022/05/19","111000","-2500","-2.20","110500","112500","110000","3680049","409121264500","80808262515000","728002365"
"2022/05/18","113500","1000","0.89","114000","115000","113000","3570113","407130704500","82628268427500","728002365"
"2022/05/17","112500","2000","1.81","111000","113000","110500","2056143","230228679500","81900266062500","728002365"
"2022/05/16","110500","-2000","-1.78","113500","114000","110000","3930044","437751618500","80444261332500","728002365"
"2022/05/13","112500","3500","3.21","109000","112500","109000","4003349","446418243500","81900266062500","728002365"
"2022/05/12","109000","-1500","-1.36","109500","111500","108500","4132948","453649533500","79352257785000","728002365"
"2022/05/11","110500","500","0.45","110500","112500","108000","3658168","404954668500","80444261332500","728002365"
"2022/05/10","110000","2500","2.33","107000","111000","107000","4141923","450008878000","80080260150000","728002365"
"2022/05/09","107500","0","0.00","107000","109000","106500","2203472","237914727500","78260254237500","728002365"
"2022/05/06","107500","-2000","-1.83","108000","108500","106500","2566813","276060648705","78260254237500","728002365"
"2022/05/04","109500","-500","-0.45","110500","111000","108500","2491890","272895368240","79716258967500","728002365"
"2022/05/03","110000","-500","-0.45","111000","112000","109500","2676115","296292858500","80080260150000","728002365"
"2022/05/02","110500","-2000","-1.78","110000","111500","110000","2175384","240458517500","80444261332500","728002365"
"2022/04/29","112500","3000","2.74","110000","112500","109500","3752415","418644000000","81900266062500","728002365"
"2022/04/28","109500","1000","0.92","109500","110000","108000","2804966","305740621500","79716258967500","728002365"
"2022/04/27","108500","-2500","-2.25","108000","109500","107500","3261290","352792663045","78988256602500","728002365"
"2022/04/26","111000","3000","2.78","109500","111000","108000","2969516","325299479000","80808262515000","728002365"
"2022/04/25","108000","-2500","-2.26","109000","109500","108000","2282343","247214177500","78624255420000","728002365"
"2022/04/22","110500","-2500","-2.21","110500","112000","110500","2360834","261795079000","80444261332500","728002365"
"2022/04/21","113000","500","0.44","112500","115000","112500","3199858","364498039000","82264267245000","728002365"
"2022/04/20","112500","0","0.00","112500","113000","111000","2905007","325207220500","81900266062500","728002365"
"2022/04/19","112500","3500","3.21","110000","112500","109500","3021192","337878469500","81900266062500","728002365"
"2022/04/18","109000","1000","0.93","107000","109500","106500","2670439","289567673000","79352257785000","728002365"
"2022/04/15","108000","-2000","-1.82","108000","108500","107000","3694012","397259250000","78624255420000","728002365"
"2022/04/14","110000","-3000","-2.65","113000","113000","110000","4715700","522072911000","80080260150000","728002365"
"2022/04/13","113000","2000","1.80","112000","113000","111000","2484490","278810904000","82264267245000","728002365"
"2022/04/12","111000","-500","-0.45","110500","113000","110500","2738163","305373585500","80808262515000","728002365"
"2022/04/11","111500","-500","-0.45","111000","113000","110500","2390786","266927086000","81172263697500","728002365"
"2022/04/08","112000","-1500","-1.32","113000","114000","110500","4268316","478158280000","81536264880000","728002365"
"2022/04/07","113500","500","0.44","111500","114500","110500","5027865","564777583500","82628268427500","728002365"
"2022/04/06","113000","-3500","-3.00","114500","115500","113000","4541938","515844891500","82264267245000","728002365"
"2022/04/05","116500","-500","-0.43","117500","118000","116000","2101474","245221124000","84812275522500","728002365"
"2022/04/04","117000","1000","0.86","115000","117500","114500","2470792","286487173000","85176276705000","728002365"
"2022/04/01","116000","-2000","-1.69","117000","117500","116000","3851558","448384562000","84448274340000","728002365"
"2022/03/31","118000","-3000","-2.48","119500","120000","117500","4558063","541078296000","85904279070000","728002365"
"2022/03/30","121000","1000","0.83","123000","123000","120500","3436282","418424383000","88088286165000","728002365"
"2022/03/29","120000","2000","1.69","119500","120500","118500","3375247","403039899000","87360283800000","728002365"
"2022/03/28","118000","0","0.00","117500","119500","116500","3234792","382155919000","85904279070000","728002365"
"2022/03/25","118000","-2500","-2.07","122000","123000","118000","5514940","657415420500","85904279070000","728002365"
"2022/03/24","120500","-3000","-2.43","121000","122000","119500","4215272","507615750500","87724284982500","728002365"
"2022/03/23","123500","0","0.00","124000","124500","122000","4085633","502102130435","89908292077500","728002365"
"2022/03/22","123500","1500","1.23","121000","124000","121000","2246439","275489017000","89908292077500","728002365"
"2022/03/21","122000","-2000","-1.61","124000","124500","121000","3433809","419325638500","88816288530000","728002365"
"2022/03/18","124000","0","0.00","124000","125000","121000","4493159","552672916000","90272293260000","728002365"
"2022/03/17","124000","7500","6.44","121000","124500","121000","7219813","886591077500","90272293260000","728002365"
"2022/03/16","116500","4000","3.56","115000","117000","114000","3739977","431645677000","84812275522500","728002365"
"2022/03/15","112500","-3500","-3.02","114500","115500","112000","3578256","404689423000","81900266062500","728002365"
"2022/03/14","116000","-1000","-0.85","115500","117000","114500","3172353","366557933000","84448274340000","728002365"
"2022/03/11","117000","-3000","-2.50","118500","119000","115500","3087532","360482875000","85176276705000","728002365"
"2022/03/10","120000","2000","1.69","121000","121500","118500","3912683","470385190000","87360283800000","728002365"
"2022/03/08","118000","-1500","-1.26","117000","119500","116500","3619045","427717571500","85904279070000","728002365"
"2022/03/07","119500","-5000","-4.02","119000","121000","119000","5203286","623418762500","86996282617500","728002365"
"2022/03/04","124500","-4500","-3.49","127500","128000","124000","3249773","406303906500","90636294442500","728002365"
"2022/03/03","129000","4000","3.20","128000","129500","127000","3088097","396561962000","93912305085000","728002365"
"2022/03/02","125000","1500","1.21","124500","126500","123000","2903340","361484132000","91000295625000","728002365"
"2022/02/28","123500","500","0.41","123000","123500","121000","3224264","395526449500","89908292077500","728002365"
"2022/02/25","123000","500","0.41","125500","126000","122500","3309625","410516337000","89544290895000","728002365"
"2022/02/24","122500","-6000","-4.67","125500","126000","122000","5748069","709502116804","89180289712500","728002365"
"2022/02/23","128500","0","0.00","130000","130500","127000","2752112","353756696750","93548303902500","728002365"
"2022/02/22","128500","-1500","-1.15","127000","129500","126000","3179806","405764197000","93548303902500","728002365"
"2022/02/21","130000","-1500","-1.14","129000","130500","127000","4048108","521940432500","94640307450000","728002365"
"2022/02/18","131500","-1500","-1.13","131500","133000","129500","3108887","407714952500","95732310997500","728002365"
"2022/02/17","133000","2500","1.92","130500","134000","130000","5433402","719950695198","96824314545000","728002365"
"2022/02/16","130500","3500","2.76","131000","132500","130000","3499809","459242437500","95004308632500","728002365"
"2022/02/15","127000","-5500","-4.15","131500","132000","127000","5097120","656447949000","92456300355000","728002365"
"2022/02/14","132500","500","0.38","130000","132500","129500","4962205","652422384500","96460313362500","728002365"
"2022/02/11","132000","2500","1.93","130500","132500","130000","6057207","795970823637","96096312180000","728002365"
"2022/02/10","129500","3500","2.78","129000","131000","127000","7269729","939935633500","94276306267500","728002365"
"2022/02/09","126000","1000","0.80","127000","128000","124500","4339337","548846549000","91728297990000","728002365"
"2022/02/08","125000","2000","1.63","124500","126000","123500","4054097","506437193000","91000295625000","728002365"
"2022/02/07","123000","-1500","-1.20","123000","123500","119500","4804261","583282342500","89544290895000","728002365"
"2022/02/04","124500","500","0.40","125500","127000","124000","3037097","379979452500","90636294442500","728002365"
"2022/02/03","124000","3500","2.90","124500","127000","124000","5171178","647974457000","90272293260000","728002365"
"2022/01/28","120500","7000","6.17","115000","121500","114500","4776510","568486717500","87724284982500","728002365"
"2022/01/27","113500","-4000","-3.40","119500","119500","111000","6679404","761226879000","82628268427500","728002365"
"2022/01/26","117500","-500","-0.42","119000","119500","117500","3416240","404643108500","85540277887500","728002365"
"2022/01/25","118000","-1000","-0.84","118000","120000","116500","5702595","672613722109","85904279070000","728002365"
"2022/01/24","119000","0","0.00","116500","120500","116500","4883822","577393696500","86632281435000","728002365"
"2022/01/21","119000","-6000","-4.80","121500","122500","118000","6465040","774548223500","86632281435000","728002365"
"2022/01/20","125000","-2000","-1.57","126000","126500","123500","5441986","677312323500","91000295625000","728002365"
"2022/01/19","127000","500","0.40","123500","128500","123500","4094609","517204557500","92456300355000","728002365"
"2022/01/18","126500","-500","-0.39","126500","127500","125000","3607850","455389993500","92092299172500","728002365"
"2022/01/17","127000","-1500","-1.17","127500","128000","124500","3730393","470158740000","92456300355000","728002365"
"2022/01/14","128500","-1000","-0.77","128500","129000","126000","3769648","479418370000","93548303902500","728002365"
"2022/01/13","129500","1000","0.78","128500","130000","128000","4155984","536433810500","94276306267500","728002365"
"2022/01/12","128500","500","0.39","129500","130000","126500","3552174","455036905500","93548303902500","728002365"
"2022/01/11","128000","3500","2.81","125500","128500","124500","3958787","502323396739","93184302720000","728002365"
"2022/01/10","124500","-2500","-1.97","126500","127000","123000","3449197","428295041000","90636294442500","728002365"
"2022/01/07","127000","2000","1.60","127000","129000","126500","3270119","417803212500","92456300355000","728002365"
"2022/01/06","125000","-500","-0.40","123500","127000","123000","3725569","466796608500","91000295625000","728002365"
"2022/01/05","125500","-3000","-2.33","129000","129000","121500","7414954","921467697500","91364296807500","728002365"
"2022/01/04","128500","0","0.00","129500","130000","127500","3622369","466570764500","93548303902500","728002365"
"2022/01/03","128500","-2500","-1.91","132000","132500","128000","3782213","490940041000","93548303902500","728002365"
"2021/12/30","131000","4000","3.15","131000","133500","130000","5172987","679015510000","95368309815000","728002365"
"2021/12/29","127000","-500","-0.39","127500","128500","125500","3832154","486662008000","92456300355000","728002365"
"2021/12/28","127500","1500","1.19","126500","128000","124500","4086063","514250426500","92820301537500","728002365"
"2021/12/27","126000","-2000","-1.56","128500","129000","126000","2684135","341063850000","91728297990000","728002365"
"2021/12/24","128000","500","0.39","129000","130000","128000","2462683","317105459500","93184302720000","728002365"
"2021/12/23","127500","500","0.39","129000","129000","126500","2398358","305473862500","92820301537500","728002365"
"2021/12/22","127000","2500","2.01","127500","128500","126000","3817689","485765542000","92456300355000","728002365"
"2021/12/21","124500","4000","3.32","124000","124500","122500","3678590","456218755750","90636294442500","728002365"
"2021/12/20","120500","-1500","-1.23","121500","123500","120500","2846815","346125412636","87724284982500","728002365"
"2021/12/17","122000","-2000","-1.61","120500","123000","120500","3850444","468341839000","88816288530000","728002365"
"2021/12/16","124000","500","0.40","125000","125500","122500","3869086","479279591000","90272293260000","728002365"
"2021/12/15","123500","2500","2.07","120000","123500","120000","2681332","327764280000","89908292077500","728002365"
"2021/12/14","121000","-500","-0.41","120500","123000","120000","2201003","266372613500","88088286165000","728002365"
"2021/12/13","121500","1000","0.83","121000","124000","121000","3329176","408531347500","88452287347500","728002365"
"2021/12/10","120500","-3000","-2.43","120500","121500","119500","2512642","302355110093","87724284982500","728002365"
"2021/12/09","123500","3500","2.92","120500","123500","119000","5631833","689409143200","89908292077500","728002365"
"2021/12/08","120000","-1500","-1.23","124000","125000","119500","6168137","752879680500","87360283800000","728002365"
"2021/12/07","121500","3000","2.53","119000","122500","118000","5112025","617725173500","88452287347500","728002365"
"2021/12/06","118500","500","0.42","116000","119000","115500","4318893","507851262000","86268280252500","728002365"
"2021/12/03","118000","-2000","-1.67","119000","119500","115500","4567843","537427299761","85904279070000","728002365"
"2021/12/02","120000","3500","3.00","115500","120500","115000","6980518","831750593692","87360283800000","728002365"
"2021/12/01","116500","2500","2.19","114500","117500","112000","4214135","484482748500","84812275522500","728002365"
"2021/11/30","114000","-2000","-1.72","118000","119000","112500","7449608","861327494786","82992269610000","728002365"
"2021/11/29","116000","500","0.43","113000","118500","113000","4412863","514357620020","84448274340000","728002365"
"2021/11/26","115500","-2000","-1.70","116500","118500","113000","4337936","502130486360","84084273157500","728002365"
"2021/11/25","117500","-2000","-1.67","120500","121000","117000","3339835","395199192000","85540277887500","728002365"
"2021/11/24","119500","500","0.42","120500","122500","118000","4001111","479194804000","86996282617500","728002365"
"2021/11/23","119000","-500","-0.42","119500","121000","117500","4847270","578483844000","86632281435000","728002365"
"2021/11/22","119500","8000","7.17","116500","121000","116000","9786492","1166463215825","86996282617500","728002365"
"2021/11/19","111500","1500","1.36","110000","112500","110000","2324668","258662968500","81172263697500","728002365"
"2021/11/18","110000","-500","-0.45","110000","111000","109000","1928891","212341653500","80080260150000","728002365"
"2021/11/17","110500","-1500","-1.34","113000","113000","110000","3062491","338946492000","80444261332500","728002365"
"2021/11/16","112000","1000","0.90","111000","113000","109000","3767311","420122536000","81536264880000","728002365"
"2021/11/15","111000","4500","4.23","108500","111500","108000","4701568","520375013000","80808262515000","728002365"
"2021/11/12","106500","-1000","-0.93","109000","109500","105500","1786165","191349195500","77532251872500","728002365"
"2021/11/11","107500","-1000","-0.92","107500","108000","105500","2731498","292597172000","78260254237500","728002365"
"2021/11/10","108500","-500","-0.46","108500","109500","107500","2361295","256342441500","78988256602500","728002365"
"2021/11/09","109000","1500","1.40","108000","110000","107500","3440686","373692083000","79352257785000","728002365"
"2021/11/08","107500","500","0.47","107000","108000","104000","2212348","234661886288","78260254237500","728002365"
"2021/11/05","107000","1000","0.94","108000","108500","105500","2523345","270381389476","77896253055000","728002365"
"2021/11/04","106000","500","0.47","107000","108000","105500","2059242","220087063000","77168250690000","728002365"
"2021/11/03","105500","-2000","-1.86","108500","109000","104500","3116506","332050857750","76804249507500","728002365"
"2021/11/02","107500","1000","0.94","107000","108500","106500","2892292","311461835500","78260254237500","728002365"
"2021/11/01","106500","3500","3.40","103500","107000","102500","3118661","329822915500","77532251872500","728002365"
"2021/10/29","103000","-3500","-3.29","107000","108500","103000","4007223","419885767028","74984243595000","728002365"
"2021/10/28","106500","5000","4.93","102000","107500","101500","6329703","669797071750","77532251872500","728002365"
"2021/10/27","101500","-500","-0.49","103000","104000","101500","2859255","293196594000","73892240047500","728002365"
"2021/10/26","102000","2000","2.00","101500","103500","101000","3458645","354502370500","74256241230000","728002365"
"2021/10/25","100000","1500","1.52","99500","101500","98300","2950459","296226789100","72800236500000","728002365"
"2021/10/22","98500","2200","2.28","95500","99200","95500","1962833","192029886100","71708232952500","728002365"
"2021/10/21","96300","-1600","-1.63","97300","98300","96100","2152221","209285344950","70106627749500","728002365"
"2021/10/20","97900","200","0.20","98200","98600","97200","2010529","197390236450","71271431533500","728002365"
"2021/10/19","97700","600","0.62","98600","98600","97100","1400175","136864553900","71125831060500","728002365"
"2021/10/18","97100","-1300","-1.32","98300","98300","96700","2111399","205541402600","70689029641500","728002365"
"2021/10/15","98400","4600","4.90","96000","98500","95700","4229748","410989595150","71635432716000","728002365"
"2021/10/14","93800","1800","1.96","92400","94500","92100","2414639","225994882500","68286621837000","728002365"
"2021/10/13","92000","500","0.55","90900","93500","90500","3045438","281114919200","66976217580000","728002365"
"2021/10/12","91500","-2500","-2.66","92400","92900","90800","4728215","434375175502","66612216397500","728002365"
"2021/10/08","94000","-1700","-1.78","96200","96300","93500","4098832","386100145500","68432222310000","728002365"
"2021/10/07","95700","-800","-0.83","96300","96800","95000","3834957","367445240600","69669826330500","728002365"
"2021/10/06","96500","-1400","-1.43","98400","98700","95800","2816951","272987613500","70252228222500","728002365"
"2021/10/05","97900","-2100","-2.10","98900","99500","97200","3244145","317776292500","71271431533500","728002365"
"2021/10/01","100000","-3000","-2.91","102000","102500","100000","2681124","270093983500","72800236500000","728002365"
"2021/09/30","103000","3000","3.00","99900","103500","99600","3910557","398749751000","74984243595000","728002365"
"2021/09/29","100000","-3500","-3.38","101000","102000","99700","6353977","637439976900","72800236500000","728002365"
"2021/09/28","103500","-1000","-0.96","105000","105500","103000","2951945","306328082384","75348244777500","728002365"
"2021/09/27","104500","500","0.48","104000","105500","103500","1839358","192456989015","76076247142500","728002365"
"2021/09/24","104000","-1500","-1.42","106000","106500","104000","2236954","234364730900","75712245960000","728002365"
"2021/09/23","105500","-1500","-1.40","105500","107000","105000","2493313","264307905000","76804249507500","728002365"
"2021/09/17","107000","3000","2.88","104500","107500","104000","3386517","359100724676","77896253055000","728002365"
"2021/09/16","104000","-3500","-3.26","107000","107500","104000","3602821","377545296500","75712245960000","728002365"
"2021/09/15","107500","0","0.00","107500","107500","105500","2933797","313065621522","78260254237500","728002365"
"2021/09/14","107500","1000","0.94","107500","108500","106500","2463248","265228954000","78260254237500","728002365"
"2021/09/13","106500","1500","1.43","105000","107000","104000","1923344","203945798000","77532251872500","728002365"
"2021/09/10","105000","2000","1.94","103500","105500","103000","1999369","208765953000","76440248325000","728002365"
"2021/09/09","103000","-3000","-2.83","105000","106000","103000","3233011","335548149250","74984243595000","728002365"
"2021/09/08","106000","1500","1.44","104000","107500","103500","2891267","306049902100","77168250690000","728002365"
"2021/09/07","104500","-1500","-1.42","105500","106000","104000","2547667","266814694452","76076247142500","728002365"
"2021/09/06","106000","-1000","-0.93","106500","107000","105000","1888595","200100469000","77168250690000","728002365"
"2021/09/03","107000","500","0.47","106500","107500","106000","2513486","268190741250","77896253055000","728002365"
"2021/09/02","106500","-1500","-1.39","108000","108500","106000","2724565","291366944000","77532251872500","728002365"
"2021/09/01","108000","1500","1.41","106000","108000","104500","4736183","504301592000","78624255420000","728002365"
"2021/08/31","106500","3000","2.90","103500","106500","102000","4979276","520811866500","77532251872500","728002365"
"2021/08/30","103500","0","0.00","105000","105500","103500","1815758","188840484000","75348244777500","728002365"
"2021/08/27","103500","-500","-0.48","103500","104500","101000","3507782","360580367000","75348244777500","728002365"
"2021/08/26","104000","500","0.48","106000","106500","103500","3694741","387620188000","75712245960000","728002365"
"2021/08/25","103500","-1500","-1.43","106000","106000","102500","3194555","331965325500","75348244777500","728002365"
"2021/08/24","105000","2000","1.94","104500","105500","104000","4454743","467564469000","76440248325000","728002365"
"2021/08/23","103000","500","0.49","104500","105000","103000","4515699","470160531000","74984243595000","728002365"
"2021/08/20","102500","0","0.00","104000","104500","102000","4719139","485591369000","74620242412500","728002365"
"2021/08/19","102500","-1500","-1.44","103000","105500","101500","6161038","635489333500","74620242412500","728002365"
"2021/08/18","104000","2500","2.46","103000","105500","101500","8047599","833497118168","75712245960000","728002365"
"2021/08/17","101500","0","0.00","101000","103500","100500","7851717","799844118050","73892240047500","728002365"
"2021/08/13","101500","1000","1.00","99600","101500","98900","11622957","1163592210610","73892240047500","728002365"
"2021/08/12","100500","-5000","-4.74","102000","104000","99800","19150647","1936648003175","73164237682500","728002365"
"2021/08/11","105500","-7000","-6.22","109000","110000","105000","13715267","1465523476250","76804249507500","728002365"
"2021/08/10","112500","-3500","-3.02","115000","115500","112000","5420223","611419233000","81900266062500","728002365"
"2021/08/09","116000","-2000","-1.69","117500","118000","116000","2755724","321254510500","84448274340000","728002365"
"2021/08/06","118000","-2000","-1.67","119000","119500","117500","2209875","261328264000","85904279070000","728002365"
"2021/08/05","120000","-1000","-0.83","121000","121500","118000","3491584","417741836000","87360283800000","728002365"
"2021/08/04","121000","1000","0.83","122000","123000","120500","4162635","506426204500","88088286165000","728002365"
"2021/08/03","120000","4000","3.45","118000","120500","117000","4396423","525012153500","87360283800000","728002365"
"2021/08/02","116000","3500","3.11","113500","117000","113000","4276730","492894553500","84448274340000","728002365"
"2021/07/30","112500","-1500","-1.32","114000","114000","112500","2888566","326825146865","81900266062500","728002365"
"2021/07/29","114000","0","0.00","115000","115500","113000","3054699","348087662000","82992269610000","728002365"
"2021/07/28","114000","-2000","-1.72","115000","115500","112500","6033084","686796711695","82992269610000","728002365"
"2021/07/27","116000","-1000","-0.85","118000","119000","116000","2916330","341652828000","84448274340000","728002365"
"2021/07/26","117000","-1500","-1.27","119500","120000","117000","1836657","216665648500","85176276705000","728002365"
"2021/07/23","118500","-1000","-0.84","118500","119000","117500","1747651","206437390500","86268280252500","728002365"
"2021/07/22","119500","2500","2.14","118000","120000","118000","1919233","229044298500","86996282617500","728002365"
"2021/07/21","117000","-1500","-1.27","119500","120000","116500","2864601","336751082000","85176276705000","728002365"
"2021/07/20","118500","-500","-0.42","117500","119500","117500","2070074","245208899000","86268280252500","728002365"
"2021/07/19","119000","-2500","-2.06","119000","120000","118500","2066638","246069384100","86632281435000","728002365"
"2021/07/16","121500","-2000","-1.62","122000","122500","120500","2905546","352105296000","88452287347500","728002365"
"2021/07/15","123500","0","0.00","123500","124000","122500","1500981","185185753500","89908292077500","728002365"
"2021/07/14","123500","500","0.41","122500","124000","121500","2443087","300251945500","89908292077500","728002365"
"2021/07/13","123000","3000","2.50","121000","123500","121000","2879072","353148544500","89544290895000","728002365"
"2021/07/12","120000","500","0.42","121000","122000","119500","2477201","298968546740","87360283800000","728002365"
"2021/07/09","119500","-2000","-1.65","120500","120500","118000","4823577","572864270909","86996282617500","728002365"
"2021/07/08","121500","-2000","-1.62","123500","123500","121000","3165552","385948367500","88452287347500","728002365"
"2021/07/07","123500","-1500","-1.20","125000","125500","122500","2229140","275048469500","89908292077500","728002365"
"2021/07/06","125000","2000","1.63","124000","126000","123500","2067135","258715481000","91000295625000","728002365"
"2021/07/05","123000","500","0.41","123500","124500","122500","1632551","201788320500","89544290895000","728002365"
"2021/07/02","122500","-2000","-1.61","122500","123500","121500","3983921","488166299825","89180289712500","728002365"
"2021/07/01","124500","-3000","-2.35","127500","128000","124000","3336174","417469163256","90636294442500","728002365"
"2021/06/30","127500","2500","2.00","126500","129500","126000","4346027","557285330300","92820301537500","728002365"
"2021/06/29","125000","-1000","-0.79","127500","128000","125000","2211572","278678507000","91000295625000","728002365"
"2021/06/28","126000","-2500","-1.95","129000","129500","126000","2402730","305054504500","91728297990000","728002365"
"2021/06/25","128500","2500","1.98","128000","129000","127500","2531018","324807842500","93548303902500","728002365"
"2021/06/24","126000","2000","1.61","124000","126500","123500","2646407","332400564000","91728297990000","728002365"
"2021/06/23","124000","2000","1.64","122500","124500","122000","2703658","333503792000","90272293260000","728002365"
"2021/06/22","122000","0","0.00","122500","123500","122000","2179712","266501577312","88816288530000","728002365"
"2021/06/21","122000","-2500","-2.01","121000","123000","120500","3275288","398859617500","88816288530000","728002365"
"2021/06/18","124500","-2000","-1.58","127500","127500","124500","2506112","314308082000","90636294442500","728002365"
"2021/06/17","126500","-3000","-2.32","127000","128000","126000","2123793","268807728000","92092299172500","728002365"
"2021/06/16","129500","1000","0.78","128000","129500","127000","1893752","243901543046","94276306267500","728002365"
"2021/06/15","128500","1500","1.18","128500","129500","128000","1975082","254015860000","93548303902500","728002365"
"2021/06/14","127000","-1000","-0.78","127000","127500","125500","2022730","256163790000","92456300355000","728002365"
"2021/06/11","128000","5000","4.07","124500","128500","124000","4868608","616364167677","93184302720000","728002365"
"2021/06/10","123000","500","0.41","122500","124000","120500","4533076","555657709500","89544290895000","728002365"
"2021/06/09","122500","-5000","-3.92","125500","126000","122500","6087592","753815327750","89180289712500","728002365"
"2021/06/08","127500","-1000","-0.78","127000","127500","125000","4194955","530430765200","92820301537500","728002365"
"2021/06/07","128500","0","0.00","129500","130000","128000","2562918","330495929500","93548303902500","728002365"
"2021/06/04","128500","-500","-0.39","127500","129000","126500","2555891","326224466000","93548303902500","728002365"
"2021/06/03","129000","3000","2.38","127000","130000","126500","3353993","431738907500","93912305085000","728002365"
"2021/06/02","126000","-2500","-1.95","128500","129000","125500","2885654","366063591000","91728297990000","728002365"
"2021/06/01","128500","1500","1.18","127000","129000","126000","2819179","361144242000","93548303902500","728002365"
"2021/05/31","127000","2000","1.60","126000","127000","124000","2448074","307757152500","92456300355000","728002365"
"2021/05/28","125000","-500","-0.40","126500","126500","124000","2332971","292477328500","91000295625000","728002365"
"2021/05/27","125500","2500","2.03","124500","126000","123000","4539067","565959868106","91364296807500","728002365"
"2021/05/26","123000","0","0.00","124000","124500","122000","3015522","371449108512","89544290895000","728002365"
"2021/05/25","123000","3500","2.93","121500","123000","120500","3258364","397750334250","89544290895000","728002365"
"2021/05/24","119500","-3000","-2.45","122000","122500","119000","3188734","382902166000","86996282617500","728002365"
"2021/05/21","122500","0","0.00","124500","125500","121000","4062695","500739197500","89180289712500","728002365"
"2021/05/20","122500","1500","1.24","121000","124000","119500","4600751","562459757000","89180289712500","728002365"
"2021/05/18","121000","3500","2.98","117500","122000","117500","3470048","418341013500","88088286165000","728002365"
"2021/05/17","117500","-1000","-0.84","120000","120000","117000","3110127","367395250748","85540277887500","728002365"
"2021/05/14","118500","1000","0.85","118500","120000","118000","3227201","383650636500","86268280252500","728002365"
"2021/05/13","117500","-2000","-1.67","116000","118500","115500","6042025","707490660500","85540277887500","728002365"
"2021/05/12","119500","-3500","-2.85","123000","123500","119000","8272196","998375160153","86996282617500","728002365"
"2021/05/11","123000","-7000","-5.38","127000","127500","122000","9882491","1225765601800","89544290895000","728002365"
"2021/05/10","130000","500","0.39","131000","131000","128500","3067077","398135275000","94640307450000","728002365"
"2021/05/07","129500","500","0.39","128000","131000","127000","3450323","445020959500","94276306267500","728002365"
"2021/05/06","129000","-3000","-2.27","130000","130500","128000","4211535","543180636500","93912305085000","728002365"
"2021/05/04","132000","500","0.38","130500","132000","129000","2547004","333537768352","96096312180000","728002365"
"2021/05/03","131500","3500","2.73","127500","132500","127000","4085398","534203731108","95732310997500","728002365"
"2021/04/30","128000","-2000","-1.54","130000","130500","126500","3955947","506549397500","93184302720000","728002365"
"2021/04/29","130000","0","0.00","132000","133000","129000","3738266","487221837000","94640307450000","728002365"
"2021/04/28","130000","-5000","-3.70","134500","135000","130000","5596760","734187787360","94640307450000","728002365"
"2021/04/27","135000","3500","2.66","133000","136000","132500","3394650","455614278000","98280319275000","728002365"
"2021/04/26","131500","-1000","-0.75","132500","132500","130500","2904879","381267205572","95732310997500","728002365"
"2021/04/23","132500","-500","-0.38","130500","132500","128500","4854412","633954956100","96460313362500","728002365"
"2021/04/22","133000","500","0.38","134500","135500","133000","3007457","402386612000","96824314545000","728002365"
"2021/04/21","132500","-6000","-4.33","138000","138000","132000","5120577","689155249952","96460313362500","728002365"
"2021/04/20","138500","500","0.36","136500","138500","136500","2167732","297980160500","100828327552500","728002365"
"2021/04/19","138000","500","0.36","138000","139000","137000","1906782","263337076500","100464326370000","728002365"
"2021/04/16","137500","0","0.00","138500","139000","137500","1982877","273899499636","100100325187500","728002365"
"2021/04/15","137500","500","0.36","136000","139000","136000","2291160","315231075500","100100325187500","728002365"
"2021/04/14","137000","-2500","-1.79","139000","139000","136500","2777203","381902748000","99736324005000","728002365"
"2021/04/13","139500","2000","1.45","136000","140000","135500","2876178","398264674500","101556329917500","728002365"
"2021/04/12","137500","-2500","-1.79","140500","140500","136000","3878457","534353588500","100100325187500","728002365"
"2021/04/09","140000","-4000","-2.78","144000","145000","139500","3276077","464472291000","101920331100000","728002365"
"2021/04/08","144000","500","0.35","143500","146000","142500","3774932","543862222000","104832340560000","728002365"
"2021/04/07","143500","500","0.35","146000","146000","142500","2424687","348944024000","104468339377500","728002365"
"2021/04/06","143000","0","0.00","147000","147000","141500","3753217","540574718000","104104338195000","728002365"
"2021/04/05","143000","2000","1.42","142000","144500","141000","2616440","373549552500","104104338195000","728002365"
"2021/04/02","141000","500","0.36","142000","143000","140000","3432245","485467791000","102648333465000","728002365"
"2021/04/01","140500","8000","6.04","138000","140500","136500","5833436","807748318500","102284332282500","728002365"
"2021/03/31","132500","-2000","-1.49","134500","135000","132000","3309680","441276843000","96460313362500","728002365"
"2021/03/30","134500","2500","1.89","133000","135500","132000","3304184","443218978500","97916318092500","728002365"
"2021/03/29","132000","-3000","-2.22","135500","135500","131500","3575226","476795085000","96096312180000","728002365"
"2021/03/26","135000","2000","1.50","134000","135000","132000","3835443","513429099500","98280319275000","728002365"
"2021/03/25","133000","-500","-0.37","133000","134500","130500","4157799","550754976000","96824314545000","728002365"
"2021/03/24","133500","-1500","-1.11","133000","134500","131500","3894080","517991222000","97188315727500","728002365"
"2021/03/23","135000","-3000","-2.17","139000","139500","134000","3839090","523290811000","98280319275000","728002365"
"2021/03/22","138000","0","0.00","138500","140000","137000","2727719","377822972114","100464326370000","728002365"
"2021/03/19","138000","-4000","-2.82","138000","139500","137000","4015627","555490290001","100464326370000","728002365"
"2021/03/18","142000","2000","1.43","142500","145000","141000","4426840","634074763962","103376335830000","728002365"
"2021/03/17","140000","-500","-0.36","141000","141000","138500","2588319","361508821193","101920331100000","728002365"
"2021/03/16","140500","4000","2.93","138500","140500","138000","3304561","461097954500","102284332282500","728002365"
"2021/03/15","136500","-3500","-2.50","141500","142000","136000","4289990","594535565128","99372322822500","728002365"
"2021/03/12","140000","3000","2.19","140500","142500","139500","4548695","640529865500","101920331100000","728002365"
"2021/03/11","137000","4000","3.01","134500","139000","134000","6707671","918735821750","99736324005000","728002365"
"2021/03/10","133000","-3500","-2.56","140500","140500","132500","5614476","763400710000","96824314545000","728002365"
"2021/03/09","136500","1000","0.74","134000","137500","130500","7822152","1043442973500","99372322822500","728002365"
"2021/03/08","135500","-4500","-3.21","143000","143000","135500","5587787","775259164000","98644320457500","728002365"
"2021/03/05","140000","-2000","-1.41","138000","141500","136500","6091444","844271259500","101920331100000","728002365"
"2021/03/04","142000","-5000","-3.40","143000","145500","139500","6586562","938397280000","103376335830000","728002365"
"2021/03/03","147000","2500","1.73","142500","147000","139500","5827221","839569020500","107016347655000","728002365"
"2021/03/02","144500","3000","2.12","149000","150500","141000","9376523","1365279622000","105196341742500","728002365"
"2021/02/26","141500","-7000","-4.71","143500","145000","138000","10843268","1535498840671","103012334647500","728002365"
"2021/02/25","148500","12500","9.19","141000","149500","140000","9936495","1438187787500","108108351202500","728002365"
"2021/02/24","136000","-2500","-1.81","137500","143500","134000","9074809","1264050755000","99008321640000","728002365"
"2021/02/23","138500","2000","1.47","133500","140000","131500","6400037","873598454500","100828327552500","728002365"
"2021/02/22","136500","3500","2.63","136000","139500","135000","7961516","1092811602500","99372322822500","728002365"
"2021/02/19","133000","7000","5.56","129000","133000","128500","6986526","914800423000","96824314545000","728002365"
"2021/02/18","126000","-4000","-3.08","128500","130000","125500","3792425","481974907500","91728297990000","728002365"
"2021/02/17","130000","-2500","-1.89","131000","131000","128000","3621178","468148482000","94640307450000","728002365"
"2021/02/16","132500","500","0.38","132500","134000","130500","3218689","425572619500","96460313362500","728002365"
"2021/02/15","132000","6000","4.76","130000","132500","130000","5384526","706594091200","96096312180000","728002365"
"2021/02/10","126000","500","0.40","125500","127000","124500","4262526","535406551607","91728297990000","728002365"
"2021/02/09","125500","500","0.40","127500","130000","125000","5177095","661250037500","91364296807500","728002365"
"2021/02/08","125000","-2500","-1.96","127500","128000","125000","2876471","363162815286","91000295625000","728002365"
"2021/02/05","127500","2500","2.00","126500","128000","124500","3497303","441554489000","92820301537500","728002365"
"2021/02/04","125000","-5000","-3.85","127500","128500","124000","4600618","577965896500","91000295625000","728002365"
"2021/02/03","130000","0","0.00","131000","131500","128500","3693688","480587348500","94640307450000","728002365"
"2021/02/02","130000","5000","4.00","128500","132500","127000","4880067","633539068640","94640307450000","728002365"
"2021/02/01","125000","2500","2.04","121000","126000","118000","5620305","690136396500","91000295625000","728002365"
"2021/01/29","122500","-500","-0.41","128500","128500","121500","7391307","921708206384","89180289712500","728002365"
"2021/01/28","123000","-5500","-4.28","124000","125500","121500","6270829","774835802830","89544290895000","728002365"
"2021/01/27","128500","-500","-0.39","129500","132000","127500","5068456","656028088120","93548303902500","728002365"
"2021/01/26","129000","-6000","-4.44","134000","134000","128500","6270106","816274767458","93912305085000","728002365"
"2021/01/25","135000","6500","5.06","130000","135000","129500","5061864","675657932860","98280319275000","728002365"
"2021/01/22","128500","-3000","-2.28","131500","132000","128500","3927767","511059802500","93548303902500","728002365"
"2021/01/21","131500","1000","0.77","131500","133000","130000","3067677","402667707500","95732310997500","728002365"
"2021/01/20","130500","0","0.00","134000","135000","130000","4913282","649021375524","95004308632500","728002365"
"2021/01/19","130500","500","0.38","131000","132000","128500","4513315","589182407500","95004308632500","728002365"
"2021/01/18","130000","2500","1.96","126000","131000","125000","5927419","758360216500","94640307450000","728002365"
"2021/01/15","127500","-3000","-2.30","133000","135000","127000","4838114","627291098793","92820301537500","728002365"
"2021/01/14","130500","-2500","-1.88","132500","133000","129000","5380278","702426036508","95004308632500","728002365"
"2021/01/13","133000","4000","3.10","129000","133500","128500","6791044","891281070500","96824314545000","728002365"
"2021/01/12","129000","-4000","-3.01","132000","133500","125500","8700877","1121945369000","93912305085000","728002365"
"2021/01/11","133000","-5000","-3.62","138000","140000","131000","11154671","1509734062000","96824314545000","728002365"
"2021/01/08","138000","3500","2.60","136000","138000","132500","8713010","1181148895500","100464326370000","728002365"
"2021/01/07","134500","3500","2.67","132500","137500","131500","5981299","810152555214","97916318092500","728002365"
"2021/01/06","131000","500","0.38","132500","137000","130000","8525749","1132130170500","95368309815000","728002365"
"2021/01/05","130500","4500","3.57","124500","132500","124000","7180224","920710588023","95004308632500","728002365"
"2021/01/04","126000","7500","6.33","124500","128000","120500","7995016","994276505704","91728297990000","728002365"
"2020/12/30","118500","2500","2.16","116000","118500","114500","4195192","489962294500","86268280252500","728002365"
"2020/12/29","116000","500","0.43","118000","118500","114000","4208916","488461750000","84448274340000","728002365"
"2020/12/28","115500","-2500","-2.12","119000","119500","115000","4825132","567198040500","84084273157500","728002365"
"2020/12/24","118000","2000","1.72","116000","118500","115500","3486636","409772029000","85904279070000","728002365"
"2020/12/23","116000","3500","3.11","113000","116000","112500","3173156","363208092500","84448274340000","728002365"
"2020/12/22","112500","-3500","-3.02","115000","115500","112500","4270842","485295511328","81900266062500","728002365"
"2020/12/21","116000","-2500","-2.11","118000","118000","114500","3585805","414706891903","84448274340000","728002365"
"2020/12/18","118500","-1000","-0.84","118500","119000","117500","3010798","355947794780","86268280252500","728002365"
"2020/12/17","119500","2000","1.70","118500","119500","117000","3649945","432269984000","86996282617500","728002365"
"2020/12/16","117500","0","0.00","119000","119500","117000","2213552","260552844500","85540277887500","728002365"
"2020/12/15","117500","500","0.43","118500","118500","115000","2755902","321349838500","85540277887500","728002365"
"2020/12/14","117000","1500","1.30","116000","119000","115500","3066761","359109177587","85176276705000","728002365"
"2020/12/11","115500","-1000","-0.86","118000","118000","115000","3944552","458289098500","84084273157500","728002365"
"2020/12/10","116500","-4000","-3.32","117000","118500","115500","8205744","959915015500","84812275522500","728002365"
"2020/12/09","120500","5500","4.78","116000","121000","115000","5490760","651044989000","87724284982500","728002365"
"2020/12/08","115000","-3000","-2.54","118000","118000","114000","4536460","524960729736","83720271975000","728002365"
"2020/12/07","118000","3000","2.61","118500","120000","116000","5191354","613379321750","85904279070000","728002365"
"2020/12/04","115000","3500","3.14","116000","119500","112500","8258814","958024798000","83720271975000","728002365"
"2020/12/03","111500","2500","2.29","110500","114500","109000","6617912","735573889408","81172263697500","728002365"
"2020/12/02","109000","8500","8.46","103000","109500","103000","7488361","803615355500","79352257785000","728002365"
"2020/12/01","100500","3000","3.08","98600","101500","97800","4455519","446056404700","73164237682500","728002365"
"2020/11/30","97500","-1300","-1.32","99700","99800","97300","3877841","379627794667","70980230587500","728002365"
"2020/11/27","98800","-600","-0.60","99600","99900","98200","1976047","195380321200","71926633662000","728002365"
"2020/11/26","99400","2200","2.26","96800","99500","96300","2933290","288277274800","72363435081000","728002365"
"2020/11/25","97200","-1400","-1.42","100500","100500","96300","4081524","400555988900","70761829878000","728002365"
"2020/11/24","98600","-1400","-1.40","101000","102000","98300","3766043","375181810246","71781033189000","728002365"
"2020/11/23","100000","3200","3.31","97300","101000","96600","4149013","413915943700","72800236500000","728002365"
"2020/11/20","96800","-1400","-1.43","99000","99000","96800","2424003","236121198500","70470628932000","728002365"
"2020/11/19","98200","200","0.20","96200","98300","96000","2766688","269481229700","71489832243000","728002365"
"2020/11/18","98000","-100","-0.10","99800","100500","96600","3734037","366662518288","71344231770000","728002365"
"2020/11/17","98100","100","0.10","97400","99600","96500","5218295","513426181370","71417032006500","728002365"
"2020/11/16","98000","8300","9.25","92100","98100","91100","9274278","885204121740","71344231770000","728002365"
"2020/11/13","89700","1600","1.82","88100","90000","87500","3774278","337060042300","65301812140500","728002365"
"2020/11/12","88100","1100","1.26","87600","88400","87000","4006433","351888492600","64137008356500","728002365"
"2020/11/11","87000","500","0.58","86100","87200","85900","2638617","229019677500","63336205755000","728002365"
"2020/11/10","86500","500","0.58","86900","87200","85900","2849783","246334269000","62972204572500","728002365"
"2020/11/09","86000","-300","-0.35","86500","87300","85600","2444330","211176309559","62608203390000","728002365"
"2020/11/06","86300","200","0.23","86500","87700","86000","2863808","247944677300","62826604099500","728002365"
"2020/11/05","86100","2900","3.49","84100","86200","83300","4082325","348613876600","62681003626500","728002365"
"2020/11/04","83200","1800","2.21","82100","84400","81200","3782296","313471937300","60569796768000","728002365"
"2020/11/03","81400","1800","2.26","79600","81400","79600","2057723","166103818500","59259392511000","728002365"
"2020/11/02","79600","-300","-0.38","80200","80600","79200","2000394","159651019600","57948988254000","728002365"
"2020/10/30","79900","-1800","-2.20","81600","82100","79900","2710477","219064698950","58167388963500","728002365"
"2020/10/29","81700","-1200","-1.45","81900","82400","81000","2637314","214752630200","59477793220500","728002365"
"2020/10/28","82900","300","0.36","82100","83600","82000","1773556","146796077400","60351396058500","728002365"
"2020/10/27","82600","-600","-0.72","82300","83400","81800","2265817","187252358800","60132995349000","728002365"
"2020/10/26","83200","-700","-0.83","84300","84700","83000","1662847","139286481800","60569796768000","728002365"
"2020/10/23","83900","600","0.72","82800","84700","82300","2609595","218627671300","61079398423500","728002365"
"2020/10/22","83300","-500","-0.60","84200","84300","82500","2593975","215562088236","60642597004500","728002365"
"2020/10/21","83800","-1400","-1.64","85300","86200","82800","4925877","414313821100","61006598187000","728002365"
"2020/10/20","85200","-1500","-1.73","85300","90900","83700","6622637","567966165400","62025801498000","728002365"
"2020/10/19","86700","1400","1.64","86100","87900","85800","3150011","274650442600","63117805045500","728002365"
"2020/10/16","85300","-1800","-2.07","87000","87900","84900","2435541","209686982700","62098601734500","728002365"
"2020/10/15","87100","600","0.69","86100","87300","85900","2802900","242746343700","63409005991500","728002365"
"2020/10/14","86500","-1700","-1.93","88000","88900","86100","3223767","281533136850","62972204572500","728002365"
"2020/10/13","88200","2700","3.16","85500","89000","84600","6375448","553188776354","64209808593000","728002365"
"2020/10/12","85500","2600","3.14","83900","85500","83500","4464264","379388682000","62244202207500","728002365"
"2020/10/08","82900","-500","-0.60","84300","84500","82900","3330824","277459883800","60351396058500","728002365"
"2020/10/07","83400","400","0.48","82900","83700","82500","2254356","187490033150","60715397241000","728002365"
"2020/10/06","83000","-200","-0.24","84000","84200","82600","2750145","228785586609","60424196295000","728002365"
"2020/10/05","83200","-800","-0.95","83000","84100","82300","3396894","282884127576","60569796768000","728002365"
"2020/09/29","84000","1500","1.82","83100","84900","82200","4707898","396447085300","61152198660000","728002365"
"2020/09/28","82500","-400","-0.48","83400","83700","81300","3154068","259586124900","60060195112500","728002365"
"2020/09/25","82900","-1400","-1.66","85800","85900","82200","3205596","268532032600","60351396058500","728002365"
"2020/09/24","84300","700","0.84","82800","85400","82300","6401560","541562339800","61370599369500","728002365"
"2020/09/23","83600","2300","2.83","82300","84800","80500","4439085","367169323600","60860997714000","728002365"
"2020/09/22","81300","-3200","-3.79","84400","84800","80200","4139983","340340683784","59186592274500","728002365"
"2020/09/21","84500","800","0.96","83700","85000","83600","4102947","346936913500","61516199842500","728002365"
"2020/09/18","83700","1500","1.82","82900","83900","82200","5199334","432538562400","60933797950500","728002365"
"2020/09/17","82200","700","0.86","81900","82900","81200","4055050","332692384768","59841794403000","728002365"
"2020/09/16","81500","-400","-0.49","81700","82400","80500","3119110","253675146400","59332192747500","728002365"
"2020/09/15","81900","1900","2.38","81300","82100","80200","5899410","481035213300","59623393693500","728002365"
"2020/09/14","80000","1600","2.04","79100","80100","78900","4099644","326791141400","58240189200000","728002365"
"2020/09/11","78400","1800","2.35","76700","78500","76300","2831262","219991757400","57075385416000","728002365"
"2020/09/10","76600","-700","-0.91","78000","78200","76600","3541520","272690710300","55764981159000","728002365"
"2020/09/09","77300","-2100","-2.64","77900","78400","77200","3918435","305036735025","56274582814500","728002365"
"2020/09/08","79400","1000","1.28","78700","80000","78200","3380355","267736731800","57803387781000","728002365"
"2020/09/07","78400","-300","-0.38","78600","79500","77600","2786930","218349968500","57075385416000","728002365"
"2020/09/04","78700","0","0.00","76400","79400","76100","4582566","357748053900","57293786125500","728002365"
"2020/09/03","78700","3200","4.24","77700","79700","77200","7002529","551333914770","57293786125500","728002365"
"2020/09/02","75500","300","0.40","75900","76400","74900","2369360","178744172820","54964178557500","728002365"
"2020/09/01","75200","100","0.13","75200","76500","75200","2538676","191845520800","54745777848000","728002365"
"2020/08/31","75100","-2700","-3.47","78200","78800","75100","5113128","388582174600","54672977611500","728002365"
"2020/08/28","77800","-1300","-1.64","79500","79600","77700","2511956","196420844304","56638583997000","728002365"
"2020/08/27","79100","300","0.38","80200","80200","78800","4223450","335794412800","57584987071500","728002365"
"2020/08/26","78800","1800","2.34","78000","79100","77100","4741965","371645530948","57366586362000","728002365"
"2020/08/25","77000","1500","1.99","76300","77700","75400","3473488","266311133590","56056182105000","728002365"
"2020/08/24","75500","1000","1.34","74600","77200","73700","4298619","326758783800","54964178557500","728002365"
"2020/08/21","74500","2700","3.76","72800","77000","72500","7700029","573840629600","54236176192500","728002365"
"2020/08/20","71800","-3200","-4.27","74400","74400","71300","7260223","525176256700","52270569807000","728002365"
"2020/08/19","75000","-3100","-3.97","77300","78000","75000","8028305","609790999800","54600177375000","728002365"
"2020/08/18","78100","-2100","-2.62","80000","80200","78000","4946279","391556333215","56856984706500","728002365"
"2020/08/14","80200","-500","-0.62","80200","81100","80100","2589552","207896270700","58385789673000","728002365"
"2020/08/13","80700","-300","-0.37","81900","82000","80300","4049387","328483224600","58749790855500","728002365"
"2020/08/12","81000","-300","-0.37","81100","81300","80200","3595828","289641970965","58968191565000","728002365"
"2020/08/11","81300","-100","-0.12","81700","82000","81000","3234013","263787032800","59186592274500","728002365"
"2020/08/10","81400","800","0.99","80100","81900","79800","3277238","265033012100","59259392511000","728002365"
"2020/08/07","80600","-500","-0.62","81200","81300","80000","4946631","397344111700","58676990619000","728002365"
"2020/08/06","81100","400","0.50","80700","81900","80700","3391939","275352872316","59040991801500","728002365"
"2020/08/05","80700","-900","-1.10","81200","81300","80500","4537005","366305427151","58749790855500","728002365"
"2020/08/04","81600","-200","-0.24","81800","82500","81400","3005937","245898247600","59404992984000","728002365"
"2020/08/03","81800","-1000","-1.21","82400","82600","81500","3483106","285292645200","59550593457000","728002365"
"2020/07/31","82800","-2500","-2.93","85700","86000","82800","4848989","405626780500","60278595822000","728002365"
"2020/07/30","85300","2100","2.52","83300","86400","83000","6870841","581215886250","62098601734500","728002365"
"2020/07/29","83200","100","0.12","82900","83800","82600","3719681","309547939100","60569796768000","728002365"
"2020/07/28","83100","300","0.36","83900","83900","82700","4538720","378147743500","60496996531500","728002365"
"2020/07/27","82800","-900","-1.08","83100","84000","82800","2784652","231629150440","60278595822000","728002365"
"2020/07/24","83700","1300","1.58","82300","83700","82200","3667416","304393422600","60933797950500","728002365"
"2020/07/23","82400","-800","-0.96","84000","84000","82300","3591647","297728783200","59987394876000","728002365"
"2020/07/22","83200","-900","-1.07","84100","84200","82900","2876295","239611385215","60569796768000","728002365"
"2020/07/21","84100","1900","2.31","83400","84700","83000","4181015","351360291700","61224998896500","728002365"
"2020/07/20","82200","-700","-0.84","82800","83000","82100","2008624","165380599100","59841794403000","728002365"
"2020/07/17","82900","200","0.24","82700","83500","82600","1579078","131040661300","60351396058500","728002365"
"2020/07/16","82700","-300","-0.36","83000","83100","82300","2312310","191183881500","60205795585500","728002365"
"2020/07/15","83000","100","0.12","83100","83900","82900","3024429","251923987700","60424196295000","728002365"
"2020/07/14","82900","-100","-0.12","82600","82900","82000","2048671","168607198500","60351396058500","728002365"
"2020/07/13","83000","200","0.24","83100","83500","82500","2080934","172499797800","60424196295000","728002365"
"2020/07/10","82800","-200","-0.24","83300","83500","82400","2201557","182243451800","60278595822000","728002365"
"2020/07/09","83000","-700","-0.84","84200","84600","83000","4002365","333613553000","60424196295000","728002365"
"2020/07/08","83700","-1100","-1.30","83800","84900","83600","3523620","295860393700","60933797950500","728002365"
"2020/07/07","84800","-1200","-1.40","87300","87300","84600","3196352","273456680600","61734600552000","728002365"
"2020/07/06","86000","600","0.70","86000","87000","85800","2561766","221380002600","62608203390000","728002365"
"2020/07/03","85400","1000","1.18","85000","85600","84500","2195897","186505562700","62171401971000","728002365"
"2020/07/02","84400","-900","-1.06","84800","85200","84000","3295340","278230270900","61443399606000","728002365"
"2020/07/01","85300","200","0.24","86800","87300","84900","2382552","204996625700","62098601734500","728002365"
"2020/06/30","85100","1500","1.79","86200","87300","85000","4983607","430210457400","61953001261500","728002365"
"2020/06/29","83600","-1000","-1.18","84000","85300","83500","2932433","246769859800","60860997714000","728002365"
"2020/06/26","84600","300","0.36","86000","86100","84500","2889494","246139912200","61589000079000","728002365"
"2020/06/25","84300","-1700","-1.98","84300","85600","84000","3397112","287640892200","61370599369500","728002365"
"2020/06/24","86000","1900","2.26","84200","87400","84000","4079834","351579333300","62608203390000","728002365"
"2020/06/23","84100","-800","-0.94","85600","86200","83900","2955819","250909342994","61224998896500","728002365"
"2020/06/22","84900","-500","-0.59","84400","85900","84300","2167216","184277657069","61807400788500","728002365"
"2020/06/19","85400","-800","-0.93","86500","87000","84500","3216102","274017470400","62171401971000","728002365"
"2020/06/18","86200","-600","-0.69","86100","86800","85400","2484147","214033924700","62753803863000","728002365"
"2020/06/17","86800","1400","1.64","84800","87400","83500","4160612","356040819900","63190605282000","728002365"
"2020/06/16","85400","3400","4.15","83400","85700","83300","3518785","297336837700","62171401971000","728002365"
"2020/06/15","82000","-3200","-3.76","84100","86500","82000","4710114","396586356900","59696193930000","728002365"
"2020/06/12","85200","-3300","-3.73","84500","85800","84500","4742329","403883993200","62025801498000","728002365"
"2020/06/11","88500","-2300","-2.53","89300","90300","87500","5467344","485630048000","64428209302500","728002365"
"2020/06/10","90800","1000","1.11","89800","91100","89400","3045250","275007902100","66102614742000","728002365"
"2020/06/09","89800","-1200","-1.32","91000","92000","89100","3410081","307723476800","65374612377000","728002365"
"2020/06/08","91000","600","0.66","93000","93000","90600","3789382","346478342640","66248215215000","728002365"
"2020/06/05","90400","2700","3.08","88500","90800","87700","4000557","358740057800","65811413796000","728002365"
"2020/06/04","87700","-1000","-1.13","90000","91600","87100","6678244","595240770900","63845807410500","728002365"
"2020/06/03","88700","5400","6.48","83400","89200","83400","11642239","1012026187762","64573809775500","728002365"
"2020/06/02","83300","-300","-0.36","82700","83600","82700","3114162","258791969450","60642597004500","728002365"
"2020/06/01","83600","2100","2.58","82100","83700","82100","4205357","349710396100","60860997714000","728002365"
"2020/05/29","81500","-2400","-2.86","82600","82700","81300","6815185","557500644200","59332192747500","728002365"
"2020/05/28","83900","2500","3.07","84100","85400","82400","9227823","776596090592","61079398423500","728002365"
"2020/05/27","81400","-500","-0.61","81100","82700","81000","2946278","240865818990","59259392511000","728002365"
"2020/05/26","81900","500","0.61","80600","82100","80600","3040122","247709750400","59623393693500","728002365"
"2020/05/25","81400","100","0.12","81500","81800","80500","2850294","230731969000","59259392511000","728002365"
"2020/05/22","81300","-2100","-2.52","83100","83300","81000","3471700","283592909300","59186592274500","728002365"
"2020/05/21","83400","-700","-0.83","84900","84900","83200","2678953","224639563000","60715397241000","728002365"
"2020/05/20","84100","1400","1.69","81900","84200","81800","3924403","327323761395","61224998896500","728002365"
"2020/05/19","82700","1600","1.97","82400","83200","81700","4620614","381008846900","60205795585500","728002365"
"2020/05/18","81100","-800","-0.98","80400","81800","79200","5294177","426512754530","59040991801500","728002365"
"2020/05/15","81900","1300","1.61","81500","82300","80700","4168866","339736705600","59623393693500","728002365"
"2020/05/14","80600","-3000","-3.59","82200","82500","80600","6409652","520451344900","58676990619000","728002365"
"2020/05/13","83600","-2100","-2.45","83500","84100","83000","5371416","448167261677","60860997714000","728002365"
"2020/05/12","85700","1200","1.42","84500","86500","83200","3574409","303812954200","62389802680500","728002365"
"2020/05/11","84500","-500","-0.59","84500","85200","84100","2800047","236843648850","61516199842500","728002365"
"2020/05/08","85000","2600","3.16","83000","85500","83000","5039635","425646243900","61880201025000","728002365"
"2020/05/07","82400","0","0.00","82400","83400","81800","2660512","220302375800","59987394876000","728002365"
"2020/05/06","82400","1400","1.73","82000","82500","80900","3351424","274199173244","59987394876000","728002365"
"2020/05/04","81000","-2700","-3.23","82900","82900","80800","5280026","430739726900","58968191565000","728002365"
"2020/04/29","83700","300","0.36","83500","84800","82900","3750568","315313111200","60933797950500","728002365"
"2020/04/28","83400","800","0.97","82500","83900","82400","3205535","266768527800","60715397241000","728002365"
"2020/04/27","82600","1200","1.47","81700","83200","81200","3235430","266705549100","60132995349000","728002365"
"2020/04/24","81400","-1200","-1.45","82000","82500","80800","3193144","260273777200","59259392511000","728002365"
"2020/04/23","82600","-1300","-1.55","85200","85200","82000","6519481","542404167500","60132995349000","728002365"
"2020/04/22","83900","2600","3.20","80600","83900","80000","5335787","438225875923","61079398423500","728002365"
"2020/04/21","81300","-700","-0.85","80600","82200","80200","5090721","412144588000","59186592274500","728002365"
"2020/04/20","82000","-2100","-2.50","83900","83900","82000","5027876","415413055400","59696193930000","728002365"
"2020/04/17","84100","2800","3.44","83600","85900","83200","6205624","525538253400","61224998896500","728002365"
"2020/04/16","81300","-1000","-1.22","80600","82300","80600","4470072","363739453100","59186592274500","728002365"
"2020/04/14","82300","900","1.11","82200","83700","81200","3344109","276219167400","59914594639500","728002365"
"2020/04/13","81400","-2700","-3.21","83200","83400","81100","3615318","295668237500","59259392511000","728002365"
"2020/04/10","84100","-900","-1.06","84000","84400","83000","3675338","307149070600","61224998896500","728002365"
"2020/04/09","85000","500","0.59","86200","86500","84500","3555538","303325533115","61880201025000","728002365"
"2020/04/08","84500","-1300","-1.52","85800","86500","84500","3749575","320975559100","61516199842500","728002365"
"2020/04/07","85800","2700","3.25","86600","86700","83700","6188649","529030193466","62462602917000","728002365"
"2020/04/06","83100","3500","4.40","81000","83300","80200","5784159","472063035650","60496996531500","728002365"
"2020/04/03","79600","-400","-0.50","80000","80800","78500","3755301","299316905200","57948988254000","728002365"
"2020/04/02","80000","1600","2.04","78800","80000","76500","5394371","423908686500","58240189200000","728002365"
"2020/04/01","78400","-4900","-5.88","82100","83200","78400","6845675","552936384600","57075385416000","728002365"
"2020/03/31","83300","-400","-0.48","84000","85500","82000","5333479","446475912600","60642597004500","728002365"
"2020/03/30","83700","400","0.48","81000","84900","80000","5270037","433405493300","60933797950500","728002365"
"2020/03/27","83300","2600","3.22","85700","85700","80500","8085695","673273497500","60642597004500","728002365"
"2020/03/26","80700","-3800","-4.50","85000","87900","80400","7895289","665668652900","58749790855500","728002365"
"2020/03/25","84500","5800","7.37","82000","84700","79800","8787217","723676328900","61516199842500","728002365"
"2020/03/24","78700","9300","13.40","73000","78800","72100","7247345","548981912800","57293786125500","728002365"
"2020/03/23","69400","-5400","-7.22","69700","71600","68000","8192363","571262544100","50523364131000","728002365"
"2020/03/20","74800","5800","8.41","71800","76200","70100","8750101","641208325400","54454576902000","728002365"
"2020/03/19","69000","-4100","-5.61","75500","75800","65800","11140367","779503807600","50232163185000","728002365"
"2020/03/18","73100","-7300","-9.08","81600","82500","73000","7949482","623664695334","53216972881500","728002365"
"2020/03/17","80400","-200","-0.25","77500","83100","77000","7107436","569068819100","58531390146000","728002365"
"2020/03/16","80600","-1900","-2.30","83700","84800","80400","5097762","420941604000","58676990619000","728002365"
"2020/03/13","82500","-300","-0.36","76900","84700","76000","8160758","651864081500","60060195112500","728002365"
"2020/03/12","82800","-2700","-3.16","83800","84600","79600","8191818","675100578672","60278595822000","728002365"
"2020/03/11","85500","-3600","-4.04","88200","88500","85100","5226251","452031290600","62244202207500","728002365"
"2020/03/10","89100","2200","2.53","86900","89400","86600","6579153","580356642350","64865010721500","728002365"
"2020/03/09","86900","-5700","-6.16","89500","89700","86400","6196552","544548246500","63263405518500","728002365"
"2020/03/06","92600","-2300","-2.42","93300","94300","92000","3281612","304717451900","67413018999000","728002365"
"2020/03/05","94900","600","0.64","95200","95900","93800","4028776","381457640000","69087424438500","728002365"
"2020/03/04","94300","1500","1.62","91300","95000","91300","4984561","468285374400","68650623019500","728002365"
"2020/03/03","92800","700","0.76","95000","95100","92400","5573006","524304568800","67558619472000","728002365"
"2020/03/02","92100","4200","4.78","90000","93100","88300","6382279","570845182500","67049017816500","728002365"
"2020/02/28","87900","-4900","-5.28","91000","92200","87700","8171939","730619364864","63991407883500","728002365"
"2020/02/27","92800","-1800","-1.90","94700","95300","92200","4644449","415950598516","67558619472000","728002365"
"2020/02/26","94600","-3400","-3.47","95500","96100","94400","6405409","607674362200","68869023729000","728002365"
"2020/02/25","98000","-1500","-1.51","97800","99100","96400","6594059","642885853650","71344231770000","728002365"
"2020/02/24","99500","-3500","-3.40","100500","100500","98900","5550758","553105215750","72436235317500","728002365"
"2020/02/21","103000","-1000","-0.96","101500","103500","101000","4064719","417997903622","74984243595000","728002365"
"2020/02/20","104000","500","0.48","104500","106000","102500","3093782","322602810500","75712245960000","728002365"
"2020/02/19","103500","1500","1.47","102500","103500","101000","2315634","237343921813","75348244777500","728002365"
"2020/02/18","102000","-3000","-2.86","104000","104500","101500","2789667","285910042510","74256241230000","728002365"
"2020/02/17","105000","500","0.48","104500","106000","103500","1190162","125043016000","76440248325000","728002365"
"2020/02/14","104500","2500","2.45","101500","105000","101000","1893163","196317446500","76076247142500","728002365"
"2020/02/13","102000","2000","2.00","101000","103500","100500","3519491","360061639000","74256241230000","728002365"
"2020/02/12","100000","200","0.20","100500","101000","99100","2616573","261388375700","72800236500000","728002365"
"2020/02/11","99800","1000","1.01","99900","100500","99000","1820578","181889222300","72654636027000","728002365"
"2020/02/10","98800","-500","-0.50","98000","99200","97400","1825648","179314948100","71926633662000","728002365"
"2020/02/07","99300","-1200","-1.19","100000","100500","98400","1827393","181411610600","72290634844500","728002365"
"2020/02/06","100500","2800","2.87","98900","101000","98300","2861441","284679342800","73164237682500","728002365"
"2020/02/05","97700","600","0.62","99300","99300","96900","2911995","285265098200","71125831060500","728002365"
"2020/02/04","97100","2400","2.53","94800","97500","94500","3169743","305409135550","70689029641500","728002365"
"2020/02/03","94700","1200","1.28","91800","95600","91500","3725535","349297577165","68941823965500","728002365"
"2020/01/31","93500","-500","-0.53","94500","97500","93500","4597139","437668470967","68068221127500","728002365"
"2020/01/30","94000","-3900","-3.98","97800","97800","93800","3223436","307740532800","68432222310000","728002365"
"2020/01/29","97900","1600","1.66","96900","99000","96700","2741459","268775657800","71271431533500","728002365"
"2020/01/28","96300","-2400","-2.43","95500","96900","95000","3630362","348138741600","70106627749500","728002365"
"2020/01/23","98700","-2300","-2.28","101000","101000","98200","2780104","275743291116","71853833425500","728002365"
"2020/01/22","101000","1700","1.71","99000","101000","99000","2257478","226671660200","73528238865000","728002365"
"2020/01/21","99300","-600","-0.60","100500","100500","99000","1483291","147839625650","72290634844500","728002365"
"2020/01/20","99900","900","0.91","100000","101000","99600","1781639","178632950800","72727436263500","728002365"
"2020/01/17","99000","-200","-0.20","100500","101500","98800","2246394","224263648700","72072234135000","728002365"
"2020/01/16","99200","1000","1.02","97400","99400","97400","2824804","277740736700","72217834608000","728002365"
"2020/01/15","98200","-2300","-2.29","99900","99900","98000","2745625","270372321400","71489832243000","728002365"
"2020/01/14","100500","0","0.00","101500","103500","99900","2913343","295668466900","73164237682500","728002365"
"2020/01/13","100500","1600","1.62","99000","101000","98000","2242008","222839393700","73164237682500","728002365"
"2020/01/10","98900","-100","-0.10","99100","99700","97900","2867925","283434637578","71999433898500","728002365"
"2020/01/09","99000","1600","1.64","98900","99000","97400","3586413","352618254100","72072234135000","728002365"
"2020/01/08","97400","3400","3.62","96400","99500","95200","7014748","683275806400","70907430351000","728002365"
"2020/01/07","94000","-300","-0.32","94500","95400","94000","2489429","235238505600","68432222310000","728002365"
"2020/01/06","94300","-200","-0.21","93000","95300","92800","2577573","243272130100","68650623019500","728002365"
"2020/01/03","94500","-200","-0.21","96500","97900","94300","3021380","289547983400","68796223492500","728002365"
"2020/01/02","94700","600","0.64","96000","96200","94100","2342070","222841408700","68941823965500","728002365"
"2019/12/30","94100","-1900","-1.98","95600","96300","94100","1862634","176605784000","68505022546500","728002365"
"2019/12/27","96000","1200","1.27","94800","97000","94200","2229470","214051531400","69888227040000","728002365"
"2019/12/26","94800","1000","1.07","94000","95100","93500","1559839","147464169900","69014624202000","728002365"
"2019/12/24","93800","-800","-0.85","95000","95600","93800","1464093","138254125000","68286621837000","728002365"
"2019/12/23","94600","-400","-0.42","95800","96200","94100","1720279","162845300100","68869023729000","728002365"
"2019/12/20","95000","1400","1.50","94100","95100","93700","2791176","264091139500","69160224675000","728002365"
"2019/12/19","93600","600","0.65","95400","96400","93400","4938375","468204781728","68141021364000","728002365"
"2019/12/18","93000","200","0.22","93400","94500","91800","3434310","319636559963","67704219945000","728002365"
"2019/12/17","92800","4200","4.74","91000","93800","90200","5070618","466466873700","67558619472000","728002365"
"2019/12/16","88600","700","0.80","87200","89400","87000","2652685","234531281100","64501009539000","728002365"
"2019/12/13","87900","4500","5.40","87200","88200","85800","5831965","509017661500","63991407883500","728002365"
"2019/12/12","83400","2800","3.47","82000","83500","82000","5247299","435755313568","60715397241000","728002365"
"2019/12/11","80600","-100","-0.12","80700","81000","80100","2009331","162019263700","58676990619000","728002365"
"2019/12/10","80700","0","0.00","79800","80900","79400","1831960","147169033500","58749790855500","728002365"
"2019/12/09","80700","100","0.12","81300","81800","80700","2290088","185932100100","58749790855500","728002365"
"2019/12/06","80600","1800","2.28","79300","80800","79100","3054204","245159604796","58676990619000","728002365"
"2019/12/05","78800","1100","1.42","79800","79900","78000","3667358","289220630750","57366586362000","728002365"
"2019/12/04","77700","-1000","-1.27","78000","78100","76800","6164549","478302862875","56565783760500","728002365"
"2019/12/03","78700","-1800","-2.24","78100","79300","77300","11657151","901427126176","57293786125500","728002365"
"2019/12/02","80500","-400","-0.49","80900","81800","80500","1945991","157474799890","58604190382500","728002365"
"2019/11/29","80900","-1900","-2.29","82500","82800","80700","2139440","173799273000","58895391328500","728002365"
"2019/11/28","82800","100","0.12","83100","83800","82500","1413983","117686527100","60278595822000","728002365"
"2019/11/27","82700","400","0.49","82400","83200","82000","1326621","109634701500","60205795585500","728002365"
"2019/11/26","82300","600","0.73","82000","84100","82000","4521090","374086444700","59914594639500","728002365"
"2019/11/25","81700","0","0.00","82300","83300","81500","2602474","213925218900","59477793220500","728002365"
"2019/11/22","81700","800","0.99","80900","82100","80700","2089767","170585265600","59477793220500","728002365"
"2019/11/21","80900","-1800","-2.18","81700","82500","80500","3346746","271077068200","58895391328500","728002365"
"2019/11/20","82700","-2600","-3.05","84400","85200","82600","3315169","277651346800","60205795585500","728002365"
"2019/11/19","85300","-200","-0.23","85400","86000","84600","2260299","193081266800","62098601734500","728002365"
"2019/11/18","85500","300","0.35","86000","86500","84700","1827506","156442454450","62244202207500","728002365"
"2019/11/15","85200","1800","2.16","84200","85200","83400","2394138","203013766200","62025801498000","728002365"
"2019/11/14","83400","0","0.00","83200","83800","82900","1517137","126423173100","60715397241000","728002365"
"2019/11/13","83400","200","0.24","83300","83600","82300","1370289","113968635388","60715397241000","728002365"
"2019/11/12","83200","1900","2.34","81900","83200","81300","1555211","128262360000","60569796768000","728002365"
"2019/11/11","81300","-1000","-1.22","82500","82500","80700","2174477","176687303200","59186592274500","728002365"
"2019/11/08","82300","-1300","-1.56","84600","84600","82000","2074339","171211260930","59914594639500","728002365"
"2019/11/07","83600","100","0.12","83700","84300","82800","1594558","133259685800","60860997714000","728002365"
"2019/11/06","83500","-1600","-1.88","84800","85200","83500","2127745","179156269777","60788197477500","728002365"
"2019/11/05","85100","400","0.47","85100","85400","84600","1953720","166221898920","61953001261500","728002365"
"2019/11/04","84700","1600","1.93","84000","84900","83800","2182879","184780044800","61661800315500","728002365"
"2019/11/01","83100","1100","1.34","82300","83200","81600","1848046","152594333050","60496996531500","728002365"
"2019/10/31","82000","500","0.61","81900","83400","81600","1978755","163449040200","59696193930000","728002365"
"2019/10/30","81500","-1500","-1.81","83400","83400","81000","1927042","157792413100","59332192747500","728002365"
"2019/10/29","83000","100","0.12","84000","84000","82900","1645070","137163424500","60424196295000","728002365"
"2019/10/28","82900","0","0.00","83400","84000","82600","1977758","164541992400","60351396058500","728002365"
"2019/10/25","82900","2900","3.63","82400","82900","81500","4229200","348044170065","60351396058500","728002365"
"2019/10/24","80000","2300","2.96","79900","80100","78700","3076100","244841677000","58240189200000","728002365"
"2019/10/23","77700","-1400","-1.77","78500","78600","77700","5373911","411735900300","56565783760500","728002365"
"2019/10/22","79100","1600","2.06","78900","79300","78200","3453958","272536226700","57584987071500","728002365"
"2019/10/21","77500","100","0.13","77800","78400","77100","2096581","162948717500","56420183287500","728002365"
"2019/10/18","77400","-3600","-4.44","81500","81700","77300","13625664","1060859322100","56347383051000","728002365"
"2019/10/17","81000","-1400","-1.70","82000","82200","80600","1713942","138922895900","58968191565000","728002365"
"2019/10/16","82400","1200","1.48","82400","82700","81900","2436269","200629893500","59987394876000","728002365"
"2019/10/15","81200","700","0.87","80700","81700","80500","1518810","123129234700","59113792038000","728002365"
"2019/10/14","80500","500","0.63","82000","82300","80400","1972409","160171890750","58604190382500","728002365"
"2019/10/11","80000","1000","1.27","79800","80500","79400","2186536","174973779550","58240189200000","728002365"
"2019/10/10","79000","-1900","-2.35","78900","79600","78100","4389324","346429615200","57512186835000","728002365"
"2019/10/08","80900","600","0.75","80400","81100","79400","1816880","145882785576","58895391328500","728002365"
"2019/10/07","80300","0","0.00","80700","81700","79800","1229105","98747080400","58458589909500","728002365"
"2019/10/04","80300","800","1.01","78900","81300","78900","2430603","195629764950","58458589909500","728002365"
"2019/10/02","79500","-2500","-3.05","81600","81600","79500","2188097","175305316400","57876188017500","728002365"
"2019/10/01","82000","-200","-0.24","81800","82500","81700","2370210","194331548126","59696193930000","728002365"
"2019/09/30","82200","800","0.98","80600","82900","80400","2442478","200012415300","59841794403000","728002365"
"2019/09/27","81400","-1900","-2.28","80200","81500","80100","2625620","212449788024","59259392511000","728002365"
"2019/09/26","83300","1400","1.71","83000","83500","82500","1734941","144294540000","60642597004500","728002365"
"2019/09/25","81900","-1500","-1.80","82200","82800","81500","1644881","134929295000","59623393693500","728002365"
"2019/09/24","83400","600","0.72","82500","83500","81400","1662830","137666395000","60715397241000","728002365"
"2019/09/23","82800","600","0.73","81900","83300","81900","1413663","116783864183","60278595822000","728002365"
"2019/09/20","82200","-500","-0.60","82800","83400","82100","2447172","202141701377","59841794403000","728002365"
"2019/09/19","82700","2500","3.12","80600","82700","80300","3612220","296218713239","60205795585500","728002365"
"2019/09/18","80200","800","1.01","80100","80600","79500","2706678","217076699994","58385789673000","728002365"
"2019/09/17","79400","-100","-0.13","80000","80400","79100","2538780","202136524890","57803387781000","728002365"
"2019/09/16","79500","-3100","-3.75","81000","81000","79000","5174391","413672614725","57876188017500","728002365"
"2019/09/11","82600","-500","-0.60","83400","84300","81300","3650902","301126465800","60132995349000","728002365"
"2019/09/10","83100","-1200","-1.42","84200","84200","82700","1761883","146465624530","60496996531500","728002365"
"2019/09/09","84300","2400","2.93","83100","84600","82500","2642174","221935933992","61370599369500","728002365"
"2019/09/06","81900","-1100","-1.33","84000","84000","81500","2418057","199195179100","59623393693500","728002365"
"2019/09/05","83000","3000","3.75","81400","83000","81200","4068631","334886240800","60424196295000","728002365"
"2019/09/04","80000","3000","3.90","77400","80000","77300","2723541","216383067056","58240189200000","728002365"
"2019/09/03","77000","-600","-0.77","77200","77600","76300","1611563","124040787300","56056182105000","728002365"
"2019/09/02","77600","200","0.26","77000","78200","76500","1431352","110866351904","56492983524000","728002365"
"2019/08/30","77400","4100","5.59","74600","78000","74600","3839246","294972182272","56347383051000","728002365"
"2019/08/29","73300","0","0.00","73500","74100","72000","2050860","149746131400","53362573354500","728002365"
"2019/08/28","73300","300","0.41","73500","73700","72500","1380522","101235281521","53362573354500","728002365"
"2019/08/27","73000","1200","1.67","72500","73700","72500","2512610","183547941200","53144172645000","728002365"
"2019/08/26","71800","-2600","-3.49","72600","73000","71500","2645491","190587825900","52270569807000","728002365"
"2019/08/23","74400","600","0.81","73500","75200","73400","1695532","126320918800","54163375956000","728002365"
"2019/08/22","73800","-2000","-2.64","75300","76000","73800","2309550","172135840800","53726574537000","728002365"
"2019/08/21","75800","-600","-0.79","75900","76900","75500","1898789","144342895100","55182579267000","728002365"
"2019/08/20","76400","1300","1.73","75500","76600","75100","1694275","128501417725","55619380686000","728002365"
"2019/08/19","75100","-1300","-1.70","77300","77500","74800","1591728","120483841100","54672977611500","728002365"
"2019/08/16","76400","-500","-0.65","75800","76400","75100","2015785","152870442255","55619380686000","728002365"
"2019/08/14","76900","2400","3.22","77200","77900","76200","2561643","197482912100","55983381868500","728002365"
"2019/08/13","74500","0","0.00","74000","75100","73700","1304708","96996878400","54236176192500","728002365"
"2019/08/12","74500","1200","1.64","73700","75000","73500","1254926","93432443400","54236176192500","728002365"
"2019/08/09","73300","1000","1.38","73200","74100","72300","2100380","154085880841","53362573354500","728002365"
"2019/08/08","72300","-1000","-1.36","73600","74500","72000","2943206","215237652800","52634570989500","728002365"
"2019/08/07","73300","1300","1.81","72000","74300","72000","2692841","197411483500","53362573354500","728002365"
"2019/08/06","72000","-3400","-4.51","73100","73900","71900","5008247","365427260900","52416170280000","728002365"
"2019/08/05","75400","-700","-0.92","75500","76000","74900","2889902","217838918400","54891378321000","728002365"
"2019/08/02","76100","-1600","-2.06","75400","76800","74900","4845952","367221461038","55400979976500","728002365"
"2019/08/01","77700","800","1.04","75300","78700","75300","3397831","262933881300","56565783760500","728002365"
"2019/07/31","76900","-2000","-2.53","78000","79100","75300","3712241","285714724200","55983381868500","728002365"
"2019/07/30","78900","1900","2.47","78200","80000","77700","2371300","187185218910","57439386598500","728002365"
"2019/07/29","77000","-2800","-3.51","79000","79400","76500","2616782","203418061600","56056182105000","728002365"
"2019/07/26","79800","600","0.76","78100","80300","78000","3095260","245515357600","58094588727000","728002365"
"2019/07/25","79200","1600","2.06","79700","80400","77700","3963383","314226109000","57657787308000","728002365"
"2019/07/24","77600","-1200","-1.52","78800","80200","77100","3562342","279730793800","56492983524000","728002365"
"2019/07/23","78800","400","0.51","79700","80700","78200","4814941","383957744400","57366586362000","728002365"
"2019/07/22","78400","1600","2.08","77800","79200","77000","3213786","251713162100","57075385416000","728002365"
"2019/07/19","76800","2100","2.81","75900","77000","75600","2635348","201127777100","55910581632000","728002365"
"2019/07/18","74700","100","0.13","74300","75200","73900","1902110","141642593800","54381776665500","728002365"
"2019/07/17","74600","-1500","-1.97","74600","75200","74000","2805672","209525879500","54308976429000","728002365"
"2019/07/16","76100","-100","-0.13","74800","76500","74800","2450278","185619803200","55400979976500","728002365"
"2019/07/15","76200","1500","2.01","74500","76500","74400","2122090","160334061800","55473780213000","728002365"
"2019/07/12","74700","-800","-1.06","75600","75800","74400","2638271","197951400200","54381776665500","728002365"
"2019/07/11","75500","2600","3.57","74000","75500","74000","5111929","383039983000","54964178557500","728002365"
"2019/07/10","72900","3100","4.44","71500","73400","71000","4346179","315159435000","53071372408500","728002365"
"2019/07/09","69800","2400","3.56","68400","70500","67900","2912514","202365830400","50814565077000","728002365"
"2019/07/08","67400","-1000","-1.46","66400","68000","66200","2202260","147694307100","49067359401000","728002365"
"2019/07/05","68400","-1800","-2.56","70300","71000","68400","2043271","141544031200","49795361766000","728002365"
"2019/07/04","70200","1100","1.59","69600","70700","69300","1503707","105265215500","51105766023000","728002365"
"2019/07/03","69100","-2300","-3.22","71100","71700","69000","2790684","194918970089","50304963421500","728002365"
"2019/07/02","71400","1400","2.00","69700","71700","69100","2495399","176911763000","51979368861000","728002365"
"2019/07/01","70000","500","0.72","71000","71000","69700","3538183","248752674550","50960165550000","728002365"
"2019/06/28","69500","-700","-1.00","70900","70900","68400","3117569","216061459100","50596164367500","728002365"
"2019/06/27","70200","1300","1.89","70100","71600","69700","5361201","378736507000","51105766023000","728002365"
"2019/06/26","68900","2200","3.30","68300","69600","67900","5024201","345732869800","50159362948500","728002365"
"2019/06/25","66700","-200","-0.30","66700","67400","66300","1873766","125192519500","48557757745500","728002365"
"2019/06/24","66900","1000","1.52","65900","67400","65600","2164462","144645726600","48703358218500","728002365"
"2019/06/21","65900","-1400","-2.08","67100","67300","65900","2403002","159417973300","47975355853500","728002365"
"2019/06/20","67300","100","0.15","67200","67400","66200","2773637","185584184804","48994559164500","728002365"
"2019/06/19","67200","3800","5.99","65800","67300","65200","6230370","412795317830","48921758928000","728002365"
"2019/06/18","63400","-300","-0.47","63800","64200","63300","1549497","98635878200","46155349941000","728002365"
"2019/06/17","63700","600","0.95","62800","63800","62400","2435039","154347035100","46373750650500","728002365"
"2019/06/14","63100","-400","-0.63","63200","64000","62600","3686472","232819839250","45936949231500","728002365"
"2019/06/13","63500","-2200","-3.35","64900","65100","63300","5947811","379232731504","46228150177500","728002365"
"2019/06/12","65700","-1500","-2.23","66800","67100","65700","2437640","161331847200","47829755380500","728002365"
"2019/06/11","67200","400","0.60","66900","67800","66700","2429182","163287108800","48921758928000","728002365"
"2019/06/10","66800","1400","2.14","66100","67000","65800","3091757","205706008000","48630557982000","728002365"
"2019/06/07","65400","300","0.46","65200","66000","64600","2355869","153808992600","47611354671000","728002365"
"2019/06/05","65100","0","0.00","66900","67600","64900","4832796","320293658798","47392953961500","728002365"
"2019/06/04","65100","-1500","-2.25","66500","66700","65100","2892681","189932884900","47392953961500","728002365"
"2019/06/03","66600","1300","1.99","65200","67200","64200","4020572","266028146700","48484957509000","728002365"
"2019/05/31","65300","-600","-0.91","65900","66900","64700","3191350","209941258753","47538554434500","728002365"
"2019/05/30","65900","-200","-0.30","66300","66900","65800","3023108","200326790700","47975355853500","728002365"
"2019/05/29","66100","200","0.30","65600","66700","64900","6056903","398147731712","48120956326500","728002365"
"2019/05/28","65900","-1000","-1.49","67200","68300","65900","12052399","798360749200","47975355853500","728002365"
"2019/05/27","66900","-700","-1.04","67900","68200","66400","2214176","148461247500","48703358218500","728002365"
"2019/05/24","67600","-400","-0.59","67300","68600","67000","3339145","226125147669","49212959874000","728002365"
"2019/05/23","68000","-900","-1.31","68400","69100","67300","3108370","211487699400","49504160820000","728002365"
"2019/05/22","68900","-1400","-1.99","71300","71300","68500","3128787","216749054670","50159362948500","728002365"
"2019/05/21","70300","-600","-0.85","70500","72200","69700","3893536","275609710900","51178566259500","728002365"
"2019/05/20","70900","-700","-0.98","71800","72800","70700","1970694","141289659600","51615367678500","728002365"
"2019/05/17","71600","-300","-0.42","72500","73300","71400","2412668","174457436000","52124969334000","728002365"
"2019/05/16","71900","-2600","-3.49","74400","75100","71600","3467027","253183969000","52343370043500","728002365"
"2019/05/15","74500","-100","-0.13","74800","75100","73900","2056131","153468950500","54236176192500","728002365"
"2019/05/14","74600","1100","1.50","72200","75100","71600","3712697","273538471100","54308976429000","728002365"
"2019/05/13","73500","-900","-1.21","73900","75000","72800","3062929","226331131000","53508173827500","728002365"
"2019/05/10","74400","-1600","-2.11","76100","76700","73400","5702537","427347721031","54163375956000","728002365"
"2019/05/09","76000","-4300","-5.35","79600","79700","75200","5939278","456492298302","55328179740000","728002365"
"2019/05/08","80300","400","0.50","78700","80500","78000","2731620","217328393240","58458589909500","728002365"
"2019/05/07","79900","-500","-0.62","79200","80400","78700","2700371","214873218154","58167388963500","728002365"
"2019/05/03","80400","-300","-0.37","81100","81300","80300","2481811","200277469300","58531390146000","728002365"
"2019/05/02","80700","1700","2.15","79700","81200","79100","3092434","249273521200","58749790855500","728002365"
"2019/04/30","79000","-1000","-1.25","79400","80700","78100","2960242","234229762800","57512186835000","728002365"
"2019/04/29","80000","1400","1.78","78700","80100","78200","2987384","237185391000","58240189200000","728002365"
"2019/04/26","78600","-1600","-2.00","78500","79900","77600","5183181","407123038190","57220985889000","728002365"
"2019/04/25","80200","1700","2.17","78400","81500","78100","5586360","448430949700","58385789673000","728002365"
"2019/04/24","78500","-2500","-3.09","81500","81500","77500","5318487","419931562900","57148185652500","728002365"
"2019/04/23","81000","500","0.62","81000","81800","80400","1779318","144167458100","58968191565000","728002365"
"2019/04/22","80500","-1300","-1.59","81500","81800","79900","1887109","152272668800","58604190382500","728002365"
"2019/04/19","81800","2600","3.28","80500","82400","80100","3040186","248303994300","59550593457000","728002365"
"2019/04/18","79200","-1000","-1.25","80800","81200","78500","3295697","262299718100","57657787308000","728002365"
"2019/04/17","80200","-200","-0.25","81000","82300","80000","2886956","233930030600","58385789673000","728002365"
"2019/04/16","80400","700","0.88","79900","80800","79100","2206997","176847664600","58531390146000","728002365"
"2019/04/15","79700","1600","2.05","79000","79900","78600","2019931","160595521600","58021788490500","728002365"
"2019/04/12","78100","-300","-0.38","77400","78800","77400","2317264","180753009950","56856984706500","728002365"
"2019/04/11","78400","-200","-0.25","79200","79500","78000","2614388","205682995800","57075385416000","728002365"
"2019/04/10","78600","800","1.03","76700","78800","76200","2689591","208606406050","57220985889000","728002365"
"2019/04/09","77800","-100","-0.13","77700","78700","77400","2322860","181154774600","56638583997000","728002365"
"2019/04/08","77900","-1100","-1.39","78900","79200","77600","2663493","208215353200","56711384233500","728002365"
"2019/04/05","79000","600","0.77","78200","79300","77900","2191720","172626248800","57512186835000","728002365"
"2019/04/04","78400","-1500","-1.88","80400","81400","77800","5436236","433083065400","57075385416000","728002365"
"2019/04/03","79900","3500","4.58","76800","79900","76500","4674142","366128554200","58167388963500","728002365"
"2019/04/02","76400","-200","-0.26","77900","78000","76100","2719440","209408682000","55619380686000","728002365"
"2019/04/01","76600","2400","3.23","75600","77100","75500","3579070","273797653100","55764981159000","728002365"
"2019/03/29","74200","1900","2.63","72900","74900","72700","3214170","237521880600","54017775483000","728002365"
"2019/03/28","72300","-1100","-1.50","72300","73600","71700","2774932","201485730800","52634570989500","728002365"
"2019/03/27","73400","700","0.96","71800","74100","71200","2744175","200493158500","53435373591000","728002365"
"2019/03/26","72700","-200","-0.27","72900","73300","71500","2987678","216321930100","52925771935500","728002365"
"2019/03/25","72900","-3200","-4.20","73700","74200","72600","3752230","274998541700","53071372408500","728002365"
"2019/03/22","76100","200","0.26","78900","78900","75900","5286455","407513835100","55400979976500","728002365"
"2019/03/21","75900","5400","7.66","73500","76000","72600","10030131","747350585250","55255379503500","728002365"
"2019/03/20","70500","2500","3.68","68400","70600","67600","3642962","251480897910","51324166732500","728002365"
"2019/03/19","68000","200","0.29","67300","68000","66600","2285169","154076063100","49504160820000","728002365"
"2019/03/18","67800","-300","-0.44","69200","69300","67300","2158588","147003130300","49358560347000","728002365"
"2019/03/15","68100","800","1.19","67400","68700","66700","3645592","248338899400","49576961056500","728002365"
"2019/03/14","67300","500","0.75","67400","67400","66400","3107100","208061008300","48994559164500","728002365"
"2019/03/13","66800","-900","-1.33","67700","67800","65900","2851596","189893294200","48630557982000","728002365"
"2019/03/12","67700","1100","1.65","67700","68600","67500","2753535","187094466500","49285760110500","728002365"
"2019/03/11","66600","-100","-0.15","67000","67800","66200","2869008","192102682500","48484957509000","728002365"
"2019/03/08","66700","-1400","-2.06","67900","68200","66200","3571792","238709879100","48557757745500","728002365"
"2019/03/07","68100","0","0.00","67200","68900","67100","3402570","231244259500","49576961056500","728002365"
"2019/03/06","68100","-1600","-2.30","68500","69600","67400","4958303","337546057000","49576961056500","728002365"
"2019/03/05","69700","-400","-0.57","68300","70000","68300","3465521","239905751100","50741764840500","728002365"
"2019/03/04","70100","100","0.14","70300","71400","69900","4931703","347613698900","51032965786500","728002365"
"2019/02/28","70000","-3700","-5.02","72500","72600","69900","7869451","555872886528","50960165550000","728002365"
"2019/02/27","73700","-1500","-1.99","75300","75700","73700","2864044","212669839200","53653774300500","728002365"
"2019/02/26","75200","-200","-0.27","75000","75900","74100","2483512","186162296000","54745777848000","728002365"
"2019/02/25","75400","-1300","-1.69","77300","77600","74800","2865712","217057499100","54891378321000","728002365"
"2019/02/22","76700","0","0.00","75600","76700","75300","1882653","142868940800","55837781395500","728002365"
"2019/02/21","76700","1000","1.32","75300","77200","74600","2874589","219185131100","55837781395500","728002365"
"2019/02/20","75700","2000","2.71","73700","76000","73600","3134257","235673827900","55109779030500","728002365"
"2019/02/19","73700","-1000","-1.34","74500","74800","73000","1462071","108018207300","53653774300500","728002365"
"2019/02/18","74700","900","1.22","74300","75300","74000","1772434","132308894800","54381776665500","728002365"
"2019/02/15","73800","-3600","-4.65","76800","76900","73800","4154616","310263028540","53726574537000","728002365"
"2019/02/14","77400","1200","1.57","75800","77400","75100","2313376","177069899400","56347383051000","728002365"
"2019/02/13","76200","300","0.40","77300","77600","76100","2378193","182321407022","55473780213000","728002365"
"2019/02/12","75900","1800","2.43","74100","76400","73900","3526701","266900281990","55255379503500","728002365"
"2019/02/11","74100","600","0.82","73000","74100","72200","3374192","247056156200","53944975246500","728002365"
"2019/02/08","73500","-3200","-4.17","75200","75500","73000","4012485","296341813700","53508173827500","728002365"
"2019/02/07","76700","800","1.05","77500","78200","76600","4249110","328992180800","55837781395500","728002365"
"2019/02/01","75900","2000","2.71","75400","76400","74700","3349965","253945506700","55255379503500","728002365"
"2019/01/31","73900","-2000","-2.64","76900","77100","73700","4447535","333396826950","53799374773500","728002365"
"2019/01/30","75900","2500","3.41","73500","76300","73000","5304841","398381201236","55255379503500","728002365"
"2019/01/29","73400","1600","2.23","71400","73800","71000","3368642","243423241200","53435373591000","728002365"
"2019/01/28","71800","-2800","-3.75","74700","74900","71200","4972189","363934670100","52270569807000","728002365"
"2019/01/25","74600","4100","5.82","71600","74800","71100","7163871","523277130986","54308976429000","728002365"
"2019/01/24","70500","3700","5.54","66900","70500","66900","6914092","478710394200","51324166732500","728002365"
"2019/01/23","66800","200","0.30","65500","67200","64800","2825017","187011687600","48630557982000","728002365"
"2019/01/22","66600","-400","-0.60","67900","68000","65700","4047917","269605437400","48484957509000","728002365"
"2019/01/21","67000","2400","3.72","65900","67400","65000","3977425","262811234700","48776158455000","728002365"
"2019/01/18","64600","-300","-0.46","65000","65700","63900","2263599","145715624650","47028952779000","728002365"
"2019/01/17","64900","100","0.15","65500","66200","64600","2830122","184779231112","47247353488500","728002365"
"2019/01/16","64800","800","1.25","63800","64900","62700","2478497","158653260800","47174553252000","728002365"
"2019/01/15","64000","1900","3.06","62200","64000","62200","2413868","152553529100","46592151360000","728002365"
"2019/01/14","62100","-3000","-4.61","64300","65100","62000","3282892","206235691400","45208946866500","728002365"
"2019/01/11","65100","-200","-0.31","65400","65900","64200","2890639","187777388200","47392953961500","728002365"
"2019/01/10","65300","1700","2.67","64100","65600","64000","6034432","392382253980","47538554434500","728002365"
"2019/01/09","63600","4400","7.43","59600","63800","59400","4928656","306756728900","46300950414000","728002365"
"2019/01/08","59200","500","0.85","57900","60500","57600","3062192","182102629700","43097740008000","728002365"
"2019/01/07","58700","400","0.69","59000","59700","58400","2273750","134044079900","42733738825500","728002365"
"2019/01/04","58300","600","1.04","57500","58500","56700","3388087","195335719400","42442537879500","728002365"
"2019/01/03","57700","-2900","-4.79","60200","60300","57500","3337621","195003280600","42005736460500","728002365"
"2019/01/02","60600","100","0.17","61300","61400","60000","1934295","117458798300","44116943319000","728002365"
"2018/12/28","60500","-1100","-1.79","61700","62300","60500","1647462","100586317600","44044143082500","728002365"
"2018/12/27","61600","1500","2.50","61600","61900","60600","3047798","187156851900","44844945684000","728002365"
"2018/12/26","60100","-300","-0.50","59400","60800","59300","2455060","147785954700","43752942136500","728002365"
"2018/12/24","60400","400","0.67","59600","60700","59200","2101703","126479855300","43971342846000","728002365"
"2018/12/21","60000","1400","2.39","58200","60500","58200","3946994","236398099100","43680141900000","728002365"
"2018/12/20","58600","-1700","-2.82","59300","59400","58100","4889709","286886618423","42660938589000","728002365"
"2018/12/19","60300","-800","-1.31","60800","61000","59700","3561783","214394949384","43898542609500","728002365"
"2018/12/18","61100","-1100","-1.77","61000","61900","60800","3098206","189538152100","44480944501500","728002365"
"2018/12/17","62200","400","0.65","61600","62500","61000","2506287","155363002300","45281747103000","728002365"
"2018/12/14","61800","-3700","-5.65","65200","65300","61200","5617675","350130863800","44990546157000","728002365"
"2018/12/13","65500","-700","-1.06","66300","66400","64800","4062323","266371212900","47684154907500","728002365"
"2018/12/12","66200","1300","2.00","65000","66200","64900","2901875","190428548724","48193756563000","728002365"
"2018/12/11","64900","-600","-0.92","66000","66600","64800","2457332","160514206662","47247353488500","728002365"
"2018/12/10","65500","-1300","-1.95","65900","65900","64700","2206084","143790359100","47684154907500","728002365"
"2018/12/07","66800","800","1.21","66700","67400","66600","2590733","173420398207","48630557982000","728002365"
"2018/12/06","66000","-2200","-3.23","67800","68200","65700","3902275","259458349330","48048156090000","728002365"
"2018/12/05","68200","-800","-1.16","67200","68800","67200","3008950","204662787308","49649761293000","728002365"
"2018/12/04","69000","-1500","-2.13","69900","70400","68400","3222060","222470121500","50232163185000","728002365"
"2018/12/03","70500","900","1.29","71000","71100","69800","2760290","194484746897","51324166732500","728002365"
"2018/11/30","69600","-1900","-2.66","71500","71600","68800","4167055","290568707700","50668964604000","728002365"
"2018/11/29","71500","-400","-0.56","73700","73700","71200","3270078","236884886300","52052169097500","728002365"
"2018/11/28","71900","1100","1.55","71000","72000","70700","2441991","174586802599","52343370043500","728002365"
"2018/11/27","70800","-100","-0.14","71100","71200","69700","2293763","161437355900","51542567442000","728002365"
"2018/11/26","70900","1600","2.31","69200","71300","69000","2361766","166558264300","51615367678500","728002365"
"2018/11/23","69300","0","0.00","69500","69700","68400","1499166","103455071100","50450563894500","728002365"
"2018/11/22","69300","1200","1.76","68100","69700","68000","1966126","135868541400","50450563894500","728002365"
"2018/11/21","68100","600","0.89","66900","68300","66100","3100596","209051981400","49576961056500","728002365"
"2018/11/20","67500","-2300","-3.30","67000","68200","67000","3325563","224462036950","49140159637500","728002365"
"2018/11/19","69800","-300","-0.43","69600","70500","68900","2303677","160209436900","50814565077000","728002365"
"2018/11/16","70100","-1700","-2.37","72600","72900","70000","2894513","206073440300","51032965786500","728002365"
"2018/11/15","71800","1400","1.99","70800","71800","70400","1564647","111117577600","52270569807000","728002365"
"2018/11/14","70400","-1500","-2.09","71400","72100","70200","2783377","196825283300","51251366496000","728002365"
"2018/11/13","71900","-2600","-3.49","72300","72500","69900","4730929","335859747914","52343370043500","728002365"
"2018/11/12","74500","1600","2.19","72200","74500","71800","3328433","244857875400","54236176192500","728002365"
"2018/11/09","72900","0","0.00","72400","73600","71900","3414946","248274510800","53071372408500","728002365"
"2018/11/08","72900","2100","2.97","72900","73300","72600","3930969","286589728800","53071372408500","728002365"
"2018/11/07","70800","700","1.00","70400","72300","70100","3770119","268229921900","51542567442000","728002365"
"2018/11/06","70100","-400","-0.57","70500","70600","69100","2624868","182737193700","51032965786500","728002365"
"2018/11/05","70500","-2100","-2.89","72000","72100","70100","3389386","239522513500","51324166732500","728002365"
"2018/11/02","72600","4300","6.30","70600","72800","69100","5334082","379044040000","52852971699000","728002365"
"2018/11/01","68300","100","0.15","68900","69600","67800","3218076","220677687560","49722561529500","728002365"
"2018/10/31","68200","0","0.00","69300","70400","67600","5038931","347142985000","49649761293000","728002365"
"2018/10/30","68200","1400","2.10","66000","70900","65900","6101533","422638767500","49649761293000","728002365"
"2018/10/29","66800","-200","-0.30","66600","67800","64800","4252977","282240749100","48630557982000","728002365"
"2018/10/26","67000","2300","3.55","65100","67100","62900","6211406","404482375900","48776158455000","728002365"
"2018/10/25","64700","-2000","-3.00","64700","66000","63200","5859332","377922887455","47101753015500","728002365"
"2018/10/24","66700","-2400","-3.47","69400","69600","65800","5703361","382389118800","48557757745500","728002365"
"2018/10/23","69100","-900","-1.29","69600","70000","68600","3175869","219820230304","50304963421500","728002365"
"2018/10/22","70000","-800","-1.13","69600","70900","69600","2377240","166750967550","50960165550000","728002365"
"2018/10/19","70800","2100","3.06","68100","70900","67800","2688930","187609602300","51542567442000","728002365"
"2018/10/18","68700","-1700","-2.41","69600","69900","68700","2849229","196998334500","50013762475500","728002365"
"2018/10/17","70400","700","1.00","71400","71700","70300","2653053","187955766800","51251366496000","728002365"
"2018/10/16","69700","-600","-0.85","70300","71000","69600","2211661","155030338800","50741764840500","728002365"
"2018/10/15","70300","-2100","-2.90","71600","71700","69900","3727297","263149625164","51178566259500","728002365"
"2018/10/12","72400","3400","4.93","69200","73200","69200","4882184","350547755500","52707371226000","728002365"
"2018/10/11","69000","-1300","-1.85","67600","70200","67500","4936490","341178322681","50232163185000","728002365"
"2018/10/10","70300","-900","-1.26","70300","71100","69800","4161114","292827905172","51178566259500","728002365"
"2018/10/08","71200","900","1.28","69500","71800","69400","2856291","203125709520","51833768388000","728002365"
"2018/10/05","70300","300","0.43","69700","71100","69400","5508014","387223507828","51178566259500","728002365"
"2018/10/04","70000","-1700","-2.37","71700","72200","69800","5778810","407564848400","50960165550000","728002365"
"2018/10/02","71700","-2000","-2.71","73600","74000","71600","4089558","296476306100","52197769570500","728002365"
"2018/10/01","73700","600","0.82","74300","74600","73200","2970456","219263720800","53653774300500","728002365"
"2018/09/28","73100","-1900","-2.53","75300","75900","73100","5824873","432567189665","53216972881500","728002365"
"2018/09/27","75000","-1700","-2.22","75900","75900","74700","5841083","439298015100","54600177375000","728002365"
"2018/09/21","76700","-2400","-3.03","77100","77500","76300","5678068","435679405900","55837781395500","728002365"
"2018/09/20","79100","300","0.38","78600","79900","78000","3392490","268695007700","57584987071500","728002365"
"2018/09/19","78800","800","1.03","79400","79700","78400","2912259","229771515851","57366586362000","728002365"
"2018/09/18","78000","800","1.04","76600","78300","76100","2450163","190007630572","56784184470000","728002365"
"2018/09/17","77200","-500","-0.64","78000","78200","76700","2252063","174078548948","56201782578000","728002365"
"2018/09/14","77700","3200","4.30","76100","77800","76000","4124842","318001235108","56565783760500","728002365"
"2018/09/13","74500","-600","-0.80","74300","75200","73900","5257563","391077754756","54236176192500","728002365"
"2018/09/12","75100","-1500","-1.96","76200","76200","74700","4330147","325308949615","54672977611500","728002365"
"2018/09/11","76600","100","0.13","76400","77800","76300","3197796","245897680400","55764981159000","728002365"
"2018/09/10","76500","600","0.79","75900","77100","75500","4167711","318047153360","55692180922500","728002365"
"2018/09/07","75900","-2900","-3.68","74500","76200","74100","8388278","631127033500","55255379503500","728002365"
"2018/09/06","78800","-1200","-1.50","78300","78900","77400","4516654","353117966300","57366586362000","728002365"
"2018/09/05","80000","-1200","-1.48","80600","81000","79900","2627619","211172993100","58240189200000","728002365"
"2018/09/04","81200","600","0.74","80600","81600","80200","1903734","154443119600","59113792038000","728002365"
"2018/09/03","80600","-2400","-2.89","82200","82800","80500","2618619","212810467300","58676990619000","728002365"
"2018/08/31","83000","300","0.36","81800","83000","81800","2303812","190305297800","60424196295000","728002365"
"2018/08/30","82700","-100","-0.12","82200","83500","81500","2337573","193642727000","60205795585500","728002365"
"2018/08/29","82800","400","0.49","82500","83300","81600","2330703","192500586620","60278595822000","728002365"
"2018/08/28","82400","-1100","-1.32","84100","84300","81900","4466308","371971745400","59987394876000","728002365"
"2018/08/27","83500","1700","2.08","82100","83800","81600","3070598","254582534500","60788197477500","728002365"
"2018/08/24","81800","700","0.86","80400","82200","79600","3612709","293497347800","59550593457000","728002365"
"2018/08/23","81100","1300","1.63","80300","81300","79300","3272130","263690430900","59040991801500","728002365"
"2018/08/22","79800","1400","1.79","79300","80900","78200","5295710","422644336400","58094588727000","728002365"
"2018/08/21","78400","3700","4.95","74800","78700","74400","5663191","435300685300","57075385416000","728002365"
"2018/08/20","74700","200","0.27","74700","75400","74400","2048829","153321182900","54381776665500","728002365"
"2018/08/17","74500","-200","-0.27","74400","75500","74100","2647963","197869068100","54236176192500","728002365"
"2018/08/16","74700","-1200","-1.58","73500","75400","72500","5550888","410195136500","54381776665500","728002365"
"2018/08/14","75900","500","0.66","75900","76600","75500","3206407","243940354700","55255379503500","728002365"
"2018/08/13","75400","300","0.40","74300","75700","74100","3734794","280618262985","54891378321000","728002365"
"2018/08/10","75100","-2900","-3.72","77200","77600","74600","6785694","511787735700","54672977611500","728002365"
"2018/08/09","78000","-1800","-2.26","80100","80300","77500","5587662","437940147700","56784184470000","728002365"
"2018/08/08","79800","-900","-1.12","81500","81600","79400","2804784","226130554300","58094588727000","728002365"
"2018/08/07","80700","1300","1.64","80100","80800","79700","3288142","264370508300","58749790855500","728002365"
"2018/08/06","79400","-3900","-4.68","82200","82300","79300","5910100","474806677400","57803387781000","728002365"
"2018/08/03","83300","100","0.12","84000","84100","83100","1928574","160825425800","60642597004500","728002365"
"2018/08/02","83200","-2400","-2.80","85000","85600","82900","3373964","283594511700","60569796768000","728002365"
"2018/08/01","85600","-700","-0.81","85900","86400","85100","2265008","193516661600","62317002444000","728002365"
"2018/07/31","86300","400","0.47","85200","86300","84500","2804543","240318801400","62826604099500","728002365"
"2018/07/30","85900","-200","-0.23","86200","86400","85100","2301941","197795962600","62535403153500","728002365"
"2018/07/27","86100","3000","3.61","83700","86400","83100","4943923","422783224800","62681003626500","728002365"
"2018/07/26","83100","2600","3.23","81300","83800","78600","6218102","509230565600","60496996531500","728002365"
"2018/07/25","80500","-3100","-3.71","83400","84000","80200","4154596","338890658900","58604190382500","728002365"
"2018/07/24","83600","1900","2.33","82500","83800","81700","4023740","333477939400","60860997714000","728002365"
"2018/07/23","81700","-6200","-7.05","86300","86400","81200","7076375","588793840200","59477793220500","728002365"
"2018/07/20","87900","-2400","-2.66","89700","90000","87200","3726334","328519209200","63991407883500","728002365"
"2018/07/19","90300","1000","1.12","90400","91200","90300","2383489","216436808900","65738613559500","728002365"
"2018/07/18","89300","700","0.79","89700","91000","89100","1937496","174195889600","65010611194500","728002365"
"2018/07/17","88600","-700","-0.78","90100","90200","88500","1570129","140120405382","64501009539000","728002365"
"2018/07/16","89300","500","0.56","88700","89300","87800","1896459","167920787400","65010611194500","728002365"
"2018/07/13","88800","3200","3.74","86500","90100","86500","4535954","403597606800","64646610012000","728002365"
"2018/07/12","85600","-1200","-1.38","86800","87000","85400","3032951","260210470085","62317002444000","728002365"
"2018/07/11","86800","-500","-0.57","86500","87600","85900","2037358","176787327100","63190605282000","728002365"
"2018/07/10","87300","-300","-0.34","88400","88600","86700","2002682","175121743300","63554606464500","728002365"
"2018/07/09","87600","2300","2.70","85300","87600","85300","2127205","183951205200","63773007174000","728002365"
"2018/07/06","85300","-900","-1.04","86200","86200","83600","3482186","295457803550","62098601734500","728002365"
"2018/07/05","86200","1200","1.41","85000","87300","85000","2059342","177451669100","62753803863000","728002365"
"2018/07/04","85000","-1100","-1.28","87800","87800","84400","2744382","235835060100","61880201025000","728002365"
"2018/07/03","86100","2400","2.87","85000","86500","84500","2817592","241238760400","62681003626500","728002365"
"2018/07/02","83700","-2000","-2.33","85000","86000","83400","2033542","172154661200","60933797950500","728002365"
"2018/06/29","85700","2200","2.63","83500","85700","83400","3003603","255024575500","62389802680500","728002365"
"2018/06/28","83500","-1700","-2.00","83000","84000","82500","3838303","319415630000","60788197477500","728002365"
"2018/06/27","85200","900","1.07","85700","86400","85200","3798356","325862490170","62025801498000","728002365"
"2018/06/26","84300","-500","-0.59","82500","84800","82400","5518522","461841150814","61370599369500","728002365"
"2018/06/25","84800","-4700","-5.25","88800","88800","84600","4420542","378252844300","61734600552000","728002365"
"2018/06/22","89500","1000","1.13","87300","89500","86700","2569978","227612457900","65156211667500","728002365"
"2018/06/21","88500","700","0.80","88900","89300","87500","3274612","290122368300","64428209302500","728002365"
"2018/06/20","87800","3700","4.40","85800","88100","85000","4183210","363766830550","63918607647000","728002365"
"2018/06/19","84100","100","0.12","84100","86100","83700","3824878","324431586200","61224998896500","728002365"
"2018/06/18","84000","-3000","-3.45","86800","86900","82300","4723914","396093543200","61152198660000","728002365"
"2018/06/15","87000","700","0.81","87400","87800","86100","2945006","256441655364","63336205755000","728002365"
"2018/06/14","86300","-2100","-2.38","88300","88300","86300","4646948","404542255508","62826604099500","728002365"
"2018/06/12","88400","-800","-0.90","89900","90100","88200","1876012","166593786100","64355409066000","728002365"
"2018/06/11","89200","800","0.90","88800","90200","88100","2535933","226548729300","64937810958000","728002365"
"2018/06/08","88400","-2500","-2.75","91000","91000","87600","4579508","406697274000","64355409066000","728002365"
"2018/06/07","90900","-100","-0.11","92700","92700","90600","2754947","251659469200","66175414978500","728002365"
"2018/06/05","91000","1200","1.34","89800","91300","89800","2758383","249932108800","66248215215000","728002365"
"2018/06/04","89800","-1600","-1.75","91000","92400","89700","3141036","285050047521","65374612377000","728002365"
"2018/06/01","91400","-2000","-2.14","90800","92200","89600","4790644","435439684800","66539416161000","728002365"
"2018/05/31","93400","-1600","-1.68","94500","94700","92800","5996671","560830087348","67995420891000","728002365"
"2018/05/30","95000","200","0.21","94800","95700","92800","3808299","358341610230","69160224675000","728002365"
"2018/05/29","94800","300","0.32","94600","96100","93500","2733549","258238750800","69014624202000","728002365"
"2018/05/28","94500","-700","-0.74","94600","95600","93700","2505786","236670587900","68796223492500","728002365"
"2018/05/25","95200","600","0.63","94300","97700","93900","4145819","397046637200","69305825148000","728002365"
"2018/05/24","94600","-700","-0.73","95300","95900","94600","3220029","306757048500","68869023729000","728002365"
"2018/05/23","95300","6200","6.96","91900","95500","91500","10378915","970733836900","69378625384500","728002365"
"2018/05/21","89100","1200","1.37","88400","89400","87400","3262983","289545162600","64865010721500","728002365"
"2018/05/18","87900","1200","1.38","87200","88000","85400","2187789","190404218000","63991407883500","728002365"
"2018/05/17","86700","-300","-0.34","88400","88700","86000","2864278","249977892300","63117805045500","728002365"
"2018/05/16","87000","2400","2.84","85000","87000","84800","3040180","262370966400","63336205755000","728002365"
"2018/05/15","84600","-800","-0.94","86000","86000","83900","2239370","189446023200","61589000079000","728002365"
"2018/05/14","85400","-700","-0.81","86100","86300","84500","1959236","166897435100","62171401971000","728002365"
"2018/05/11","86100","300","0.35","86600","86800","85400","2107047","181614303400","62681003626500","728002365"
"2018/05/10","85800","2400","2.88","85400","85800","84500","3274963","279371930400","62462602917000","728002365"
"2018/05/09","83400","-100","-0.12","84300","84700","83100","2284106","191564281800","60715397241000","728002365"
"2018/05/08","83500","500","0.60","84500","85300","83200","2979605","251643310000","60788197477500","728002365"
"2018/05/04","83000","100","0.12","83500","84100","82600","2696141","224377596437","60424196295000","728002365"
"2018/05/03","82900","-200","-0.24","83200","83900","82800","2362792","196480544350","60351396058500","728002365"
"2018/05/02","83100","-1400","-1.66","85900","86000","82900","5444240","456705976211","60496996531500","728002365"
"2018/04/30","84500","-2600","-2.99","85400","85700","84000","4653153","393799375115","61516199842500","728002365"
"2018/04/27","87100","600","0.69","88500","88800","86800","4961867","434696346800","63409005991500","728002365"
"2018/04/26","86500","4100","4.98","83800","87100","83300","7551747","648417132404","62972204572500","728002365"
"2018/04/25","82400","300","0.37","81600","83000","80900","3845661","315689610800","59987394876000","728002365"
"2018/04/24","82100","-2300","-2.73","83300","83400","80400","6804182","555780178700","59768994166500","728002365"
"2018/04/23","84400","0","0.00","83400","85300","83300","3002461","252483827900","61443399606000","728002365"
"2018/04/20","84400","-3500","-3.98","85900","86300","84000","4590640","389375443600","61443399606000","728002365"
"2018/04/19","87900","3300","3.90","85800","88200","85300","5901782","513551826600","63991407883500","728002365"
"2018/04/18","84600","1800","2.17","84100","85400","83700","3375376","285513064600","61589000079000","728002365"
"2018/04/17","82800","-1200","-1.43","83900","84000","82300","2501282","207410219800","60278595822000","728002365"
"2018/04/16","84000","-200","-0.24","84200","84700","83400","1489091","125115608548","61152198660000","728002365"
"2018/04/13","84200","200","0.24","85000","85900","83900","3032369","256894654900","61297799133000","728002365"
"2018/04/12","84000","2800","3.45","81900","85100","81500","5725102","480101483900","61152198660000","728002365"
"2018/04/11","81200","800","1.00","82400","82400","81000","3053453","249613086540","59113792038000","728002365"
"2018/04/10","80400","-200","-0.25","80000","80800","79200","2924054","234352272400","58531390146000","728002365"
"2018/04/09","80600","300","0.37","80000","81200","79300","3231256","259648599800","58676990619000","728002365"
"2018/04/06","80300","-2600","-3.14","80000","80600","79300","5693281","455070668100","58458589909500","728002365"
"2018/04/05","82900","2500","3.11","82200","83200","81200","3255356","267910681625","60351396058500","728002365"
"2018/04/04","80400","-1400","-1.71","82500","83000","80000","2964537","240511936000","58531390146000","728002365"
"2018/04/03","81800","500","0.62","80300","81800","78700","3553815","285147652000","59550593457000","728002365"
"2018/04/02","81300","0","0.00","81700","82800","81100","2342407","191645987026","59186592274500","728002365"
"2018/03/30","81300","1000","1.25","81200","83300","81100","3681673","302666319700","59186592274500","728002365"
"2018/03/29","80300","0","0.00","80800","81300","79600","3618849","290922635000","58458589909500","728002365"
"2018/03/28","80300","-1100","-1.35","79900","82200","79600","4820673","388613925200","58458589909500","728002365"
"2018/03/27","81400","-2600","-3.10","84700","84800","80100","7184488","590162643500","59259392511000","728002365"
"2018/03/26","84000","900","1.08","82300","84000","81000","6121334","506369596400","61152198660000","728002365"
"2018/03/23","83100","-5500","-6.21","85100","86400","82800","7310739","618805886356","60496996531500","728002365"
"2018/03/22","88600","200","0.23","88800","89300","88000","2698169","238879676005","64501009539000","728002365"
"2018/03/21","88400","-1200","-1.34","89600","90300","88000","2942484","261699794700","64355409066000","728002365"
"2018/03/20","89600","-300","-0.33","88900","89700","88000","3083666","274080832700","65229011904000","728002365"
"2018/03/19","89900","100","0.11","90200","91500","89500","3743718","338733400500","65447412613500","728002365"
"2018/03/16","89800","200","0.22","88500","89900","87200","5006430","443288819100","65374612377000","728002365"
"2018/03/15","89600","-1100","-1.21","90300","90500","88600","4106667","368089805300","65229011904000","728002365"
"2018/03/14","90700","700","0.78","89300","90900","89200","5939290","535697608620","66029814505500","728002365"
"2018/03/13","90000","5100","6.01","88000","90000","87600","8775741","779442892676","65520212850000","728002365"
"2018/03/12","84900","1600","1.92","84900","85600","84300","2744795","232739645100","61807400788500","728002365"
"2018/03/09","83300","-200","-0.24","84400","85900","83100","5159197","435692699900","60642597004500","728002365"
"2018/03/08","83500","800","0.97","83900","84300","81800","4440076","368775666200","60788197477500","728002365"
"2018/03/07","82700","300","0.36","83600","83900","82400","4992841","415345418636","60205795585500","728002365"
"2018/03/06","82400","4100","5.24","80100","82500","80000","7588369","619123491100","59987394876000","728002365"
"2018/03/05","78300","900","1.16","77500","78900","77100","3415061","267148137300","57002585179500","728002365"
"2018/03/02","77400","600","0.78","76300","77800","75900","2673152","205504720300","56347383051000","728002365"
"2018/02/28","76800","-1900","-2.41","78600","79200","76600","3102987","240630478000","55910581632000","728002365"
"2018/02/27","78700","1200","1.55","78700","79200","78400","3395415","267744080900","57293786125500","728002365"
"2018/02/26","77500","200","0.26","78300","78500","77200","2327486","181117445600","56420183287500","728002365"
"2018/02/23","77300","1400","1.84","76100","77600","76000","2404473","185510056900","56274582814500","728002365"
"2018/02/22","75900","-1000","-1.30","76100","77400","75700","1879461","143485447500","55255379503500","728002365"
"2018/02/21","76900","1400","1.85","75800","77200","75800","2653870","203359345800","55983381868500","728002365"
"2018/02/20","75500","-1000","-1.31","76400","76500","75200","2507719","189790114600","54964178557500","728002365"
"2018/02/19","76500","-1100","-1.42","78900","79000","76100","3350577","257926778200","55692180922500","728002365"
"2018/02/14","77600","-100","-0.13","78400","79500","77000","3943628","308915315800","56492983524000","728002365"
"2018/02/13","77700","3200","4.30","75900","77800","75800","7814367","601761797400","56565783760500","728002365"
"2018/02/12","74500","1100","1.50","73700","74700","73400","3317876","245892254816","54236176192500","728002365"
"2018/02/09","73400","-500","-0.68","72100","74200","72000","5118112","375781382000","53435373591000","728002365"
"2018/02/08","73900","2800","3.94","71900","74200","71600","5586858","409329218800","53799374773500","728002365"
"2018/02/07","71100","900","1.28","73700","73800","70800","6007913","435868616638","51760968151500","728002365"
"2018/02/06","70200","0","0.00","69100","71300","68200","5679965","394125867200","51105766023000","728002365"
"2018/02/05","70200","-2000","-2.77","70200","70900","69800","4058439","284978637300","51105766023000","728002365"
"2018/02/02","72200","-2200","-2.96","74500","74600","71800","4343077","315331940400","52561770753000","728002365"
"2018/02/01","74400","900","1.22","74900","75200","74000","2987816","222343899000","54163375956000","728002365"
"2018/01/31","73500","400","0.55","72200","74500","72200","5800892","426240525400","53508173827500","728002365"
"2018/01/30","73100","-2200","-2.92","74300","74600","73100","5443314","399864007386","53216972881500","728002365"
"2018/01/29","75300","-200","-0.26","76500","77000","75000","3618328","275120734900","54818578084500","728002365"
"2018/01/26","75500","-300","-0.40","76400","76400","74200","4296170","323615824500","54964178557500","728002365"
"2018/01/25","75800","3400","4.70","73400","76200","72300","8758929","654080218300","55182579267000","728002365"
"2018/01/24","72400","1100","1.54","71600","73200","71500","3802939","275481490400","52707371226000","728002365"
"2018/01/23","71300","200","0.28","71800","72200","70900","4671451","333271046211","51906568624500","728002365"
"2018/01/22","71100","-2200","-3.00","72800","72800","70700","5610463","400294139188","51760968151500","728002365"
"2018/01/19","73300","-1900","-2.53","75300","75800","73000","3898397","287884493200","53362573354500","728002365"
"2018/01/18","75200","1100","1.48","75800","76800","74600","6199800","469683363666","54745777848000","728002365"
"2018/01/17","74100","-300","-0.40","74400","75000","73700","3256624","241695467200","53944975246500","728002365"
"2018/01/16","74400","1700","2.34","72700","74700","72700","4383229","323575898300","54163375956000","728002365"
"2018/01/15","72700","-1700","-2.28","73700","74100","72500","3541267","258241437272","52925771935500","728002365"
"2018/01/12","74400","1800","2.48","73300","74500","72000","5659087","413385561900","54163375956000","728002365"
"2018/01/11","72600","-300","-0.41","73200","73800","72000","3777867","275483451450","52852971699000","728002365"
"2018/01/10","72900","-4000","-5.20","76700","76700","72500","9123901","671241841100","53071372408500","728002365"
"2018/01/09","76900","-1300","-1.66","78300","78900","76300","3343874","259263770300","55983381868500","728002365"
"2018/01/08","78200","-1100","-1.39","79500","80000","77400","2960495","231534855000","56929784943000","728002365"
"2018/01/05","79300","2200","2.85","78400","79400","78300","3395065","268302301700","57730587544500","728002365"
"2018/01/04","77100","-600","-0.77","78700","79700","77100","3729328","293227509500","56128982341500","728002365"
"2018/01/03","77700","1100","1.44","78100","78800","77300","3097644","241244828900","56565783760500","728002365"
"2018/01/02","76600","100","0.13","77300","77300","76200","2014838","154679174100","55764981159000","728002365"
"2017/12/28","76500","1400","1.86","75400","76700","75200","2825939","215222986404","55692180922500","728002365"
"2017/12/27","75100","1100","1.49","75400","76400","74400","4291492","322814111000","54672977611500","728002365"
"2017/12/26","74000","-2700","-3.52","76600","76900","74000","6253943","470523261600","53872175010000","728002365"
"2017/12/22","76700","-300","-0.39","76400","77400","76300","3382954","259843230800","55837781395500","728002365"
"2017/12/21","77000","-3100","-3.87","80200","80600","76900","4831110","375893627500","56056182105000","728002365"
"2017/12/20","80100","-100","-0.12","80900","81600","79900","4375810","353497856300","58312989436500","728002365"
"2017/12/19","80200","3000","3.89","78400","80800","78200","6782210","540014323400","58385789673000","728002365"
"2017/12/18","77200","1500","1.98","76200","77300","75900","3237589","248538131200","56201782578000","728002365"
"2017/12/15","75700","-300","-0.39","77100","77400","75600","3374982","257081381695","55109779030500","728002365"
"2017/12/14","76000","-800","-1.04","77200","77600","76000","5552560","425703238700","55328179740000","728002365"
"2017/12/13","76800","-1000","-1.29","77400","77500","76200","3485920","267386058800","55910581632000","728002365"
"2017/12/12","77800","-900","-1.14","79000","79000","77100","3746347","291496663800","56638583997000","728002365"
"2017/12/11","78700","0","0.00","79000","79500","78000","2493176","196326959260","57293786125500","728002365"
"2017/12/08","78700","2700","3.55","77500","78900","76900","3660716","285431726000","57293786125500","728002365"
"2017/12/07","76000","-1500","-1.94","78300","78300","75600","5166136","395375589600","55328179740000","728002365"
"2017/12/06","77500","-400","-0.51","78700","79500","77200","3934238","307971185400","56420183287500","728002365"
"2017/12/05","77900","-1200","-1.52","77600","79300","77100","3736568","291407231242","56711384233500","728002365"
"2017/12/04","79100","1700","2.20","77600","79200","76800","4115752","321366491100","57584987071500","728002365"
"2017/12/01","77400","600","0.78","77200","78800","77100","4340592","337025316000","56347383051000","728002365"
"2017/11/30","76800","-5600","-6.80","77000","79600","76800","11213748","873084585860","55910581632000","728002365"
"2017/11/29","82400","-200","-0.24","82900","83000","82100","2418748","199668865000","59987394876000","728002365"
"2017/11/28","82600","-500","-0.60","82900","83600","81200","4083144","335956958400","60132995349000","728002365"
"2017/11/27","83100","-2000","-2.35","86000","86700","82000","7105679","593412377000","60496996531500","728002365"
"2017/11/24","85100","400","0.47","84500","85400","83900","2073899","175597705100","61953001261500","728002365"
"2017/11/23","84700","-2100","-2.42","86200","86300","84500","2840382","242064414800","61661800315500","728002365"
"2017/11/22","86800","1800","2.12","86500","87700","86100","4592670","399212701900","63190605282000","728002365"
"2017/11/21","85000","2900","3.53","83200","85000","82800","5540888","466928386800","61880201025000","728002365"
"2017/11/20","82100","-900","-1.08","83300","83300","81800","2988991","246424623100","59768994166500","728002365"
"2017/11/17","83000","500","0.61","83300","84800","83000","4339090","362775855395","60424196295000","728002365"
"2017/11/16","82500","500","0.61","82300","82800","81200","3053355","250787561500","60060195112500","728002365"
"2017/11/15","82000","-1400","-1.68","83800","84200","81900","3207872","265091390700","59696193930000","728002365"
"2017/11/14","83400","1100","1.34","83000","84500","82900","3399976","284025290605","60715397241000","728002365"
"2017/11/13","82300","300","0.37","82000","83100","81800","2955651","243371458300","59914594639500","728002365"
"2017/11/10","82000","-400","-0.49","81300","82800","81000","2357772","193577873500","59696193930000","728002365"
"2017/11/09","82400","-800","-0.96","83200","83500","81600","3748489","308429919200","59987394876000","728002365"
"2017/11/08","83200","800","0.97","82100","84400","81800","3396387","283884157100","60569796768000","728002365"
"2017/11/07","82400","-1100","-1.32","82800","83300","82200","2993945","247145977200","59987394876000","728002365"
"2017/11/06","83500","-900","-1.07","83600","84100","83000","3131468","261569393400","60788197477500","728002365"
"2017/11/03","84400","1000","1.20","83400","84500","81900","4050123","337348445900","61443399606000","728002365"
"2017/11/02","83400","-1900","-2.23","85000","85100","83200","4464960","375220713300","60715397241000","728002365"
"2017/11/01","85300","3100","3.77","86000","86000","84000","7067296","601022658680","62098601734500","728002365"
"2017/10/31","82200","2400","3.01","80000","82700","79200","6620890","538901554000","59841794403000","728002365"
"2017/10/30","79800","1400","1.79","79600","81300","79100","5883529","472310756400","58094588727000","728002365"
"2017/10/27","78400","-300","-0.38","78100","78700","76500","8929263","691691985860","57075385416000","728002365"
"2017/10/26","78700","-3000","-3.67","80000","82000","78500","7528077","602307366200","57293786125500","728002365"
"2017/10/25","81700","-100","-0.12","82100","82600","80300","3914170","318921663840","59477793220500","728002365"
"2017/10/24","81800","-2900","-3.42","84000","84200","81600","5236092","431212540600","59550593457000","728002365"
"2017/10/23","84700","3500","4.31","82600","84700","82100","5388391","449716044200","61661800315500","728002365"
"2017/10/20","81200","2200","2.78","79800","82400","79600","6911051","560456302827","59113792038000","728002365"
"2017/10/19","79000","-1900","-2.35","79900","81800","79000","7675978","613846154600","57512186835000","728002365"
"2017/10/18","80900","-2600","-3.11","83200","83300","80000","9070685","737738341474","58895391328500","728002365"
"2017/10/17","83500","-700","-0.83","85700","86600","83500","6802500","577271089360","60788197477500","728002365"
"2017/10/16","84200","-1900","-2.21","86100","87100","82800","6985619","588710801900","61297799133000","728002365"
"2017/10/13","86100","-2400","-2.71","88500","88500","85600","6101810","528412085474","62681003626500","728002365"
"2017/10/12","88500","-600","-0.67","89200","89900","88100","4313702","382904043400","64428209302500","728002365"
"2017/10/11","89100","400","0.45","89900","90300","88100","5500820","489731597205","64865010721500","728002365"
"2017/10/10","88700","5800","7.00","86300","90000","85300","7956055","698272035600","64573809775500","728002365"
"2017/09/29","82900","-300","-0.36","83300","84300","82200","3579139","297279924300","60351396058500","728002365"
"2017/09/28","83200","800","0.97","84500","85500","82500","4817018","404304807700","60569796768000","728002365"
"2017/09/27","82400","300","0.37","83100","83800","81400","5029200","415283477312","59987394876000","728002365"
"2017/09/26","82100","-4200","-4.87","84100","85100","81000","11035272","918111660200","59768994166500","728002365"
"2017/09/25","86300","3200","3.85","83600","86300","83600","4656285","397045175400","62826604099500","728002365"
"2017/09/22","83100","0","0.00","82900","84300","82000","5970218","497295419530","60496996531500","728002365"
"2017/09/21","83100","2400","2.97","81100","83400","80400","6961713","572134656900","60496996531500","728002365"
"2017/09/20","80700","1500","1.89","79300","81200","78400","5268665","421787655200","58749790855500","728002365"
"2017/09/19","79200","-500","-0.63","80100","80500","78500","3934389","312426840700","57657787308000","728002365"
"2017/09/18","79700","2500","3.24","78200","80000","77700","3638325","289008021900","58021788490500","728002365"
"2017/09/15","77200","400","0.52","76100","77500","76000","2725277","210049266400","56201782578000","728002365"
"2017/09/14","76800","1100","1.45","76300","76800","75700","3366621","257471560700","55910581632000","728002365"
"2017/09/13","75700","1000","1.34","75000","77400","74300","5682708","433948365750","55109779030500","728002365"
"2017/09/12","74700","900","1.22","74800","74900","73500","3676865","273386494804","54381776665500","728002365"
"2017/09/11","73800","1200","1.65","73600","74200","73200","3321612","244932012900","53726574537000","728002365"
"2017/09/08","72600","1200","1.68","72000","72800","71500","2868673","207650216260","52852971699000","728002365"
"2017/09/07","71400","-300","-0.42","71600","72800","71200","3877849","279598286736","51979368861000","728002365"
"2017/09/06","71700","1800","2.58","69900","71900","69700","4476200","318561848900","52197769570500","728002365"
"2017/09/05","69900","1800","2.64","68600","70100","67900","4026248","279156781800","50887365313500","728002365"
"2017/09/04","68100","-600","-0.87","66600","68600","66600","3234465","219539581900","49576961056500","728002365"
"2017/09/01","68700","100","0.15","69000","69200","67700","2304425","157969181488","50013762475500","728002365"
"2017/08/31","68600","100","0.15","68900","69300","68200","2054717","141200636600","49940962239000","728002365"
"2017/08/30","68500","900","1.33","68300","68900","68100","2118742","145004795000","49868162002500","728002365"
"2017/08/29","67600","-300","-0.44","67300","67900","66400","2967906","199360919600","49212959874000","728002365"
"2017/08/28","67900","-500","-0.73","68000","68100","67100","1843458","124791532200","49431360583500","728002365"
"2017/08/25","68400","300","0.44","68300","68400","67600","1862764","126982371200","49795361766000","728002365"
"2017/08/24","68100","100","0.15","68200","68700","67500","2333347","159209639300","49576961056500","728002365"
"2017/08/23","68000","-200","-0.29","69000","69000","67600","3072911","209524243000","49504160820000","728002365"
"2017/08/22","68200","1000","1.49","67400","68200","67200","2208365","150015610552","49649761293000","728002365"
"2017/08/21","67200","200","0.30","67300","67800","66600","2570150","173291387300","48921758928000","728002365"
"2017/08/18","67000","600","0.90","64900","67300","64800","3130891","208105563200","48776158455000","728002365"
"2017/08/17","66400","300","0.45","66800","67300","66100","3709768","247917400340","48339357036000","728002365"
"2017/08/16","66100","1000","1.54","67200","67300","65800","4714899","314032027100","48120956326500","728002365"
"2017/08/14","65100","3700","6.03","63000","65100","62300","5239246","334543195300","47392953961500","728002365"
"2017/08/11","61400","-3000","-4.66","62000","63000","61400","6664578","412801666600","44699345211000","728002365"
"2017/08/10","64400","200","0.31","63700","64600","63200","4474120","286019027300","46883352306000","728002365"
"2017/08/09","64200","-2100","-3.17","65400","65400","64000","4037319","260752048900","46737751833000","728002365"
"2017/08/08","66300","2200","3.43","64900","66400","64800","4372768","286946128300","48266556799500","728002365"
"2017/08/07","64100","100","0.16","64000","65000","63700","3518575","226134605800","46664951596500","728002365"
"2017/08/04","64000","-1500","-2.29","65100","66100","63200","5938549","380105397900","46592151360000","728002365"
"2017/08/03","65500","-2500","-3.68","67900","67900","65200","4992104","329494265976","47684154907500","728002365"
"2017/08/02","68000","2500","3.82","67900","68200","66600","4161592","281334659600","49504160820000","728002365"
"2017/08/01","65500","-500","-0.76","65300","66500","64700","3744523","245936661800","47684154907500","728002365"
"2017/07/31","66000","1400","2.17","63700","66000","63700","4769724","311774802900","48048156090000","728002365"
"2017/07/28","64600","-3800","-5.56","67800","67900","64200","8093780","529573265800","47028952779000","728002365"
"2017/07/27","68400","1600","2.40","66800","69500","66800","6177375","422605233366","49795361766000","728002365"
"2017/07/26","66800","-3600","-5.11","69600","69900","66700","9659618","655041950200","48630557982000","728002365"
"2017/07/25","70400","-2600","-3.56","72900","73000","70100","6028435","430840972164","51251366496000","728002365"
"2017/07/24","73000","1800","2.53","71300","73000","71000","3598173","260435962400","53144172645000","728002365"
"2017/07/21","71200","-100","-0.14","70800","71300","70300","1599111","113487450900","51833768388000","728002365"
"2017/07/20","71300","300","0.42","71400","71700","70800","1647153","117296305900","51906568624500","728002365"
"2017/07/19","71000","200","0.28","71200","71200","70000","2009799","141783535300","51688167915000","728002365"
"2017/07/18","70800","-400","-0.56","70700","71800","70600","2066194","146851971332","51542567442000","728002365"
"2017/07/17","71200","100","0.14","71800","71900","70200","2804598","199067687800","51833768388000","728002365"
"2017/07/14","71100","500","0.71","71400","72200","70700","2931832","209076118500","51760968151500","728002365"
"2017/07/13","70600","1700","2.47","69500","71900","69200","5432312","384125703900","51396966969000","728002365"
"2017/07/12","68900","-100","-0.14","68700","69500","68400","3462150","238603607800","50159362948500","728002365"
"2017/07/11","69000","1700","2.53","67400","69000","66900","3187332","217623977100","50232163185000","728002365"
"2017/07/10","67300","700","1.05","67000","67500","65700","2667048","178451526600","48994559164500","728002365"
"2017/07/07","66600","-1500","-2.20","67600","68400","66100","3242213","217837386800","48484957509000","728002365"
"2017/07/06","68100","100","0.15","69000","69400","67500","4048922","276423779700","49576961056500","728002365"
"2017/07/05","68000","2200","3.34","65600","68200","65300","4557456","306513708200","49504160820000","728002365"
"2017/07/04","65800","-500","-0.75","65900","67100","65300","2895782","190871324100","47902555617000","728002365"
"2017/07/03","66300","-1100","-1.63","66500","66900","65500","3763473","248130896500","48266556799500","728002365"
"2017/06/30","67400","-1100","-1.61","67400","67800","67000","3230282","217339950820","49067359401000","728002365"
"2017/06/29","68500","1300","1.93","67900","68800","67100","3702501","251084109660","49868162002500","728002365"
"2017/06/28","67200","-2000","-2.89","68100","69200","66800","5520578","374804364000","48921758928000","728002365"
"2017/06/27","69200","1700","2.52","68200","69600","67000","4951341","339377416500","50377763658000","728002365"
"2017/06/26","67500","2500","3.85","65000","67500","65000","3516630","234090652100","49140159637500","728002365"
"2017/06/23","65000","0","0.00","64500","65400","63500","3189590","205414785800","47320153725000","728002365"
"2017/06/22","65000","200","0.31","66500","66500","64500","4977159","326647334900","47320153725000","728002365"
"2017/06/21","64800","800","1.25","63300","66300","62900","5650669","364462864342","47174553252000","728002365"
"2017/06/20","64000","1200","1.91","64700","65400","63700","6519471","421413493078","46592151360000","728002365"
"2017/06/19","62800","2300","3.80","61300","63200","61300","5315543","331926635700","45718548522000","728002365"
"2017/06/16","60500","-100","-0.17","61100","61600","59900","3932203","238638756100","44044143082500","728002365"
"2017/06/15","60600","1300","2.19","59300","61000","59300","4549233","273602192540","44116943319000","728002365"
"2017/06/14","59300","500","0.85","59200","60000","58800","4441904","263819763800","43170540244500","728002365"
"2017/06/13","58800","1300","2.26","57700","58900","56900","3431811","198717312937","42806539062000","728002365"
"2017/06/12","57500","-800","-1.37","57200","57900","56800","2650404","152098692600","41860135987500","728002365"
"2017/06/09","58300","1600","2.82","56700","58400","56500","4799560","277059923500","42442537879500","728002365"
"2017/06/08","56700","200","0.35","56500","57000","56200","3943311","223290006300","41277734095500","728002365"
"2017/06/07","56500","400","0.71","55900","56900","55400","3040030","171074739646","41132133622500","728002365"
"2017/06/05","56100","-1000","-1.75","57200","57200","55900","2525078","142111903878","40840932676500","728002365"
"2017/06/02","57100","700","1.24","56900","57500","56400","2481215","141284324000","41568935041500","728002365"
"2017/06/01","56400","-600","-1.05","56700","56900","56100","2006611","113246671800","41059333386000","728002365"
"2017/05/31","57000","-400","-0.70","57400","57900","56500","3314659","189595788500","41496134805000","728002365"
"2017/05/30","57400","-500","-0.86","58200","58400","56600","2368225","135611819000","41787335751000","728002365"
"2017/05/29","57900","800","1.40","57700","58800","57100","3294700","191428238700","42151336933500","728002365"
"2017/05/26","57100","1300","2.33","56000","57100","56000","3145737","178594395600","41568935041500","728002365"
"2017/05/25","55800","0","0.00","56400","56400","55400","1996135","111865587400","40622531967000","728002365"
"2017/05/24","55800","700","1.27","55700","56500","55600","2324952","130096705400","40622531967000","728002365"
"2017/05/23","55100","-900","-1.61","56400","56500","55000","2410542","133653961100","40112930311500","728002365"
"2017/05/22","56000","1800","3.32","54900","56000","54800","2544180","140824387200","40768132440000","728002365"
"2017/05/19","54200","-1500","-2.69","55100","55600","54200","2860160","156511803722","39457728183000","728002365"
"2017/05/18","55700","1000","1.83","53600","55700","53400","3494997","190530143100","40549731730500","728002365"
"2017/05/17","54700","-600","-1.08","55400","55700","54400","2485465","136384483800","39821729365500","728002365"
"2017/05/16","55300","-300","-0.54","56200","56800","55200","2546047","142368617400","40258530784500","728002365"
"2017/05/15","55600","300","0.54","55300","56100","55300","1542366","85739612600","40476931494000","728002365"
"2017/05/12","55300","-1100","-1.95","56400","56400","55100","2303244","128048287177","40258530784500","728002365"
"2017/05/11","56400","800","1.44","56000","56400","54800","3509393","196024200280","41059333386000","728002365"
"2017/05/10","55600","-1300","-2.28","57400","58100","55200","4766870","269366241500","40476931494000","728002365"
"2017/05/08","56900","1000","1.79","56000","57000","55700","3818771","215785460500","41423334568500","728002365"
"2017/05/04","55900","500","0.90","55900","55900","55000","2780438","154745815500","40695332203500","728002365"
"2017/05/02","55400","1400","2.59","55300","55900","54800","4347745","240956691700","40331331021000","728002365"
"2017/04/28","54000","400","0.75","53600","54700","53400","3573387","192751131700","39312127710000","728002365"
"2017/04/27","53600","-100","-0.19","53800","53900","52700","2743963","146919400400","39020926764000","728002365"
"2017/04/26","53700","1300","2.48","53100","54200","53000","5609007","301324293700","39093727000500","728002365"
"2017/04/25","52400","0","0.00","52800","52800","51300","5312931","276789790000","38147323926000","728002365"
"2017/04/24","52400","400","0.77","52700","53200","52100","3158545","165871353900","38147323926000","728002365"
"2017/04/21","52000","600","1.17","51800","52500","51300","3834454","199520369456","37856122980000","728002365"
"2017/04/20","51400","1550","3.11","49750","51700","49700","3573280","181798039362","37419321561000","728002365"
"2017/04/19","49850","-350","-0.70","50300","50400","49850","1587172","79511141728","36290917895250","728002365"
"2017/04/18","50200","1000","2.03","49600","50400","49300","1899560","94570762700","36545718723000","728002365"
"2017/04/17","49200","-600","-1.20","50200","50300","49100","2002100","98909188600","35817716358000","728002365"
"2017/04/14","49800","50","0.10","49750","50700","49450","2845128","142925017950","36254517777000","728002365"
"2017/04/13","49750","750","1.53","49100","50200","48650","2367158","117065730550","36218117658750","728002365"
"2017/04/12","49000","150","0.31","48800","49200","48550","1694663","82702802525","35672115885000","728002365"
"2017/04/11","48850","-150","-0.31","48550","49350","48400","2384127","116511682700","35562915530250","728002365"
"2017/04/10","49000","-800","-1.61","49700","49750","48950","1824895","89822690638","35672115885000","728002365"
"2017/04/07","49800","400","0.81","49450","49800","48700","2645476","130596375350","36254517777000","728002365"
"2017/04/06","49400","-900","-1.79","50300","50500","49100","2991825","147941742500","35963316831000","728002365"
"2017/04/05","50300","-700","-1.37","50600","51000","49950","2758658","138832002302","36618518959500","728002365"
"2017/04/04","51000","-800","-1.54","52100","52200","50800","2192884","113279189400","37128120615000","728002365"
"2017/04/03","51800","1300","2.57","50800","51900","50700","2361892","121772174100","37710522507000","728002365"
"2017/03/31","50500","-400","-0.79","50800","50800","49900","2682196","135004692700","36764119432500","728002365"
"2017/03/30","50900","-400","-0.78","51100","51500","50200","2204243","111737846700","37055320378500","728002365"
"2017/03/29","51300","500","0.98","51000","52200","50800","4154277","213972694700","37346521324500","728002365"
"2017/03/28","50800","100","0.20","51200","51300","50000","2862493","144900640600","36982520142000","728002365"
"2017/03/27","50700","1200","2.42","50000","51100","49950","5607032","283731732750","36909719905500","728002365"
"2017/03/24","49500","1050","2.17","50000","50200","49300","5174622","257342312200","36036117067500","728002365"
"2017/03/23","48450","-200","-0.41","48950","49300","48150","2473925","120261459150","35271714584250","728002365"
"2017/03/22","48650","1100","2.31","47000","48800","47000","4157526","200269780660","35417315057250","728002365"
"2017/03/21","47550","-50","-0.11","47900","48250","47000","3720816","177516360850","34616512455750","728002365"
"2017/03/20","47600","850","1.82","46950","47650","46550","3929405","184851310550","34652912574000","728002365"
"2017/03/17","46750","-2400","-4.88","48400","48400","46600","8098258","381153216850","34034110563750","728002365"
"2017/03/16","49150","350","0.72","49350","49650","48500","3458839","169451585692","35781316239750","728002365"
"2017/03/15","48800","-1500","-2.98","49350","49500","48550","4688787","229711965700","35526515412000","728002365"
"2017/03/14","50300","-700","-1.37","51800","51900","50300","4024138","204683057400","36618518959500","728002365"
"2017/03/13","51000","1800","3.66","49550","51100","49300","4948062","249891224300","37128120615000","728002365"
"2017/03/10","49200","1200","2.50","48100","49550","47500","3849912","188167881225","35817716358000","728002365"
"2017/03/09","48000","0","0.00","48200","48850","48000","2957372","142837452701","34944113520000","728002365"
"2017/03/08","48000","-800","-1.64","48800","49300","47900","3728263","179925820180","34944113520000","728002365"
"2017/03/07","48800","-550","-1.11","49100","49300","48050","3439908","167476335900","35526515412000","728002365"
"2017/03/06","49350","2250","4.78","47600","49400","47550","5045970","246487961130","35926916712750","728002365"
"2017/03/03","47100","-600","-1.26","47650","48250","46700","3937032","186640393450","34288911391500","728002365"
"2017/03/02","47700","1000","2.14","46850","47850","46800","7093071","335246658975","34725712810500","728002365"
"2017/02/28","46700","700","1.52","46600","47600","46200","5588155","262884029905","33997710445500","728002365"
"2017/02/27","46000","-1500","-3.16","46850","47000","45650","7604699","351359685600","33488108790000","728002365"
"2017/02/24","47500","-2700","-5.38","49850","50000","47400","7707747","371299047500","34580112337500","728002365"
"2017/02/23","50200","-400","-0.79","50000","50400","49050","3374139","168173904308","36545718723000","728002365"
"2017/02/22","50600","-300","-0.59","51600","51700","50600","2678429","136898075004","36836919669000","728002365"
"2017/02/21","50900","1000","2.00","49950","51000","49350","2227708","112329649650","37055320378500","728002365"
"2017/02/20","49900","-500","-0.99","50900","51000","49600","2265276","113363337450","36327318013500","728002365"
"2017/02/17","50400","800","1.61","50400","51100","50200","4927937","249569939100","36691319196000","728002365"
"2017/02/16","49600","1700","3.55","48350","49600","48200","4840918","237306104600","36108917304000","728002365"
"2017/02/15","47900","-550","-1.14","48300","48700","47550","8725221","418959476450","34871313283500","728002365"
"2017/02/14","48450","-2250","-4.44","51100","51600","48100","8593878","422149431150","35271714584250","728002365"
"2017/02/13","50700","700","1.40","49550","51000","49500","4124290","208281404650","36909719905500","728002365"
"2017/02/10","50000","-2700","-5.12","52000","52200","50000","9120878","465448709400","36400118250000","728002365"
"2017/02/09","52700","-1900","-3.48","53100","53700","52500","6547266","347819994300","38365724635500","728002365"
"2017/02/08","54600","1300","2.44","53700","54600","52400","3552260","190289394500","39748929129000","728002365"
"2017/02/07","53300","-400","-0.74","53800","54500","53100","2405891","129380654500","38802526054500","728002365"
"2017/02/06","53700","0","0.00","54200","54400","53300","1897002","102085693100","39093727000500","728002365"
"2017/02/03","53700","900","1.70","52500","53700","51800","3718619","196279515060","39093727000500","728002365"
"2017/02/02","52800","-1200","-2.22","53500","54000","52700","3486140","185564141500","38438524872000","728002365"
"2017/02/01","54000","300","0.56","54300","54900","53700","2813046","152598833428","39312127710000","728002365"
"2017/01/31","53700","400","0.75","53300","54500","52700","4118790","221428745900","39093727000500","728002365"
"2017/01/26","53300","1600","3.09","52500","53500","52400","4517114","239592036100","38802526054500","728002365"
"2017/01/25","51700","100","0.19","52200","52500","51600","2715809","141446130200","37637722270500","728002365"
"2017/01/24","51600","800","1.57","51300","52000","51100","3449130","177616900100","37564922034000","728002365"
"2017/01/23","50800","1650","3.36","49950","51000","49900","4148659","209753459500","36982520142000","728002365"
"2017/01/20","49150","-450","-0.91","49700","50100","49150","1943195","96154281550","35781316239750","728002365"
"2017/01/19","49600","750","1.54","49550","50100","49100","2332268","115610934220","36108917304000","728002365"
"2017/01/18","48850","-450","-0.91","48950","49400","48300","2974091","144988002700","35562915530250","728002365"
"2017/01/17","49300","0","0.00","49300","50200","49250","2309955","114604813700","35890516594500","728002365"
"2017/01/16","49300","-1000","-1.99","50100","50300","48800","4974924","245390500600","35890516594500","728002365"
"2017/01/13","50300","-300","-0.59","49850","50700","49850","4219771","211612764000","36618518959500","728002365"
"2017/01/12","50600","-1000","-1.94","51600","51600","50400","5060622","256710131000","36836919669000","728002365"
"2017/01/11","51600","1850","3.72","50000","51900","50000","4360058","223583642686","37564922034000","728002365"
"2017/01/10","49750","200","0.40","49850","50200","49200","2561968","127213145450","36218117658750","728002365"
"2017/01/09","49550","1550","3.23","48500","49750","48200","3871999","191236382800","36072517185750","728002365"
"2017/01/06","48000","1050","2.24","47700","48450","47600","3166843","152264047279","34944113520000","728002365"
"2017/01/05","46950","450","0.97","47000","47500","46850","2377163","112240246450","34179711036750","728002365"
"2017/01/04","46500","-750","-1.59","47000","47150","46200","2722599","127044173975","33852109972500","728002365"
"2017/01/03","47250","1450","3.17","46200","47300","46200","2655477","124284065200","34398111746250","728002365"
"2017/01/02","45800","1100","2.46","44750","46000","44600","1547681","70741238750","33342508317000","728002365"
"2016/12/29","44700","-650","-1.43","45150","45200","44600","1808856","81023763700","32541705715500","728002365"
"2016/12/28","45350","-300","-0.66","45350","45750","45100","1296254","58862600300","33014907252750","728002365"
"2016/12/27","45650","0","0.00","45550","45950","45400","1175619","53721001850","33233307962250","728002365"
"2016/12/26","45650","-650","-1.40","46200","46600","45250","1603230","73414513200","33233307962250","728002365"
"2016/12/23","46300","800","1.76","46200","46400","45950","2982024","137862626550","33706509499500","728002365"
"2016/12/22","45500","500","1.11","46000","46650","45150","4045912","185843972475","33124107607500","728002365"
"2016/12/21","45000","-150","-0.33","45500","45750","45000","1662010","75459948900","32760106425000","728002365"
"2016/12/20","45150","0","0.00","45400","45550","44950","1110753","50221438750","32869306779750","728002365"
"2016/12/19","45150","-1250","-2.69","46250","46300","45050","1997194","90996663400","32869306779750","728002365"
"2016/12/16","46400","800","1.75","45800","46450","45700","2100809","97050029200","33779309736000","728002365"
"2016/12/15","45600","-250","-0.55","45850","46050","45000","1828843","83216786950","33196907844000","728002365"
"2016/12/14","45850","900","2.00","45350","46100","45350","2010708","92037836750","33378908435250","728002365"
"2016/12/13","44950","-350","-0.77","44700","45700","44700","1822952","82213098100","32723706306750","728002365"
"2016/12/12","45300","-200","-0.44","45750","45850","44850","1440589","65348111732","32978507134500","728002365"
"2016/12/09","45500","-750","-1.62","46450","46750","45450","3003326","137771228250","33124107607500","728002365"
"2016/12/08","46250","1000","2.21","46200","46650","46100","3313157","153631267750","33670109381250","728002365"
"2016/12/07","45250","50","0.11","45750","45800","45200","1984369","90333482150","32942107016250","728002365"
"2016/12/06","45200","800","1.80","44700","45500","44600","3099065","140049383300","32905706898000","728002365"
"2016/12/05","44400","0","0.00","44050","44600","43800","1703219","75593954350","32323305006000","728002365"
"2016/12/02","44400","200","0.45","43350","44500","43300","4244113","186230428125","32323305006000","728002365"
"2016/12/01","44200","1300","3.03","43000","44400","43000","3491185","153722631725","32177704533000","728002365"
"2016/11/30","42900","500","1.18","42900","43800","42650","4325524","187137509500","31231301458500","728002365"
"2016/11/29","42400","-200","-0.47","42400","43100","41800","1777480","75305517050","30867300276000","728002365"
"2016/11/28","42600","0","0.00","42400","43250","42100","1513215","64737740000","31012900749000","728002365"
"2016/11/25","42600","-50","-0.12","43050","43300","42250","1328958","56728069750","31012900749000","728002365"
"2016/11/24","42650","-400","-0.93","43350","43850","42500","1789745","77021409850","31049300867250","728002365"
"2016/11/23","43050","350","0.82","43000","43900","42550","4047443","175818207261","31340501813250","728002365"
"2016/11/22","42700","1950","4.79","41250","42800","41200","3306186","139712335100","31085700985500","728002365"
"2016/11/21","40750","-1250","-2.98","41800","41900","40650","1883627","77739121450","29666096373750","728002365"
"2016/11/18","42000","100","0.24","42300","42400","41700","3331134","139965314970","30576099330000","728002365"
"2016/11/17","41900","1050","2.57","41500","41900","41200","2383464","99048794650","30503299093500","728002365"
"2016/11/16","40850","1150","2.90","40450","41000","40250","2101878","85707647250","29738896610250","728002365"
"2016/11/15","39700","0","0.00","39700","40400","39500","2030086","81122979200","28901693890500","728002365"
"2016/11/14","39700","-150","-0.38","40000","40450","39700","1589911","63439707050","28901693890500","728002365"
"2016/11/11","39850","-1150","-2.80","40000","40450","39550","2962651","118380603300","29010894245250","728002365"
"2016/11/10","41000","1350","3.40","41000","41050","40500","2520434","102926706950","29848096965000","728002365"
"2016/11/09","39650","-1850","-4.46","41650","41750","38700","5779291","231022054400","28865293772250","728002365"
"2016/11/08","41500","0","0.00","42100","42150","41250","1882987","78310426900","30212098147500","728002365"
"2016/11/07","41500","300","0.73","41800","42050","41200","2033220","84599075000","30212098147500","728002365"
"2016/11/04","41200","50","0.12","41150","41400","40850","2600930","107062186650","29993697438000","728002365"
"2016/11/03","41150","150","0.37","40900","41700","40700","2580396","106289352450","29957297319750","728002365"
"2016/11/02","41000","-1000","-2.38","41250","41400","40450","2822651","115327282400","29848096965000","728002365"
"2016/11/01","42000","1000","2.44","41700","42350","41600","3173446","132957689150","30576099330000","728002365"
"2016/10/31","41000","-1450","-3.42","42500","42900","41000","3297943","136815270850","29848096965000","728002365"
"2016/10/28","42450","-550","-1.28","42700","42950","42100","2251179","95817905050","30903700394250","728002365"
"2016/10/27","43000","100","0.23","42900","43600","42600","4814197","207335522112","31304101695000","728002365"
"2016/10/26","42900","1850","4.51","41300","42900","41300","6364037","268156593075","31231301458500","728002365"
"2016/10/25","41050","900","2.24","40350","41650","40200","4469224","183527825311","29884497083250","728002365"
"2016/10/24","40150","-800","-1.95","41000","41150","39850","2211109","89073054250","29229294954750","728002365"
"2016/10/21","40950","900","2.25","39500","41000","39500","2436212","98732398348","29811696846750","728002365"
"2016/10/20","40050","0","0.00","40250","40300","38850","5423960","213696575804","29156494718250","728002365"
"2016/10/19","40050","-1600","-3.84","41150","41450","39850","5033246","204101529750","29156494718250","728002365"
"2016/10/18","41650","-650","-1.54","42200","42300","41300","2559222","106618142648","30321298502250","728002365"
"2016/10/17","42300","750","1.81","41750","42300","41400","2314725","96989688034","30794500039500","728002365"
"2016/10/14","41550","600","1.47","41300","41900","41200","2708972","112662493405","30248498265750","728002365"
"2016/10/13","40950","-300","-0.73","41450","41700","40950","3638071","149800816329","29811696846750","728002365"
"2016/10/12","41250","-50","-0.12","41000","41900","41000","3521492","145969561406","30030097556250","728002365"
"2016/10/11","41300","0","0.00","41300","42000","41100","2810503","116692078900","30066497674500","728002365"
"2016/10/10","41300","-900","-2.13","42200","42500","41200","2916252","121038998400","30066497674500","728002365"
"2016/10/07","42200","-350","-0.82","42700","42700","41900","2637734","111081246325","30721699803000","728002365"
"2016/10/06","42550","-50","-0.12","43100","43150","42400","2815496","120085144750","30976500630750","728002365"
"2016/10/05","42600","800","1.91","42150","42950","41200","4387312","185308604000","31012900749000","728002365"
"2016/10/04","41800","1600","3.98","41500","41800","41000","3639803","151061001748","30430498857000","728002365"
"2016/09/30","40200","0","0.00","39750","40950","39600","3764773","151918448618","29265695073000","728002365"
"2016/09/29","40200","-1000","-2.43","40600","40750","40150","3976705","160554585930","29265695073000","728002365"
"2016/09/28","41200","50","0.12","41300","42000","40950","4189804","173738148430","29993697438000","728002365"
"2016/09/27","41150","1650","4.18","39400","41150","39150","4001505","161299136515","29957297319750","728002365"
"2016/09/26","39500","150","0.38","39350","39500","38800","1669862","65541427250","28756093417500","728002365"
"2016/09/23","39350","-50","-0.13","39550","39650","39050","2095120","82684096500","28646893062750","728002365"
"2016/09/22","39400","250","0.64","39800","39800","39150","3214630","126955767300","28683293181000","728002365"
"2016/09/21","39150","-100","-0.25","39000","39150","38650","1731450","67373457300","28501292589750","728002365"
"2016/09/20","39250","50","0.13","39200","39450","38750","2594490","101522748650","28574092826250","728002365"
"2016/09/19","39200","1400","3.70","38700","39450","38250","5283684","206504474150","28537692708000","728002365"
"2016/09/13","37800","800","2.16","37600","38300","37500","3928646","148812718031","27518489397000","728002365"
"2016/09/12","37000","-1950","-5.01","37500","38300","37000","4885896","183552787425","26936087505000","728002365"
"2016/09/09","38950","250","0.65","38550","39000","38350","2748415","106338628250","28355692116750","728002365"
"2016/09/08","38700","800","2.11","37900","38700","37900","3698781","142604307510","28173691525500","728002365"
"2016/09/07","37900","-100","-0.26","38200","38800","37900","3786844","145397400850","27591289633500","728002365"
"2016/09/06","38000","500","1.33","37750","38000","37350","2123160","80229647365","27664089870000","728002365"
"2016/09/05","37500","850","2.32","36900","37500","36850","2337575","87357873850","27300088687500","728002365"
"2016/09/02","36650","550","1.52","36100","36700","35950","1828390","66734527400","26681286677250","728002365"
"2016/09/01","36100","-350","-0.96","36400","36400","35700","1713669","61864693550","26280885376500","728002365"
"2016/08/31","36450","150","0.41","36400","36450","35750","2832970","102673538000","26535686204250","728002365"
"2016/08/30","36300","50","0.14","36800","36950","35550","2766460","100451028150","26426485849500","728002365"
"2016/08/29","36250","0","0.00","35350","36400","35300","2782441","100078148400","26390085731250","728002365"
"2016/08/26","36250","550","1.54","35850","36350","35750","2635343","95238238050","26390085731250","728002365"
"2016/08/25","35700","-50","-0.14","35100","35750","34900","1568516","55479805650","25989684430500","728002365"
"2016/08/24","35750","150","0.42","35900","35950","35300","1689924","60273512950","26026084548750","728002365"
"2016/08/23","35600","-400","-1.11","36250","36300","35550","3014421","108199947100","25916884194000","728002365"
"2016/08/22","36000","600","1.69","35500","36050","35250","4149396","148428751500","26208085140000","728002365"
"2016/08/19","35400","1250","3.66","34400","35400","34200","4683750","163891274850","25771283721000","728002365"
"2016/08/18","34150","600","1.79","33550","34250","33550","1855081","63027312050","24861280764750","728002365"
"2016/08/17","33550","-150","-0.45","33750","33900","32900","2083372","69423023800","24424479345750","728002365"
"2016/08/16","33700","-650","-1.89","34950","34950","33700","2883043","98300848750","24533679700500","728002365"
"2016/08/12","34350","-450","-1.29","34450","35100","34200","2437735","84130585350","25006881237750","728002365"
"2016/08/11","34800","1000","2.96","33700","34800","33450","2980478","102100402600","25334482302000","728002365"
"2016/08/10","33800","-1250","-3.57","34900","35000","33650","3193311","108770447400","24606479937000","728002365"
"2016/08/09","35050","100","0.29","34850","35200","34450","2112078","73712163350","25516482893250","728002365"
"2016/08/08","34950","150","0.43","35150","35250","34400","2157854","75244986100","25443682656750","728002365"
"2016/08/05","34800","1150","3.42","34300","34900","33950","2830058","97888239350","25334482302000","728002365"
"2016/08/04","33650","100","0.30","33950","34200","33350","1477680","49870426800","24497279582250","728002365"
"2016/08/03","33550","-200","-0.59","33300","34400","33000","2698841","90997333900","24424479345750","728002365"
"2016/08/02","33750","-1100","-3.16","34600","34700","33650","2123735","72195755050","24570079818750","728002365"
"2016/08/01","34850","450","1.31","34700","35300","34600","3274413","114264662700","25370882420250","728002365"
"2016/07/29","34400","850","2.53","33550","34400","33450","4660512","159427519352","25043281356000","728002365"
"2016/07/28","33550","100","0.30","33150","33550","33000","3586965","119562730400","24424479345750","728002365"
"2016/07/27","33450","1400","4.37","32600","33450","32550","4762165","157830364950","24351679109250","728002365"
"2016/07/26","32050","-450","-1.38","32400","32400","31100","5028045","159062364400","23332475798250","728002365"
"2016/07/25","32500","500","1.56","32300","32650","32150","2147590","69560158750","23660076862500","728002365"
"2016/07/22","32000","-150","-0.47","32150","32150","31200","2442893","77259126450","23296075680000","728002365"
"2016/07/21","32150","50","0.16","32400","32800","32100","1879147","60791539500","23405276034750","728002365"
"2016/07/20","32100","-350","-1.08","32300","32400","31850","1775583","56833500450","23368875916500","728002365"
"2016/07/19","32450","-300","-0.92","32900","33000","31950","2340759","75555643450","23623676744250","728002365"
"2016/07/18","32750","50","0.15","32900","33100","32500","1515167","49710042200","23842077453750","728002365"
"2016/07/15","32700","-350","-1.06","33300","33500","32650","2580255","85187937750","23805677335500","728002365"
"2016/07/14","33050","400","1.23","32500","33300","32450","3145494","103781331300","24060478163250","728002365"
"2016/07/13","32650","650","2.03","32700","32950","32450","3779418","123764733750","23769277217250","728002365"
"2016/07/12","32000","0","0.00","32250","32300","31550","2523664","80545225000","23296075680000","728002365"
"2016/07/11","32000","950","3.06","31750","32300","31650","3938161","126071251000","23296075680000","728002365"
"2016/07/08","31050","400","1.31","30700","31250","30550","2424460","75074603300","22604473433250","728002365"
"2016/07/07","30650","50","0.16","30750","31350","30600","2715183","83744992950","22313272487250","728002365"
"2016/07/06","30600","-1250","-3.92","31100","31350","30300","6314347","194010470200","22276872369000","728002365"
"2016/07/05","31850","-900","-2.75","32650","32650","31850","2577231","82885527300","23186875325250","728002365"
"2016/07/04","32750","600","1.87","32250","32900","32050","3192033","104097390400","23842077453750","728002365"
"2016/07/01","32150","-250","-0.77","31800","32700","31600","5289586","170553435850","23405276034750","728002365"
"2016/06/30","32400","600","1.89","32000","32550","31700","4571310","147410557900","23587276626000","728002365"
"2016/06/29","31800","650","2.09","31800","32200","31700","3801424","121354827850","23150475207000","728002365"
"2016/06/28","31150","-900","-2.81","31150","31600","30650","5072467","158124535050","22677273669750","728002365"
"2016/06/27","32050","250","0.79","31350","32050","31050","6146337","193847704050","23332475798250","728002365"
"2016/06/24","31800","50","0.16","32800","33100","30450","16852175","537955234775","23150475207000","728002365"
"2016/06/23","31750","800","2.58","30900","31800","30850","7147499","225655426050","23114075088750","728002365"
"2016/06/22","30950","1150","3.86","30200","30950","30000","5122638","157401814800","22531673196750","728002365"
"2016/06/21","29800","-250","-0.83","30050","30150","29550","2376833","71024087700","21694470477000","728002365"
"2016/06/20","30050","1050","3.62","29800","30050","29050","4501015","133029391350","21876471068250","728002365"
"2016/06/17","29000","-650","-2.19","30000","30000","28750","2891783","84795567550","21112068585000","728002365"
"2016/06/16","29650","-300","-1.00","30250","30400","29350","3687253","109883891500","21585270122250","728002365"
"2016/06/15","29950","900","3.10","29350","30150","29300","5751526","171520132000","21803670831750","728002365"
"2016/06/14","29050","700","2.47","28150","29300","28150","3490535","101129639550","21148468703250","728002365"
"2016/06/13","28350","-650","-2.24","28650","28700","28000","2607031","74107035150","20638867047750","728002365"
"2016/06/10","29000","0","0.00","29150","29200","28700","2413698","69969097800","21112068585000","728002365"
"2016/06/09","29000","450","1.58","28700","29400","28650","5336122","155234943350","21112068585000","728002365"
"2016/06/08","28550","-100","-0.35","29050","29300","28450","3940058","113444818650","20784467520750","728002365"
"2016/06/07","28650","1050","3.80","27700","28750","27650","4435065","125644104700","20857267757250","728002365"
"2016/06/03","27600","-450","-1.60","28150","28450","27400","3680988","102688940950","20092865274000","728002365"
"2016/06/02","28050","-450","-1.58","28600","29050","28000","3443745","97951778550","20420466338250","728002365"
"2016/06/01","28500","-200","-0.70","28850","29000","28400","3630711","104027633000","20748067402500","728002365"
"2016/05/31","28700","-300","-1.03","28650","29000","28200","5414611","155347861186","20893667875500","728002365"
"2016/05/30","29000","350","1.22","28850","29400","28650","5492886","159968423050","21112068585000","728002365"
"2016/05/27","28650","1650","6.11","27200","28750","27150","7719656","217877782227","20857267757250","728002365"
"2016/05/26","27000","-50","-0.18","27150","27200","26850","1938084","52406560100","19656063855000","728002365"
"2016/05/25","27050","200","0.74","27450","27450","26950","2250906","61138751350","19692463973250","728002365"
"2016/05/24","26850","-350","-1.29","27350","27350","26700","2428278","65312287950","19546863500250","728002365"
"2016/05/23","27200","900","3.42","26800","27450","26650","4534043","123087410250","19801664328000","728002365"
"2016/05/20","26300","-300","-1.13","26600","26650","26250","2245019","59222194650","19146462199500","728002365"
"2016/05/19","26600","400","1.53","26750","26900","26400","4367007","116191974000","19364862909000","728002365"
"2016/05/18","26200","300","1.16","25800","26400","25650","2474774","64276524400","19073661963000","728002365"
"2016/05/17","25900","-200","-0.77","26250","26300","25900","1545947","40273468450","18855261253500","728002365"
"2016/05/16","26100","0","0.00","26100","26300","25900","1337159","34860180400","19000861726500","728002365"
"2016/05/13","26100","0","0.00","26100","26250","25900","1849910","48160554300","19000861726500","728002365"
"2016/05/12","26100","-100","-0.38","26050","26250","25850","1759282","45848038500","19000861726500","728002365"
"2016/05/11","26200","-200","-0.76","26500","26550","26100","1735332","45570526650","19073661963000","728002365"
"2016/05/10","26400","650","2.52","25750","26400","25750","2564593","67047267850","19219262436000","728002365"
"2016/05/09","25750","-900","-3.38","26150","26550","25700","5291220","137252265750","18746060898750","728002365"
"2016/05/04","26650","-1000","-3.62","27450","27500","26500","4388484","118375843750","19401263027250","728002365"
"2016/05/03","27650","-200","-0.72","27950","28100","27650","1373116","38147922950","20129265392250","728002365"
"2016/05/02","27850","-300","-1.07","27950","28300","27750","1306092","36501553650","20274865865250","728002365"
"2016/04/29","28150","250","0.90","27700","28250","27500","2878692","80682516700","20493266574750","728002365"
"2016/04/28","27900","-1250","-4.29","29100","29150","27850","6766879","190631446550","20311265983500","728002365"
"2016/04/27","29150","0","0.00","29300","29750","29000","6213757","182267289000","21221268939750","728002365"
"2016/04/26","29150","1650","6.00","27550","29200","27550","7750203","222291259750","21221268939750","728002365"
"2016/04/25","27500","0","0.00","27650","27800","27350","1506644","41499257050","20020065037500","728002365"
"2016/04/22","27500","-50","-0.18","27450","27800","27350","1556764","42920989150","20020065037500","728002365"
"2016/04/21","27550","0","0.00","27700","27950","27500","2999400","83037212550","20056465155750","728002365"
"2016/04/20","27550","100","0.36","27500","28000","27500","3231788","89679056100","20056465155750","728002365"
"2016/04/19","27450","250","0.92","27500","27550","27350","1843729","50644952500","19983664919250","728002365"
"2016/04/18","27200","-450","-1.63","28000","28150","27200","3861103","106191729000","19801664328000","728002365"
"2016/04/15","27650","400","1.47","27450","27800","27350","2785108","76896817950","20129265392250","728002365"
"2016/04/14","27250","100","0.37","27600","27850","27250","4761215","131141232700","19838064446250","728002365"
"2016/04/12","27150","0","0.00","27200","27550","27100","1850577","50500161800","19765264209750","728002365"
"2016/04/11","27150","-650","-2.34","27600","27700","27150","2425426","66304534400","19765264209750","728002365"
"2016/04/08","27800","900","3.35","26950","27800","26900","3718690","101515980800","20238465747000","728002365"
"2016/04/07","26900","-600","-2.18","27450","27450","26750","4588396","123844290750","19583263618500","728002365"
"2016/04/06","27500","-350","-1.26","27550","27850","27450","2410844","66530884474","20020065037500","728002365"
"2016/04/05","27850","-50","-0.18","27900","28100","27600","2032745","56622519150","20274865865250","728002365"
"2016/04/04","27900","-300","-1.06","28100","28150","27800","2823088","78757813950","20311265983500","728002365"
"2016/04/01","28200","50","0.18","28450","28500","28050","2991431","84427116250","20529666693000","728002365"
"2016/03/31","28150","-500","-1.75","28700","28850","28000","4336581","122851315624","20493266574750","728002365"
"2016/03/30","28650","-250","-0.87","29150","29500","28650","3512889","101899037946","20857267757250","728002365"
"2016/03/29","28900","350","1.23","28850","29150","28700","2343876","67728651350","21039268348500","728002365"
"2016/03/28","28550","-600","-2.06","29000","29050","28150","2795412","79852538700","20784467520750","728002365"
"2016/03/25","29150","-300","-1.02","29450","29500","28900","1978956","57555389500","21221268939750","728002365"
"2016/03/24","29450","-800","-2.64","29850","29900","29350","3587082","105945897000","21439669649250","728002365"
"2016/03/23","30250","50","0.17","30100","30450","29850","1868041","56331004150","22022071541250","728002365"
"2016/03/22","30200","650","2.20","29700","30200","29550","2546366","76309776700","21985671423000","728002365"
"2016/03/21","29550","100","0.34","29800","29850","29300","1783055","52722560850","21512469885750","728002365"
"2016/03/18","29450","200","0.68","29500","29900","29250","2864640","84628852350","21439669649250","728002365"
"2016/03/17","29250","50","0.17","29350","29750","29100","2768278","81336669150","21294069176250","728002365"
"2016/03/16","29200","-700","-2.34","29900","29950","29050","2902896","85153570150","21257669058000","728002365"
"2016/03/15","29900","-450","-1.48","30350","30550","29750","2078857","62408824550","21767270713500","728002365"
"2016/03/14","30350","-350","-1.14","31100","31100","30250","2062549","62815556100","22094871777750","728002365"
"2016/03/11","30700","400","1.32","29900","30850","29900","2117430","64561437800","22349672605500","728002365"
"2016/03/10","30300","-250","-0.82","30550","30650","30150","2734070","82980401800","22058471659500","728002365"
"2016/03/09","30550","50","0.16","29900","30550","29650","3503375","105651879600","22240472250750","728002365"
"2016/03/08","30500","-1400","-4.39","31200","31500","30300","4616147","141407199950","22204072132500","728002365"
"2016/03/07","31900","0","0.00","32150","32250","31500","3487206","111211922100","23223275443500","728002365"
"2016/03/04","31900","-50","-0.16","31800","32100","31550","1913316","60924369650","23223275443500","728002365"
"2016/03/03","31950","1000","3.23","31550","32000","31100","3898363","123630276048","23259675561750","728002365"
"2016/03/02","30950","950","3.17","31050","31300","30650","3567312","110531977250","22531673196750","728002365"
"2016/02/29","30000","-800","-2.60","30800","30900","29600","2989861","89869780344","21840070950000","728002365"
"2016/02/26","30800","0","0.00","31000","31100","30450","1282277","39407449550","22422472842000","728002365"
"2016/02/25","30800","-100","-0.32","31400","31500","30650","2527297","78717989600","22422472842000","728002365"
"2016/02/24","30900","500","1.64","31050","31250","30600","3480563","107668472850","22495273078500","728002365"
"2016/02/23","30400","500","1.67","30100","30600","30000","2123648","64386564150","22131271896000","728002365"
"2016/02/22","29900","300","1.01","29400","30000","29400","1366180","40698135700","21767270713500","728002365"
"2016/02/19","29600","-600","-1.99","29950","30050","29250","2336536","69195083400","21548870004000","728002365"
"2016/02/18","30200","150","0.50","30550","30850","29800","2972873","90082680500","21985671423000","728002365"
"2016/02/17","30050","1150","3.98","29250","30300","29150","6106318","182457026300","21876471068250","728002365"
"2016/02/16","28900","1200","4.33","27850","29000","27800","3851681","110070254900","21039268348500","728002365"
"2016/02/15","27700","350","1.28","27750","28200","27500","2162111","60072998200","20165665510500","728002365"
"2016/02/12","27350","200","0.74","26850","27750","26850","2429857","66258934700","19910864682750","728002365"
"2016/02/11","27150","-950","-3.38","27000","27400","26950","2468082","67038189150","19765264209750","728002365"
"2016/02/05","28100","0","0.00","28100","28350","27900","1484771","41802265750","20456866456500","728002365"
"2016/02/04","28100","650","2.37","27700","28150","27600","2459305","68467136950","20456866456500","728002365"
"2016/02/03","27450","-1000","-3.51","27600","27850","27200","2705269","74209313650","19983664919250","728002365"
"2016/02/02","28450","50","0.18","28450","28800","28150","2865209","81503420000","20711667284250","728002365"
"2016/02/01","28400","1100","4.03","28100","28650","27700","4767927","134510309700","20675267166000","728002365"
"2016/01/29","27300","-350","-1.27","27250","27350","26950","2898720","78735926850","19874464564500","728002365"
"2016/01/28","27650","0","0.00","27450","27750","26850","3035447","82674230025","20129265392250","728002365"
"2016/01/27","27650","-200","-0.72","28100","28350","27250","3205822","88746694600","20129265392250","728002365"
"2016/01/26","27850","-150","-0.54","28000","29100","27750","5351814","151248828650","20274865865250","728002365"
"2016/01/25","28000","850","3.13","27550","28200","27300","2977310","82864404800","20384066220000","728002365"
"2016/01/22","27150","550","2.07","27200","27600","27000","2361216","64402991050","19765264209750","728002365"
"2016/01/21","26600","-200","-0.75","26600","27250","26600","2840628","76359516200","19364862909000","728002365"
"2016/01/20","26800","-1500","-5.30","28050","28100","26750","4186899","113619188000","19510463382000","728002365"
"2016/01/19","28300","1600","5.99","26700","28300","26700","4291742","119177305250","20602466929500","728002365"
"2016/01/18","26700","-100","-0.37","25900","27000","25800","3658921","96816650400","19437663145500","728002365"
"2016/01/15","26800","-1100","-3.94","27950","28300","26800","5431851","148323506000","19510463382000","728002365"
"2016/01/14","27900","-200","-0.71","27300","27900","27200","3957935","109173985485","20311265983500","728002365"
"2016/01/13","28100","300","1.08","28100","28450","28000","3481523","98276647850","20456866456500","728002365"
"2016/01/12","27800","-850","-2.97","28600","28900","27700","4418384","124222732200","20238465747000","728002365"
"2016/01/11","28650","-1050","-3.54","29400","29500","28600","5358223","154605955100","20857267757250","728002365"
"2016/01/08","29700","-500","-1.66","29800","30100","29550","3967121","118219096300","21621670240500","728002365"
"2016/01/07","30200","-550","-1.79","30400","30750","30200","2424880","73591767700","21985671423000","728002365"
"2016/01/06","30750","150","0.49","30600","30900","30300","2461593","75285219350","22386072723750","728002365"
"2016/01/05","30600","450","1.49","30500","31200","30350","2482905","76504141850","22276872369000","728002365"
"2016/01/04","30150","-600","-1.95","30550","30750","30150","1878039","56961584500","21949271304750","728002365"
"2015/12/30","30750","-450","-1.44","31100","31450","30550","1801261","55517464750","22386072723750","728002365"
"2015/12/29","31200","300","0.97","30900","31550","30800","1965713","61350831750","22713673788000","728002365"
"2015/12/28","30900","-800","-2.52","31750","31850","30900","2535636","79393849900","22495273078500","728002365"
"2015/12/24","31700","-1000","-3.06","32950","33150","31700","3624175","117652904500","23077674970500","728002365"
"2015/12/23","32700","500","1.55","32100","33000","31900","5331047","174046457450","23805677335500","728002365"
"2015/12/22","32200","1700","5.57","31000","32200","30800","6861264","216120794013","23441676153000","728002365"
"2015/12/21","30500","-100","-0.33","30450","30800","30250","1576561","48164002750","22204072132500","728002365"
"2015/12/18","30600","350","1.16","29800","30700","29800","2854920","86817202500","22276872369000","728002365"
"2015/12/17","30250","-150","-0.49","30250","30550","29800","2210682","66520288900","22022071541250","728002365"
"2015/12/16","30400","1000","3.40","30050","30500","29900","2601080","78759161450","22131271896000","728002365"
"2015/12/15","29400","400","1.38","29050","29600","28800","2006190","58842440350","21403269531000","728002365"
"2015/12/14","29000","-850","-2.85","29000","29350","28550","3669577","106325482900","21112068585000","728002365"
"2015/12/11","29850","-450","-1.49","30200","30550","29600","2725258","81911054950","21730870595250","728002365"
"2015/12/10","30300","50","0.17","30200","30550","30050","3145787","95210362600","22058471659500","728002365"
"2015/12/09","30250","50","0.17","30100","30550","30100","1524501","46226301600","22022071541250","728002365"
"2015/12/08","30200","-500","-1.63","30500","30750","30050","2483443","75273959100","21985671423000","728002365"
"2015/12/07","30700","-500","-1.60","31450","31700","30700","2238378","69559521950","22349672605500","728002365"
"2015/12/04","31200","50","0.16","30700","31450","30600","2125421","66075970600","22713673788000","728002365"
"2015/12/03","31150","-50","-0.16","31050","31350","30850","1730137","53703181000","22677273669750","728002365"
"2015/12/02","31200","-150","-0.48","31550","31900","31200","2731791","85847410850","22713673788000","728002365"
"2015/12/01","31350","-250","-0.79","31650","31650","30900","3752942","117322948700","22822874142750","728002365"
"2015/11/30","31600","-400","-1.25","32050","32650","31600","3917877","124576051400","23004874734000","728002365"
"2015/11/27","32000","-750","-2.29","33200","33600","32000","3890920","126572827300","23296075680000","728002365"
"2015/11/26","32750","850","2.66","32400","34150","32250","13223992","441098469800","23842077453750","728002365"
"2015/11/25","31900","1700","5.63","30400","32000","30400","6941459","218890472000","23223275443500","728002365"
"2015/11/24","30200","-450","-1.47","30600","30850","30100","3308696","100421788950","21985671423000","728002365"
"2015/11/23","30650","-350","-1.13","31150","31250","30600","2430154","74650939200","22313272487250","728002365"
"2015/11/20","31000","-200","-0.64","31500","31750","31000","2097039","65483826281","22568073315000","728002365"
"2015/11/19","31200","650","2.13","30800","31600","30700","2525784","78619765732","22713673788000","728002365"
"2015/11/18","30550","-50","-0.16","30600","30800","30050","3137103","95367921200","22240472250750","728002365"
"2015/11/17","30600","100","0.33","31050","31150","30600","1935683","59539557550","22276872369000","728002365"
"2015/11/16","30500","-650","-2.09","30600","30950","30500","2351453","72013660000","22204072132500","728002365"
"2015/11/13","31150","450","1.47","30500","31600","30500","1962129","61093498400","22677273669750","728002365"
"2015/11/12","30700","-300","-0.97","30950","31000","30700","1537585","47321986750","22349672605500","728002365"
"2015/11/11","31000","-150","-0.48","30700","31200","30550","2898877","89436725100","22568073315000","728002365"
"2015/11/10","31150","-100","-0.32","30850","31350","30600","2724051","84585197450","22677273669750","728002365"
"2015/11/09","31250","50","0.16","30900","31300","30400","3563095","110096089800","22750073906250","728002365"
"2015/11/06","31200","-1450","-4.44","32350","32400","31050","5219855","164487509400","22713673788000","728002365"
"2015/11/05","32650","50","0.15","32350","32700","32200","1928001","62692053950","23769277217250","728002365"
"2015/11/04","32600","700","2.19","32500","32700","32100","3276995","106351728700","23732877099000","728002365"
"2015/11/03","31900","-250","-0.78","32500","33000","31550","4453120","143102989580","23223275443500","728002365"
"2015/11/02","32150","1450","4.72","30700","32250","30400","4493014","141621342677","23405276034750","728002365"
"2015/10/30","30700","-750","-2.38","31150","31200","30450","4640184","142802858500","22349672605500","728002365"
"2015/10/29","31450","0","0.00","31700","32150","31300","4273016","135279480950","22895674379250","728002365"
"2015/10/28","31450","-700","-2.18","32150","32450","31400","4322506","137104024200","22895674379250","728002365"
"2015/10/27","32150","-750","-2.28","32100","32650","32050","3535671","114102601400","23405276034750","728002365"
"2015/10/26","32900","800","2.49","32350","33100","32300","3326112","108999106700","23951277808500","728002365"
"2015/10/23","32100","150","0.47","32400","32950","32050","6341772","206403220250","23368875916500","728002365"
"2015/10/22","31950","-1700","-5.05","33200","33450","31850","10914420","353888700850","23259675561750","728002365"
"2015/10/21","33650","-2050","-5.74","35000","35000","33600","9957394","337948036400","24497279582250","728002365"
"2015/10/20","35700","-50","-0.14","36000","36150","35250","2686193","95706581750","25989684430500","728002365"
"2015/10/19","35750","-350","-0.97","36150","36200","35600","1967828","70426970700","26026084548750","728002365"
"2015/10/16","36100","-650","-1.77","36900","37050","36000","1899386","69022891250","26280885376500","728002365"
"2015/10/15","36750","350","0.96","35950","36800","35850","2943506","107090083500","26754086913750","728002365"
"2015/10/14","36400","400","1.11","36300","37050","35900","3720738","135143355000","26499286086000","728002365"
"2015/10/13","36000","-850","-2.31","36800","37150","35800","2961513","107118349800","26208085140000","728002365"
"2015/10/12","36850","-700","-1.86","37550","37550","36700","2519174","93057465050","26826887150250","728002365"
"2015/10/08","37550","250","0.67","38000","38100","36600","3824312","142989379050","27336488805750","728002365"
"2015/10/07","37300","100","0.27","37050","37700","36800","3879936","144509119250","27154488214500","728002365"
"2015/10/06","37200","1850","5.23","36300","37200","36250","5944141","218924334850","27081687978000","728002365"
"2015/10/05","35350","800","2.32","35250","35950","35100","4367169","155010029710","25734883602750","728002365"
"2015/10/02","34550","850","2.52","34200","34750","33800","3052650","104955261701","25152481710750","728002365"
"2015/10/01","33700","150","0.45","33750","33950","33500","3667742","123628526852","24533679700500","728002365"
"2015/09/30","33550","-800","-2.33","33700","33800","33350","4158644","139497175500","24424479345750","728002365"
"2015/09/25","34350","500","1.48","33750","34400","33400","2813254","95494321500","25006881237750","728002365"
"2015/09/24","33850","-850","-2.45","34900","34950","33600","4172759","142146368200","24642880055250","728002365"
"2015/09/23","34700","-200","-0.57","34500","35250","34350","1641929","57125964200","25261682065500","728002365"
"2015/09/22","34900","100","0.29","34900","35150","34700","2004067","69971234500","25407282538500","728002365"
"2015/09/21","34800","-950","-2.66","35200","35250","34700","2538367","88515100400","25334482302000","728002365"
"2015/09/18","35750","-400","-1.11","36400","36450","35450","3267741","117150884315","26026084548750","728002365"
"2015/09/17","36150","1050","2.99","35750","36450","35350","4734065","170718276300","26317285494750","728002365"
"2015/09/16","35100","1500","4.46","33800","35350","33800","3876376","134176501200","25552883011500","728002365"
"2015/09/15","33600","-1000","-2.89","34500","34600","33350","3880824","131403099004","24460879464000","728002365"
"2015/09/14","34600","-400","-1.14","35300","35450","34350","2163452","74929742300","25188881829000","728002365"
"2015/09/11","35000","-950","-2.64","35450","35750","35000","3242067","114445277800","25480082775000","728002365"
"2015/09/10","35950","-50","-0.14","35400","35950","35400","3079224","109836546350","26171685021750","728002365"
"2015/09/09","36000","1250","3.60","35800","36500","35650","3035809","109198498650","26208085140000","728002365"
"2015/09/08","34750","0","0.00","35000","35100","34600","1494929","52034410850","25298082183750","728002365"
"2015/09/07","34750","-100","-0.29","34800","35100","34300","1624613","56365533900","25298082183750","728002365"
"2015/09/04","34850","-550","-1.55","35500","35950","34650","2438126","85819869300","25370882420250","728002365"
"2015/09/03","35400","1050","3.06","34850","35700","34700","4222565","148511331800","25771283721000","728002365"
"2015/09/02","34350","-50","-0.15","33500","34600","33350","4161070","141945281200","25006881237750","728002365"
"2015/09/01","34400","-1400","-3.91","35150","35450","34200","6442285","222967189000","25043281356000","728002365"
"2015/08/31","35800","-1100","-2.98","36850","36850","35650","4408499","158616381800","26062484667000","728002365"
"2015/08/28","36900","1400","3.94","36550","37700","36300","7382006","273193362662","26863287268500","728002365"
"2015/08/27","35500","2050","6.13","34200","35500","34150","7063277","247842542675","25844083957500","728002365"
"2015/08/26","33450","-50","-0.15","33500","34200","32850","6534943","219400526500","24351679109250","728002365"
"2015/08/25","33500","2450","7.89","31300","33950","31300","11821629","388980407450","24388079227500","728002365"
"2015/08/24","31050","-950","-2.97","31600","32350","30300","8593829","269798371700","22604473433250","728002365"
"2015/08/21","32000","-1050","-3.18","31400","32250","31400","6084203","194517831100","23296075680000","728002365"
"2015/08/20","33050","50","0.15","33050","33550","32850","4588759","152384613950","24060478163250","728002365"
"2015/08/19","33000","-2050","-5.85","34500","34800","32650","8813242","295492334250","24024078045000","728002365"
"2015/08/18","35050","-600","-1.68","35800","36400","34700","4706366","166387965250","25516482893250","728002365"
"2015/08/17","35650","-1250","-3.39","37300","37400","35650","3808016","137938956250","25953284312250","728002365"
"2015/08/13","36900","1100","3.07","35900","36900","35850","2748437","100063422550","26863287268500","728002365"
"2015/08/12","35800","-300","-0.83","35600","36400","35400","2824462","101060018700","26062484667000","728002365"
"2015/08/11","36100","-200","-0.55","36300","37200","36100","2890084","105466861800","26280885376500","728002365"
"2015/08/10","36300","100","0.28","36200","36400","35750","1336480","48366117050","26426485849500","728002365"
"2015/08/07","36200","100","0.28","35650","36450","35050","3381532","121663108500","26353685613000","728002365"
"2015/08/06","36100","-1200","-3.22","37750","37750","36050","3888988","142819807850","26280885376500","728002365"
"2015/08/05","37300","50","0.13","37850","38300","37000","3330999","124647887550","27154488214500","728002365"
"2015/08/04","37250","1300","3.62","35450","37950","35450","4060733","150607784508","27118088096250","728002365"
"2015/08/03","35950","-1150","-3.10","36500","37100","35500","5481242","197354399750","26171685021750","728002365"
"2015/07/31","37100","2600","7.54","34800","37100","34750","7074785","254842977800","27008887741500","728002365"
"2015/07/30","34500","-2500","-6.76","36550","36800","34050","9328208","327413011700","25116081592500","728002365"
"2015/07/29","37000","-100","-0.27","37450","37600","36800","3040352","112858653850","26936087505000","728002365"
"2015/07/28","37100","-150","-0.40","36500","37650","36500","3657208","135145297350","27008887741500","728002365"
"2015/07/27","37250","-1300","-3.37","38500","38850","36850","4142170","156206358100","27118088096250","728002365"
"2015/07/24","38550","-450","-1.15","39250","39450","38500","3411382","132310080400","28064491170750","728002365"
"2015/07/23","39000","800","2.09","40000","40300","38600","8215778","323785699150","28392092235000","728002365"
"2015/07/22","38200","-850","-2.18","39000","39000","37750","3986610","153143932350","27809690343000","728002365"
"2015/07/21","39050","400","1.03","38950","39350","38500","2531422","98327668350","28428492353250","728002365"
"2015/07/20","38650","-1300","-3.25","40150","40350","38650","2535208","99112899050","28137291407250","728002365"
"2015/07/17","39950","500","1.27","39500","40500","38700","3352178","132662896550","29083694481750","728002365"
"2015/07/16","39450","150","0.38","39000","39500","38650","2373825","93044560450","28719693299250","728002365"
"2015/07/15","39300","1450","3.83","38400","39400","38350","8281669","322872279850","28610492944500","728002365"
"2015/07/14","37850","-2700","-6.66","40600","40650","37800","15180511","584502878550","27554889515250","728002365"
"2015/07/13","40550","-300","-0.73","41450","41850","40500","3707444","152327507850","29520495900750","728002365"
"2015/07/10","40850","-100","-0.24","41250","41300","40350","2738522","111623493000","29738896610250","728002365"
"2015/07/09","40950","50","0.12","40400","41050","39600","3018029","121855022000","29811696846750","728002365"
"2015/07/08","40900","-450","-1.09","41100","41300","40750","3335846","136614054200","29775296728500","728002365"
"2015/07/07","41350","600","1.47","41200","41850","41000","3183795","131522294600","30102897792750","728002365"
"2015/07/06","40750","-1900","-4.45","42000","42050","40350","4533535","186664447250","29666096373750","728002365"
"2015/07/03","42650","550","1.31","42700","43100","42200","2903385","123703911182","31049300867250","728002365"
"2015/07/02","42100","-700","-1.64","43000","43000","42000","2592544","109611872508","30648899566500","728002365"
"2015/07/01","42800","500","1.18","42800","43200","42250","2126825","90928485100","31158501222000","728002365"
"2015/06/30","42300","-300","-0.70","42650","42800","41950","2598797","110058127200","30794500039500","728002365"
"2015/06/29","42600","600","1.43","41000","43050","40600","4892150","205604591550","31012900749000","728002365"
"2015/06/26","42000","-1100","-2.55","41550","42250","41550","7935060","332016234900","30576099330000","728002365"
"2015/06/25","43100","-250","-0.58","43100","43400","42800","3270655","140959816100","31376901931500","728002365"
"2015/06/24","43350","-800","-1.81","44250","44250","43150","2694795","117446609500","31558902522750","728002365"
"2015/06/23","44150","300","0.68","44350","44600","44000","2676531","118524697600","32141304414750","728002365"
"2015/06/22","43850","300","0.69","43800","44150","43550","2843715","124591189700","31922903705250","728002365"
"2015/06/19","43550","-750","-1.69","44350","44550","43500","3858378","168841197505","31704502995750","728002365"
"2015/06/18","44300","-650","-1.45","44900","44950","44300","2225236","99050962300","32250504769500","728002365"
"2015/06/17","44950","750","1.70","44250","45250","44250","3461566","154799980450","32723706306750","728002365"
"2015/06/16","44200","-1950","-4.23","45250","45300","44200","6161260","274791362700","32177704533000","728002365"
"2015/06/15","46150","-400","-0.86","46550","47100","46050","1775422","82469622300","33597309144750","728002365"
"2015/06/12","46550","-550","-1.17","47750","47800","46450","2307036","108093757700","33888510090750","728002365"
"2015/06/11","47100","-400","-0.84","47800","47900","47050","2696182","127668938750","34288911391500","728002365"
"2015/06/10","47500","-500","-1.04","48000","48000","47500","2649918","126201375800","34580112337500","728002365"
"2015/06/09","48000","-50","-0.10","47750","48300","47200","2168902","103771965650","34944113520000","728002365"
"2015/06/08","48050","-1000","-2.04","48600","48800","48000","1954503","94208173350","34980513638250","728002365"
"2015/06/05","49050","750","1.55","48300","49550","48150","2134371","104622344750","35708516003250","728002365"
"2015/06/04","48300","-1500","-3.01","49500","49600","48100","3262007","158543248700","35162514229500","728002365"
"2015/06/03","49800","-1400","-2.73","51000","51700","49600","2724813","136979391600","36254517777000","728002365"
"2015/06/02","51200","600","1.19","50700","51500","50300","2173205","110789060100","37273721088000","728002365"
"2015/06/01","50600","-500","-0.98","50600","50900","49550","4623131","232634939500","36836919669000","728002365"
"2015/05/29","51100","1450","2.92","49350","51300","49200","6512595","330761578700","37200920851500","728002365"
"2015/05/28","49650","1200","2.48","49450","50000","49150","5512264","274347051663","36145317422250","728002365"
"2015/05/27","48450","450","0.94","48000","48800","47500","3441135","166587410133","35271714584250","728002365"
"2015/05/26","48000","150","0.31","48500","49150","47800","3594626","174749003850","34944113520000","728002365"
"2015/05/22","47850","1500","3.24","46750","47850","46350","3953338","187177865050","34834913165250","728002365"
"2015/05/21","46350","-500","-1.07","47000","47500","46200","1880002","87918672400","33742909617750","728002365"
"2015/05/20","46850","750","1.63","46500","46900","46400","1784488","83281615100","34106910800250","728002365"
"2015/05/19","46100","650","1.43","45650","46150","45500","1510095","69347499400","33560909026500","728002365"
"2015/05/18","45450","150","0.33","45100","45450","44400","2195599","98585799500","33087707489250","728002365"
"2015/05/15","45300","-250","-0.55","45750","45950","45200","1215027","55345954000","32978507134500","728002365"
"2015/05/14","45550","300","0.66","45650","46050","45200","1889682","86084647900","33160507725750","728002365"
"2015/05/13","45250","-800","-1.74","46100","46150","45200","1896100","86226985600","32942107016250","728002365"
"2015/05/12","46050","-250","-0.54","46300","47250","46000","2364231","110376233950","33524508908250","728002365"
"2015/05/11","46300","350","0.76","46100","46700","46000","1592730","73845268050","33706509499500","728002365"
"2015/05/08","45950","50","0.11","45300","46300","45050","1695019","77913239800","33451708671750","728002365"
"2015/05/07","45900","600","1.32","44850","46000","44550","2142745","97080459650","33415308553500","728002365"
"2015/05/06","45300","-1500","-3.21","46300","46350","45000","3291950","149510316100","32978507134500","728002365"
"2015/05/04","46800","650","1.41","46500","47100","46400","2239896","104748394150","34070510682000","728002365"
"2015/04/30","46150","-750","-1.60","46900","46900","45650","2419318","111710341566","33597309144750","728002365"
"2015/04/29","46900","-50","-0.11","47050","47400","46300","2422884","113399743350","34143310918500","728002365"
"2015/04/28","46950","1150","2.51","46150","46950","45700","2311231","107669141300","34179711036750","728002365"
"2015/04/27","45800","-1400","-2.97","47300","47500","45400","3688453","170549593150","33342508317000","728002365"
"2015/04/24","47200","1400","3.06","46700","47250","46500","4400132","206592756300","34361711628000","728002365"
"2015/04/23","45800","550","1.22","46400","46800","45650","4995010","231218956250","33342508317000","728002365"
"2015/04/22","45250","100","0.22","45700","46100","45250","3816002","174353678650","32942107016250","728002365"
"2015/04/21","45150","900","2.03","44600","45500","44250","3270598","147161797000","32869306779750","728002365"
"2015/04/20","44250","-300","-0.67","44100","44400","43600","2355455","103858152350","32214104651250","728002365"
"2015/04/17","44550","50","0.11","44700","44750","44050","2153757","95701854250","32432505360750","728002365"
"2015/04/16","44500","200","0.45","44750","44900","44150","2096120","93203906900","32396105242500","728002365"
"2015/04/15","44300","300","0.68","44000","44500","44000","2146331","94925186011","32250504769500","728002365"
"2015/04/14","44000","-200","-0.45","44250","44400","43700","2134645","93863729094","32032104060000","728002365"
"2015/04/13","44200","600","1.38","44400","44500","43800","3362917","148562293950","32177704533000","728002365"
"2015/04/10","43600","1700","4.06","42850","43800","42700","6518647","282489251400","31740903114000","728002365"
"2015/04/09","41900","-700","-1.64","42000","42550","41550","5892744","247051137166","30503299093500","728002365"
"2015/04/08","42600","-1350","-3.07","43900","44150","42450","5694496","245340170477","31012900749000","728002365"
"2015/04/07","43950","-800","-1.79","45000","45050","43500","3691912","161972082950","31995703941750","728002365"
"2015/04/06","44750","550","1.24","44450","45100","44250","2068077","92615028800","32578105833750","728002365"
"2015/04/03","44200","-600","-1.34","44300","44800","44000","2834100","125357228250","32177704533000","728002365"
"2015/04/02","44800","-200","-0.44","44550","45350","44100","3148519","140846325200","32614505952000","728002365"
"2015/04/01","45000","-550","-1.21","45950","46200","44900","2051147","93130819000","32760106425000","728002365"
"2015/03/31","45550","50","0.11","46300","46350","45450","2399612","109901829950","33160507725750","728002365"
"2015/03/30","45500","-300","-0.66","46000","46350","45100","2776997","126495772284","33124107607500","728002365"
"2015/03/27","45800","-1200","-2.55","46150","46400","45400","4492231","205560019150","33342508317000","728002365"
"2015/03/26","47000","-1300","-2.69","47250","47500","46550","4469503","210213847210","34216111155000","728002365"
"2015/03/25","48300","300","0.63","48000","48350","47850","1830867","88019778700","35162514229500","728002365"
"2015/03/24","48000","-150","-0.31","47700","48200","47550","2155547","102590720500","34944113520000","728002365"
"2015/03/23","48150","1300","2.77","47100","48200","47050","3781841","180959626800","35053313874750","728002365"
"2015/03/20","46850","450","0.97","46450","46850","45850","1948819","90616106050","34106910800250","728002365"
"2015/03/19","46400","150","0.32","46950","47000","46300","1983215","92448401650","33779309736000","728002365"
"2015/03/18","46250","0","0.00","46250","46400","45600","2790286","128844088950","33670109381250","728002365"
"2015/03/17","46250","450","0.98","46100","46450","45850","2790117","128813900000","33670109381250","728002365"
"2015/03/16","45800","1700","3.85","44400","46000","44400","4031380","183056008550","33342508317000","728002365"
"2015/03/13","44100","850","1.97","43350","44150","43350","1962212","86094254400","32104904296500","728002365"
"2015/03/12","43250","-150","-0.35","43400","44100","43250","3929253","171383331950","31486102286250","728002365"
"2015/03/11","43400","-750","-1.70","43500","44000","43150","4527681","196956475150","31595302641000","728002365"
"2015/03/10","44150","-950","-2.11","45200","45500","43100","5232109","230120214400","32141304414750","728002365"
"2015/03/09","45100","-1100","-2.38","45450","45750","44850","3175721","143344883150","32832906661500","728002365"
"2015/03/06","46200","700","1.54","46050","46400","45950","1877771","86618898200","33633709263000","728002365"
"2015/03/05","45500","-400","-0.87","45650","46100","45250","2214809","101033382800","33124107607500","728002365"
"2015/03/04","45900","-1400","-2.96","47300","47300","45700","4160256","193034043150","33415308553500","728002365"
"2015/03/03","47300","450","0.96","47150","47500","46650","2100433","99133923718","34434511864500","728002365"
"2015/03/02","46850","250","0.54","46850","46900","46300","2246166","104720693164","34106910800250","728002365"
"2015/02/27","46600","-500","-1.06","47000","47300","46250","2344677","109166751540","33924910209000","728002365"
"2015/02/26","47100","600","1.29","46750","47200","46450","1938544","91022151150","34288911391500","728002365"
"2015/02/25","46500","-1100","-2.31","47200","47400","46400","2633709","122928171866","33852109972500","728002365"
"2015/02/24","47600","400","0.85","47900","47900","47200","1880503","89691938100","34652912574000","728002365"
"2015/02/23","47200","750","1.61","46500","47200","46400","2273267","106348196450","34361711628000","728002365"
"2015/02/17","46450","-1050","-2.21","47350","47450","46300","1677139","78183921500","33815709854250","728002365"
"2015/02/16","47500","450","0.96","47550","47550","47200","1534022","72699051500","34580112337500","728002365"
"2015/02/13","47050","400","0.86","47000","47450","46750","1354556","63695346050","34252511273250","728002365"
"2015/02/12","46650","-200","-0.43","47450","47500","46600","1903965","89332020310","33961310327250","728002365"
"2015/02/11","46850","1700","3.77","45900","47050","45650","3231887","150354137600","34106910800250","728002365"
"2015/02/10","45150","-50","-0.11","45250","45800","45050","2254222","102141160450","32869306779750","728002365"
"2015/02/09","45200","-300","-0.66","45300","45950","45000","2741040","124659167100","32905706898000","728002365"
"2015/02/06","45500","-1650","-3.50","47100","47200","45200","4547785","208475265975","33124107607500","728002365"
"2015/02/05","47150","-150","-0.32","47300","47400","46300","1984849","92747630350","34325311509750","728002365"
"2015/02/04","47300","600","1.28","47400","47450","47000","1823018","86094528850","34434511864500","728002365"
"2015/02/03","46700","100","0.21","46450","47450","46450","2513399","117899347150","33997710445500","728002365"
"2015/02/02","46600","-1050","-2.20","47300","47600","46350","3258140","151975136950","33924910209000","728002365"
"2015/01/30","47650","250","0.53","48000","48000","47300","2743159","130552757200","34689312692250","728002365"
"2015/01/29","47400","-1800","-3.66","48500","49200","47300","5020783","240143905650","34507312101000","728002365"
"2015/01/28","49200","50","0.10","49150","49300","48200","2333159","114267966500","35817716358000","728002365"
"2015/01/27","49150","900","1.87","49350","49350","48800","2292330","112510876560","35781316239750","728002365"
"2015/01/26","48250","750","1.58","47250","48300","47000","1410144","67454254100","35126114111250","728002365"
"2015/01/23","47500","500","1.06","47600","47750","47200","1572903","74825992800","34580112337500","728002365"
"2015/01/22","47000","-1050","-2.19","48100","48450","47000","2905955","137618116250","34216111155000","728002365"
"2015/01/21","48050","1000","2.13","47500","48200","47400","2156709","103405467950","34980513638250","728002365"
"2015/01/20","47050","50","0.11","47250","47650","46800","2211331","104344236850","34252511273250","728002365"
"2015/01/19","47000","-450","-0.95","47500","47950","46800","3180759","150076181000","34216111155000","728002365"
"2015/01/16","47450","-2050","-4.14","48450","48900","47250","4820176","229864058500","34543712219250","728002365"
"2015/01/15","49500","600","1.23","48900","49500","48850","1468474","72240780700","36036117067500","728002365"
"2015/01/14","48900","-100","-0.20","48900","49850","48850","2241954","110430540050","35599315648500","728002365"
"2015/01/13","49000","-1300","-2.58","48500","49650","48500","3047952","149421793576","35672115885000","728002365"
"2015/01/12","50300","600","1.21","50000","50500","49450","1709997","85662286850","36618518959500","728002365"
"2015/01/09","49700","-250","-0.50","50700","51400","49700","3313929","168072214400","36181717540500","728002365"
"2015/01/08","49950","2550","5.38","48250","50000","47900","5006675","247489413350","36363718131750","728002365"
"2015/01/07","47400","-100","-0.21","46700","47600","46700","1821266","86042161150","34507312101000","728002365"
"2015/01/06","47500","-150","-0.31","47000","47600","46900","1661196","78445189000","34580112337500","728002365"
"2015/01/05","47650","-100","-0.21","48050","48400","47500","1409146","67511939450","34689312692250","728002365"
"2015/01/02","47750","0","0.00","47950","48400","47650","1155944","55452973972","34762112928750","728002365"
"2014/12/30","47750","-300","-0.62","48300","48500","47500","1159390","55546206200","34762112928750","728002365"
"2014/12/29","48050","1050","2.23","47100","48500","47000","1750952","84208444150","34980513638250","728002365"
"2014/12/26","47000","-800","-1.67","47600","47800","47000","1474213","69657124250","34216111155000","728002365"
"2014/12/24","47800","350","0.74","47100","47850","47100","842562","40138437700","34798513047000","728002365"
"2014/12/23","47450","-800","-1.66","48050","48500","47300","1169038","55771363000","34543712219250","728002365"
"2014/12/22","48250","-250","-0.52","48000","48500","47100","1159184","55614261100","35126114111250","728002365"
"2014/12/19","48500","800","1.68","48500","48900","48300","1910410","92867827882","35308114702500","728002365"
"2014/12/18","47700","1000","2.14","47600","47700","47000","1542575","73209198370","34725712810500","728002365"
"2014/12/17","46700","200","0.43","46500","47150","46500","1652948","77365128500","33997710445500","728002365"
"2014/12/16","46500","-1150","-2.41","47150","47300","45900","2486899","115663874400","33852109972500","728002365"
"2014/12/15","47650","100","0.21","47100","47850","46950","1182288","56130027400","34689312692250","728002365"
"2014/12/12","47550","350","0.74","47300","47700","47000","1602103","75745930850","34616512455750","728002365"
"2014/12/11","47200","-1650","-3.38","48300","48400","47100","2702767","128252720350","34361711628000","728002365"
"2014/12/10","48850","-600","-1.21","49100","49600","48550","1590462","77850190590","35562915530250","728002365"
"2014/12/09","49450","800","1.64","48800","49950","48550","2775375","137212141650","35999716949250","728002365"
"2014/12/08","48650","300","0.62","49000","49200","48500","2243336","109727559950","35417315057250","728002365"
"2014/12/05","48350","-350","-0.72","48800","49150","48100","1335134","64920941750","35198914347750","728002365"
"2014/12/04","48700","650","1.35","48600","48800","48150","1438113","69847058600","35453715175500","728002365"
"2014/12/03","48050","350","0.73","48300","48500","47750","1199173","57633806350","34980513638250","728002365"
"2014/12/02","47700","-250","-0.52","47850","48000","47300","1417999","67722570450","34725712810500","728002365"
"2014/12/01","47950","-100","-0.21","48050","48500","47800","1444205","69571446600","34907713401750","728002365"
"2014/11/28","48050","200","0.42","48050","48600","47700","1131555","54449580700","34980513638250","728002365"
"2014/11/27","47850","-750","-1.54","48700","48700","47650","1558962","74855772550","34834913165250","728002365"
"2014/11/26","48600","100","0.21","48600","48700","48100","914772","44304887550","35380914939000","728002365"
"2014/11/25","48500","1400","2.97","48400","48800","47800","2680733","129579786200","35308114702500","728002365"
"2014/11/24","47100","650","1.40","47250","47300","46800","1416719","66773150600","34288911391500","728002365"
"2014/11/21","46450","-800","-1.69","47450","47500","46000","1839020","85457234850","33815709854250","728002365"
"2014/11/20","47250","100","0.21","47000","47350","46700","1104697","52011532200","34398111746250","728002365"
"2014/11/19","47150","750","1.62","47400","47500","46900","1813849","85473321750","34325311509750","728002365"
"2014/11/18","46400","500","1.09","46500","47150","46000","2798997","130153912250","33779309736000","728002365"
"2014/11/17","45900","-3300","-6.71","49200","49350","45700","5493082","256541716450","33415308553500","728002365"
"2014/11/14","49200","1100","2.29","48500","49200","47900","2592089","126385139870","35817716358000","728002365"
"2014/11/13","48100","0","0.00","48350","48350","47600","1421799","68213999450","35016913756500","728002365"
"2014/11/12","48100","500","1.05","47900","48300","47300","1960104","94027033900","35016913756500","728002365"
"2014/11/11","47600","50","0.11","48000","48000","47200","1558513","74235634050","34652912574000","728002365"
"2014/11/10","47550","150","0.32","47500","48100","47450","1583801","75625795600","34616512455750","728002365"
"2014/11/07","47400","-550","-1.15","47950","47950","47000","1624430","76896671400","34507312101000","728002365"
"2014/11/06","47950","750","1.59","47750","48200","47550","1555748","74490762048","34907713401750","728002365"
"2014/11/05","47200","-250","-0.53","47850","47950","46900","1617220","76372124500","34361711628000","728002365"
"2014/11/04","47450","-600","-1.25","48300","48300","47000","1888587","89798861700","34543712219250","728002365"
"2014/11/03","48050","600","1.26","48000","48250","47600","2388430","114604201250","34980513638250","728002365"
"2014/10/31","47450","250","0.53","47550","47550","46900","2577692","121899546100","34543712219250","728002365"
"2014/10/30","47200","200","0.43","47300","47450","46400","2924313","137744121750","34361711628000","728002365"
"2014/10/29","47000","1000","2.17","46350","47000","45800","2638547","122546385800","34216111155000","728002365"
"2014/10/28","46000","1400","3.14","45150","46100","45000","2907131","132890974300","33488108790000","728002365"
"2014/10/27","44600","-700","-1.55","45800","45900","44400","1722449","77765563950","32468905479000","728002365"
"2014/10/24","45300","-200","-0.44","46450","46500","45050","2214244","100893633450","32978507134500","728002365"
"2014/10/23","45500","-800","-1.73","46300","46800","45500","1829919","84110507750","33124107607500","728002365"
"2014/10/22","46300","1050","2.32","46250","46700","45900","2420313","112174329150","33706509499500","728002365"
"2014/10/21","45250","350","0.78","45050","46000","44650","2147556","97451536150","32942107016250","728002365"
"2014/10/20","44900","800","1.81","44100","45050","43550","1788929","79756821550","32577184717900","725549771"
"2014/10/17","44100","-1000","-2.22","45000","45750","43650","2900418","129227869499","31996744901100","725549771"
"2014/10/16","45100","1700","3.92","43500","45200","43450","3553225","158587458300","32722294672100","725549771"
"2014/10/15","43400","100","0.23","43200","44000","43000","2372222","103176847050","31488860061400","725549771"
"2014/10/14","43300","1600","3.84","41750","43450","41550","2953492","126540614650","31416305084300","725549771"
"2014/10/13","41700","-500","-1.18","40350","42150","40300","4361715","179676057600","30216798073500","724623455"
"2014/10/10","42200","-1950","-4.42","42050","42950","41850","4630979","196256921800","30579109801000","724623455"
"2014/10/08","44150","-550","-1.23","44500","44850","43600","2053318","91016684700","31992125538250","724623455"
"2014/10/07","44700","0","0.00","44500","45350","42950","5680210","249925230350","32390668438500","724623455"
"2014/10/06","44700","-2400","-5.10","47850","47850","43250","7288648","328091690150","32390668438500","724623455"
"2014/10/02","47100","700","1.51","46000","47300","45700","2952839","138326740850","34129764730500","724623455"
"2014/10/01","46400","-350","-0.75","46750","47200","46000","2482308","115244671275","33587348156800","723865262"
"2014/09/30","46750","-400","-0.85","46900","47300","46250","3038001","142369587900","33840700998500","723865262"
"2014/09/29","47150","1550","3.40","46500","47450","46350","4912552","230987944750","34130247103300","723865262"
"2014/09/26","45600","1000","2.24","44500","45800","44300","3154902","143283721650","32999236723200","723667472"
"2014/09/25","44600","400","0.90","44400","45450","44350","3632706","163510819895","32275569251200","723667472"
"2014/09/24","44200","1700","4.00","42550","44400","42500","3922847","171783050150","31986102262400","723667472"
"2014/09/23","42500","-750","-1.73","42900","43550","42500","2203104","94436131000","30755867560000","723667472"
"2014/09/22","43250","-750","-1.70","43550","43700","42850","1476639","63790227300","31298618164000","723667472"
"2014/09/19","44000","1100","2.56","43400","44200","43200","2586406","113388047850","31841368768000","723667472"
"2014/09/18","42900","-1200","-2.72","43800","44100","42800","1766197","76353999000","31016909180400","723004876"
"2014/09/17","44100","600","1.38","43850","44450","43650","2721126","119992669350","31884515031600","723004876"
"2014/09/16","43500","700","1.64","42300","43600","42300","2247094","96957786200","31450712106000","723004876"
"2014/09/15","42800","-1700","-3.82","44300","44400","42800","2371058","102406469350","30944608692800","723004876"
"2014/09/12","44500","650","1.48","44200","44550","44050","1445681","64170219950","32173716982000","723004876"
"2014/09/11","43850","650","1.50","45700","45700","43850","5791277","258982880000","31703763812600","723004876"
"2014/09/05","43200","1150","2.73","42600","43300","42500","3074526","132112951700","31233810643200","723004876"
"2014/09/04","42050","250","0.60","42450","42850","41950","3744556","158741944250","30402355035800","723004876"
"2014/09/03","41800","-2250","-5.11","43450","43750","41700","8149751","343983870050","30221603816800","723004876"
"2014/09/02","44050","-450","-1.01","44700","44950","43850","2171185","95864848550","31832246408250","722638965"
"2014/09/01","44500","-900","-1.98","45700","45800","44500","1892686","84832931700","32157433942500","722638965"
"2014/08/29","45400","-200","-0.44","45100","45700","45000","2167684","98268039600","32807809011000","722638965"
"2014/08/28","45600","250","0.55","45600","45650","44400","3705945","167190366750","32952336804000","722638965"
"2014/08/27","45350","-1350","-2.89","46700","47000","45150","3858033","175818647250","32771677062750","722638965"
"2014/08/26","46700","-450","-0.95","47150","47300","46550","2110839","99151493050","33747239665500","722638965"
"2014/08/25","47150","1200","2.61","45850","47300","45700","3083363","143442659900","34072427199750","722638965"
"2014/08/22","45950","100","0.22","46700","46750","45350","2874325","132714818100","33193899901600","722391728"
"2014/08/21","45850","500","1.10","45800","46350","45400","4749347","218361729520","33121660728800","722391728"
"2014/08/20","45350","1550","3.54","44150","45350","44100","3912499","174970007400","32760464864800","722391728"
"2014/08/19","43800","-50","-0.11","44250","44550","43800","3046890","134403323150","31640757686400","722391728"
"2014/08/18","43850","300","0.69","44400","44400","43650","2842982","124805592750","31676877272800","722391728"
"2014/08/14","43550","-350","-0.80","44500","44800","43200","3825576","168219094800","31460159754400","722391728"
"2014/08/13","43900","650","1.50","43600","44450","43500","3848799","168899895750","31712996859200","722391728"
"2014/08/12","43250","-1750","-3.89","45000","45150","43050","5457423","238915825087","31239735321750","722306019"
"2014/08/11","45000","800","1.81","44900","45550","44500","3098675","139332154550","32503770855000","722306019"
"2014/08/08","44200","-1000","-2.21","44500","45000","43500","6182189","273560765100","31925926039800","722306019"
"2014/08/07","45200","-200","-0.44","45700","46100","44650","3846213","174312751350","32648232058800","722306019"
"2014/08/06","45400","-1900","-4.02","46750","46800","45050","14682581","668038044587","32784910885400","722134601"
"2014/08/05","47300","-550","-1.15","48250","48300","46500","3424229","161652140552","34156966627300","722134601"
"2014/08/04","47850","1550","3.35","46400","47900","46350","3226358","153277058450","34554140657850","722134601"
"2014/08/01","46300","850","1.87","44100","46400","44000","5318497","242995412560","33434832026300","722134601"
"2014/07/31","45450","-1300","-2.78","46050","46500","45100","5587330","255196647386","32821017615450","722134601"
"2014/07/30","46750","2350","5.29","45000","46750","45000","6237617","286296044850","33607992728750","718887545"
"2014/07/29","44400","-2150","-4.62","45200","45700","44400","8507170","380835412200","31918606998000","718887545"
"2014/07/28","46550","-950","-2.00","47450","47950","46400","5195081","243874934394","33464215219750","718887545"
"2014/07/25","47500","-50","-0.11","47800","48300","47200","4385822","208769056150","34029250800000","716405280"
"2014/07/24","47550","-1900","-3.84","49650","49700","47450","7777210","373056786150","34065071064000","716405280"
"2014/07/23","49450","-1550","-3.04","50900","51000","49400","2861486","142973920036","35426241096000","716405280"
"2014/07/22","51000","500","0.99","50100","51000","49650","2319621","116820423200","36536669280000","716405280"
"2014/07/21","50500","-300","-0.59","51300","51700","50300","1627408","82803633400","36178466640000","716405280"
"2014/07/18","50800","-700","-1.36","50200","51100","49900","2334689","118119059650","36378986525600","716121782"
"2014/07/17","51500","500","0.98","51600","52400","51300","3615315","187597354400","36880271773000","716121782"
"2014/07/16","51000","1250","2.51","50000","51000","49900","2314317","117080880200","36522210882000","716121782"
"2014/07/15","49750","400","0.81","50300","50400","49550","1757915","87753117800","35627058654500","716121782"
"2014/07/14","49350","400","0.82","49250","50200","49100","2127881","105767777700","35340609941700","716121782"
"2014/07/11","48950","-350","-0.71","48950","49250","48350","2438265","119239887200","35046093045150","715956957"
"2014/07/10","49300","-450","-0.90","49750","50300","49300","2652157","131831995150","35224032753900","714483423"
"2014/07/09","49750","-2150","-4.14","51500","51500","49600","4902932","246044916800","35545550294250","714483423"
"2014/07/08","51900","300","0.58","51300","52000","51100","2207233","113796217600","37081689653700","714483423"
"2014/07/07","51600","1200","2.38","50400","51700","49900","2222399","113024485800","36867344626800","714483423"
"2014/07/04","50400","-500","-0.98","51000","51000","49550","2256886","112861103550","36009964519200","714483423"
"2014/07/03","50900","500","0.99","50700","51000","50200","2679502","135769731000","36367206230700","714483423"
"2014/07/02","50400","1950","4.02","49150","50500","49000","4295212","214819841750","35897817513600","712258284"
"2014/07/01","48450","-100","-0.21","49450","49450","48400","2661236","130133207650","34508913859800","712258284"
"2014/06/30","48550","1050","2.21","47900","48750","47850","3033278","146749371850","34580139688200","712258284"
"2014/06/27","47500","-1250","-2.56","48350","48500","47500","4132822","197656488890","33832268490000","712258284"
"2014/06/26","48750","-1050","-2.11","50300","50600","48050","4329921","211457312250","34688843523750","711566021"
"2014/06/25","49800","-500","-0.99","50200","50900","49600","2370023","118780086335","35435987845800","711566021"
"2014/06/24","50300","1400","2.86","49000","50300","48950","3486605","173854911452","35791770856300","711566021"
"2014/06/23","48900","-500","-1.01","49250","49700","48250","3331587","163172135850","34795578426900","711566021"
"2014/06/20","49400","-1300","-2.56","50900","50900","49100","7739475","380312626900","35151361437400","711566021"
"2014/06/19","50700","1700","3.47","49850","50700","49700","3832975","192529649300","36076397264700","711566021"
"2014/06/18","49000","-350","-0.71","49400","49700","48850","8540327","417550581900","34866735029000","711566021"
"2014/06/17","49350","1000","2.07","49000","49850","48850","3064765","151723123200","35115457771800","711559428"
"2014/06/16","48350","1300","2.76","46600","48550","46400","2328428","111070816400","34403898343800","711559428"
"2014/06/13","47050","-350","-0.74","47000","47200","46400","2038552","95398859200","33478871087400","711559428"
"2014/06/12","47400","400","0.85","48000","48450","46850","3533745","168416987900","33727916887200","711559428"
"2014/06/11","47000","-350","-0.74","47550","47950","46750","2699834","127492660150","33443293116000","711559428"
"2014/06/10","47350","1250","2.71","46600","47350","46500","2173265","102001791700","33692338915800","711559428"
"2014/06/09","46100","-350","-0.75","47000","47450","46000","4008341","187236733200","32802889630800","711559428"
"2014/06/05","46450","1800","4.03","45300","46450","44850","3867206","177092769700","33051935430600","711559428"
"2014/06/03","44650","-50","-0.11","44250","45050","44000","2452555","109178996550","31771128460200","711559428"
"2014/06/02","44700","550","1.25","44200","45200","44150","2594762","116395651710","31806706431600","711559428"
"2014/05/30","44150","1550","3.64","42600","44150","42600","5719933","249739044820","31415348746200","711559428"
"2014/05/29","42600","0","0.00","42700","42900","42450","2788250","119068173000","30312431632800","711559428"
"2014/05/28","42600","400","0.95","42750","42750","42400","2267797","96629193330","30312431632800","711559428"
"2014/05/27","42200","-200","-0.47","42600","42650","42050","1206673","51119317800","30027807861600","711559428"
"2014/05/26","42400","50","0.12","42600","42750","42350","1337761","56914695850","30170119747200","711559428"
"2014/05/23","42350","-50","-0.12","42300","42500","41950","2091017","88266031550","30134541775800","711559428"
"2014/05/22","42400","500","1.19","42400","42750","42150","2314558","98398209600","30112517778400","710200891"
"2014/05/21","41900","-100","-0.24","41950","42250","41650","2044792","82382332400","29757417332900","710200891"
"2014/05/20","42000","1100","2.69","41100","42000","41100","3173904","128891636590","29828437422000","710200891"
"2014/05/19","40900","-1350","-3.20","42000","42150","40750","3868734","156612465250","29047216441900","710200891"
"2014/05/16","42250","250","0.60","42000","42300","41800","1793135","75476899200","30005987644750","710200891"
"2014/05/15","42000","-100","-0.24","41850","42100","41600","2002289","83711246500","29828437422000","710200891"
"2014/05/14","42100","400","0.96","42200","42200","41750","2857522","120034613280","29899457511100","710200891"
"2014/05/13","41700","300","0.72","41850","42000","41700","2671855","111784712050","29615377154700","710200891"
"2014/05/12","41400","250","0.61","40900","41600","40900","2028310","84002726600","29402316887400","710200891"
"2014/05/09","41150","500","1.23","40950","41200","40250","2286422","93555350450","29224766664650","710200891"
"2014/05/08","40650","-450","-1.09","41450","41450","40550","2228813","91216893200","28869666219150","710200891"
"2014/05/07","41100","450","1.11","41000","41350","40900","2617891","107588709500","29189256620100","710200891"
"2014/05/02","40650","500","1.25","41200","41350","40550","3374051","138291776250","28869666219150","710200891"
"2014/04/30","40150","450","1.13","39700","40300","39650","2280636","91389097800","28514565773650","710200891"
"2014/04/29","39700","-800","-1.98","40250","40500","39600","2864162","113934740750","28194975372700","710200891"
"2014/04/28","40500","-250","-0.61","40450","40800","39900","2962593","119590294200","28763136085500","710200891"
"2014/04/25","40750","-150","-0.37","41100","41350","40650","6413507","261735583900","28940686308250","710200891"
"2014/04/24","40900","150","0.37","40850","40900","40150","4202633","171161835360","29047216441900","710200891"
"2014/04/23","40750","950","2.39","40200","40850","40050","6302966","255999915950","28940686308250","710200891"
"2014/04/22","39800","400","1.02","39900","40050","39750","4429639","176819128000","28265995461800","710200891"
"2014/04/21","39400","200","0.51","39300","39500","39000","2012021","79107088740","27981915105400","710200891"
"2014/04/18","39200","1150","3.02","39400","39550","38900","6226765","244314721150","27839874927200","710200891"
"2014/04/17","38050","400","1.06","38050","38300","37850","2518569","95941576750","27023143902550","710200891"
"2014/04/16","37650","250","0.67","37750","37900","37550","2279437","86034482200","26739063546150","710200891"
"2014/04/15","37400","500","1.36","37450","37950","37150","2511655","94255571650","26561513323400","710200891"
"2014/04/14","36900","-150","-0.40","37100","37250","36900","1769488","65494449050","26206412877900","710200891"
"2014/04/11","37050","-650","-1.72","37450","37600","36850","2678811","99537332200","26312943011550","710200891"
"2014/04/10","37700","50","0.13","37600","37850","37400","1940111","72967750750","26774573590700","710200891"
"2014/04/09","37650","900","2.45","36900","37700","36850","2781992","103683906950","26739063546150","710200891"
"2014/04/08","36750","-250","-0.68","36650","37200","36650","2287296","84365506950","26099882744250","710200891"
"2014/04/07","37000","-250","-0.67","36800","37000","36500","2614349","96154245550","26277432967000","710200891"
"2014/04/04","37250","700","1.92","36750","37250","36600","3042845","112401333550","26454983189750","710200891"
"2014/04/03","36550","-500","-1.35","37300","37350","36500","2239712","82364534950","25957842566050","710200891"
"2014/04/02","37050","50","0.14","37450","37700","36800","3128863","116526850050","26312943011550","710200891"
"2014/04/01","37000","1000","2.78","36650","37100","36600","4963237","183076967700","26277432967000","710200891"
"2014/03/31","36000","-1050","-2.83","37000","37100","35550","8110589","292449138210","25567232076000","710200891"
"2014/03/28","37050","-650","-1.72","37850","37900","37000","3497637","130516252750","26312943011550","710200891"
"2014/03/27","37700","-700","-1.82","38050","38400","37550","2539853","95922170300","26774573590700","710200891"
"2014/03/26","38400","800","2.13","38100","38400","37650","2520441","95935561150","27271714214400","710200891"
"2014/03/25","37600","-550","-1.44","38250","38300","37500","2484259","93739081200","26703553501600","710200891"
"2014/03/24","38150","-550","-1.42","38750","38800","38000","2911594","111655078450","27094163991650","710200891"
"2014/03/21","38700","1750","4.74","37400","38750","37400","4027721","154252915250","27484774481700","710200891"
"2014/03/20","36950","-50","-0.14","36900","37400","36700","1966739","72910527100","26241922922450","710200891"
"2014/03/19","37000","650","1.79","36850","37150","36550","3174111","117053696980","26277432967000","710200891"
"2014/03/18","36350","-350","-0.95","37200","37400","36350","4067115","149933701270","25815802387850","710200891"
"2014/03/17","36700","-1250","-3.29","37400","37450","36600","4053729","149309687150","26064372699700","710200891"
"2014/03/14","37950","-100","-0.26","37550","38300","37000","4047773","152144576040","26952123813450","710200891"
"2014/03/13","38050","650","1.74","37800","38600","37700","2831772","108368132400","27023143902550","710200891"
"2014/03/12","37400","-350","-0.93","37550","38050","37350","3136809","118150987760","26561513323400","710200891"
"2014/03/11","37750","50","0.13","37700","38200","37650","2570762","97435552600","26810083635250","710200891"
"2014/03/10","37700","-850","-2.20","38350","38650","37650","3290391","124995469400","26774573590700","710200891"
"2014/03/07","38550","-550","-1.41","39300","39350","38300","3360351","129777633000","27378244348050","710200891"
"2014/03/06","39100","-350","-0.89","39450","39450","38900","1894702","74005054900","27768854838100","710200891"
"2014/03/05","39450","500","1.28","39600","39600","39200","2287413","90181477800","28017425149950","710200891"
"2014/03/04","38950","0","0.00","38600","39050","38550","1659174","64501425750","27662324704450","710200891"
"2014/03/03","38950","200","0.52","38300","38950","38200","2334413","90070109400","27662324704450","710200891"
"2014/02/28","38750","-750","-1.90","39700","39700","38550","3571285","138648098200","27520284526250","710200891"
"2014/02/27","39500","250","0.64","39650","39650","39100","2537038","99935021370","28052935194500","710200891"
"2014/02/26","39250","600","1.55","38500","39700","38450","3372770","132386551500","27875384971750","710200891"
"2014/02/25","38650","-200","-0.51","39000","39100","37850","5377950","205647941000","27449264437150","710200891"
"2014/02/24","38850","-450","-1.15","39100","39350","38700","1853563","72140568350","27591304615350","710200891"
"2014/02/21","39300","500","1.29","39250","39700","39050","3222452","126871742350","27910895016300","710200891"
"2014/02/20","38800","-350","-0.89","39400","39650","38700","2634888","103041723050","27555794570800","710200891"
"2014/02/19","39150","350","0.90","38650","39400","38500","2779561","108371057450","27804364882650","710200891"
"2014/02/18","38800","100","0.26","38800","39000","38550","1740161","67390229750","27555794570800","710200891"
"2014/02/17","38700","-350","-0.90","39450","39700","38400","3462266","134591727800","27484774481700","710200891"
"2014/02/14","39050","-850","-2.13","39950","40100","39000","3144548","124052364300","27733344793550","710200891"
"2014/02/13","39900","50","0.13","39850","40200","39700","3408592","135972119900","28337015550900","710200891"
"2014/02/12","39850","850","2.18","39600","39850","39200","3365602","133232981500","28301505506350","710200891"
"2014/02/11","39000","0","0.00","39200","39600","38950","1922133","75258297550","27697834749000","710200891"
"2014/02/10","39000","-300","-0.76","39400","39950","39000","2749618","108091338350","27697834749000","710200891"
"2014/02/07","39300","700","1.81","39300","39500","38900","6263133","246080847250","27910895016300","710200891"
"2014/02/06","38600","1950","5.32","37050","38600","37000","6520048","248682144550","27413754392600","710200891"
"2014/02/05","36650","150","0.41","36900","37000","36000","3722340","136331246250","26028862655150","710200891"
"2014/02/04","36500","-1450","-3.82","37350","37400","36500","5123321","188711772650","25922332521500","710200891"
"2014/02/03","37950","100","0.26","37500","38200","37450","3258954","122985654550","26952123813450","710200891"
"2014/01/29","37850","1050","2.85","37100","37900","37000","5768140","217157590150","26881103724350","710200891"
"2014/01/28","36800","1550","4.40","35550","36800","35250","5134501","186008794350","26135392788800","710200891"
"2014/01/27","35250","-650","-1.81","35100","35550","35000","3810292","134273774450","25034581407750","710200891"
"2014/01/24","35900","500","1.41","35350","36150","35350","4696232","167878470300","25496211986900","710200891"
"2014/01/23","35400","-900","-2.48","36300","36650","35400","5413166","193949886190","25141111541400","710200891"
"2014/01/22","36300","-100","-0.27","36100","36350","35000","8866139","316453678800","25780292343300","710200891"
"2014/01/21","36400","-450","-1.22","36950","37100","36400","2458095","90182487300","25851312432400","710200891"
"2014/01/20","36850","850","2.36","36050","36850","36050","3038514","110668385250","26170902833350","710200891"
"2014/01/17","36000","-550","-1.50","36600","36850","36000","3390054","123153511000","25567232076000","710200891"
"2014/01/16","36550","-100","-0.27","36900","37000","36050","5058860","185129541700","25957842566050","710200891"
"2014/01/15","36650","-1750","-4.56","38700","38750","36450","11312073","417651315850","26028862655150","710200891"
"2014/01/14","38400","250","0.66","37750","38400","37350","2373406","90333371500","27271714214400","710200891"
"2014/01/13","38150","-350","-0.91","38350","39000","38150","2173830","83683566350","27094163991650","710200891"
"2014/01/10","38500","-350","-0.90","38450","38700","37700","4661839","177687389200","27342734303500","710200891"
"2014/01/09","38850","-150","-0.38","39150","39250","38500","4456686","173177780600","27591304615350","710200891"
"2014/01/08","39000","1200","3.17","38550","39100","38150","6541929","253808947050","27697834749000","710200891"
"2014/01/07","37800","150","0.40","37350","37950","37200","3365854","126881597450","26845593679800","710200891"
"2014/01/06","37650","1350","3.72","36400","37700","36350","5489696","204708639570","26739063546150","710200891"
"2014/01/03","36300","750","2.11","35700","36450","35600","3866819","139893325700","25780292343300","710200891"
"2014/01/02","35550","-1250","-3.40","37100","37350","35550","4503101","162885196800","25247641675050","710200891"
"2013/12/30","36800","150","0.41","36800","37000","36250","2537422","92805058100","26135392788800","710200891"
"2013/12/27","36650","650","1.81","36450","36950","36350","2088963","76647459800","26028862655150","710200891"
"2013/12/26","36000","-750","-2.04","36900","37000","35900","3738849","135655295400","25567232076000","710200891"
"2013/12/24","36750","-250","-0.68","37000","37100","36550","2771057","102018819000","26099882744250","710200891"
"2013/12/23","37000","1700","4.82","35600","37000","35550","5630251","205498698200","26277432967000","710200891"
"2013/12/20","35300","400","1.15","35200","35750","34900","3905267","138315965000","25070091452300","710200891"
"2013/12/19","34900","-650","-1.83","35950","36150","34800","6726027","236503093150","24786011095900","710200891"
"2013/12/18","35550","-1050","-2.87","36600","36800","35450","4929380","177437999650","25247641675050","710200891"
"2013/12/17","36600","-550","-1.48","37500","37550","36550","3534783","131028231350","25993352610600","710200891"
"2013/12/16","37150","650","1.78","36600","37200","36550","3285802","121493264250","26383963100650","710200891"
"2013/12/13","36500","50","0.14","36300","36600","35850","2488730","90238321300","25922332521500","710200891"
"2013/12/12","36450","-350","-0.95","36300","36500","35850","5008826","181208386100","25886822476950","710200891"
"2013/12/11","36800","300","0.82","36500","37150","36400","3600547","132549868450","26135392788800","710200891"
"2013/12/10","36500","150","0.41","36800","37100","36400","5070477","186251803200","25922332521500","710200891"
"2013/12/09","36350","850","2.39","36000","36700","35950","5211103","189634653950","25815802387850","710200891"
"2013/12/06","35500","1250","3.65","34400","35650","34400","4156598","146518472350","25212131630500","710200891"
"2013/12/05","34250","-550","-1.58","34550","34900","34200","4205701","144957178750","24324380516750","710200891"
"2013/12/04","34800","100","0.29","34850","35400","34750","3284235","114916399350","24714991006800","710200891"
"2013/12/03","34700","-1000","-2.80","35500","35700","34600","4945227","173395473950","24643970917700","710200891"
"2013/12/02","35700","300","0.85","35650","35900","35250","3268831","116575308000","25354171808700","710200891"
"2013/11/29","35400","-50","-0.14","35550","35900","35150","4030182","143024250600","25141111541400","710200891"
"2013/11/28","35450","850","2.46","35100","35450","34850","6520172","229849921400","25176621585950","710200891"
"2013/11/27","34600","1000","2.98","33750","34700","33500","6944989","237480288850","24572950828600","710200891"
"2013/11/26","33600","350","1.05","33300","33600","32750","3288876","109707195850","23862749937600","710200891"
"2013/11/25","33250","850","2.62","32800","33400","32750","2869284","95341471550","23614179625750","710200891"
"2013/11/22","32400","350","1.09","32800","32900","32250","3511174","114560962550","23010508868400","710200891"
"2013/11/21","32050","-450","-1.38","32400","32450","31750","3397106","108808185050","22761938556550","710200891"
"2013/11/20","32500","-950","-2.84","33150","33200","32350","4652929","152309419090","23081528957500","710200891"
"2013/11/19","33450","-300","-0.89","33700","33850","33300","2790771","93761878750","23756219803950","710200891"
"2013/11/18","33750","50","0.15","33900","34100","33500","2917194","98545169320","23969280071250","710200891"
"2013/11/15","33700","1400","4.33","32550","33800","32550","5187831","173465430100","23933770026700","710200891"
"2013/11/14","32300","750","2.38","32350","32650","32000","3084645","99651496350","22939488779300","710200891"
"2013/11/13","31550","-400","-1.25","31850","32000","31500","2266975","71789928800","22406838111050","710200891"
"2013/11/12","31950","450","1.43","31900","32400","31700","3027493","97014791450","22690918467450","710200891"
"2013/11/11","31500","-750","-2.33","32400","32700","31350","3518342","112733553100","22371328066500","710200891"
"2013/11/08","32250","-100","-0.31","32050","32950","32050","2964930","96438820200","22903978734750","710200891"
"2013/11/07","32350","-150","-0.46","32600","32750","32350","1825749","59431176200","22974998823850","710200891"
"2013/11/06","32500","-50","-0.15","32350","32950","32350","1872076","61148350200","23081528957500","710200891"
"2013/11/05","32550","-500","-1.51","33000","33050","32250","1860583","60605427900","23117039002050","710200891"
"2013/11/04","33050","-200","-0.60","33350","33500","32950","2893775","96037365500","23472139447550","710200891"
"2013/11/01","33250","1300","4.07","32150","33300","32100","4753636","156646747900","23614179625750","710200891"
"2013/10/31","31950","-900","-2.74","32800","32800","31950","4023353","129688940200","22690918467450","710200891"
"2013/10/30","32850","900","2.82","32300","33000","32300","4858305","158931209900","23330099269350","710200891"
"2013/10/29","31950","-1150","-3.47","33350","33600","31900","6681059","216599727850","22690918467450","710200891"
"2013/10/28","33100","500","1.53","32650","33250","32600","3104202","102588487200","23507649492100","710200891"
"2013/10/25","32600","-500","-1.51","32950","33000","32500","3464261","113118740350","23152549046600","710200891"
"2013/10/24","33100","600","1.85","32500","33150","32300","3285591","107551938750","23507649492100","710200891"
"2013/10/23","32500","-100","-0.31","32900","33200","32500","5848372","191228001150","23081528957500","710200891"
"2013/10/22","32600","-1500","-4.40","34000","34000","32600","9113649","300402367800","23152549046600","710200891"
"2013/10/21","34100","-500","-1.45","34650","35000","33900","4601446","158063744500","24217850383100","710200891"
"2013/10/18","34600","800","2.37","34000","34650","33950","4896108","168575562800","24572950828600","710200891"
"2013/10/17","33800","400","1.20","33800","33900","33400","3432731","115707224000","24004790115800","710200891"
"2013/10/16","33400","-50","-0.15","33800","34300","33250","3964240","133804522750","23720709759400","710200891"
"2013/10/15","33450","350","1.06","33450","33600","33250","2875473","95685140750","23756219803950","710200891"
"2013/10/14","33100","-250","-0.75","33100","33400","32550","4504637","148215917100","23507649492100","710200891"
"2013/10/11","33350","-250","-0.74","33900","34000","33100","6953280","233006591900","23685199714850","710200891"
"2013/10/10","33600","850","2.60","32750","33900","32700","6362115","212390561800","23862749937600","710200891"
"2013/10/08","32750","-150","-0.46","32800","32900","32450","20161933","656167228750","23259079180250","710200891"
"2013/10/07","32900","450","1.39","32750","33100","32600","10211692","336304316950","23365609313900","710200891"
"2013/10/04","32450","1300","4.17","31700","32450","31550","10794205","345519308000","23046018912950","710200891"
"2013/10/02","31150","1200","4.01","30650","31250","30600","7077277","219299451450","22122757754650","710200891"
"2013/10/01","29950","-300","-0.99","30200","30500","29800","3094789","93341827050","21270516685450","710200891"
"2013/09/30","30250","-100","-0.33","30300","30750","30000","3883347","118341980250","21483576952750","710200891"
"2013/09/27","30350","0","0.00","30550","30600","29850","3597617","108508632450","21554597041850","710200891"
"2013/09/26","30350","600","2.02","29750","30600","29700","4297077","130267895350","21554597041850","710200891"
"2013/09/25","29750","-750","-2.46","30300","30400","29600","4839999","144322374700","21128476507250","710200891"
"2013/09/24","30500","-50","-0.16","30400","30850","30250","3788474","115630844300","21661127175500","710200891"
"2013/09/23","30550","250","0.83","30650","30700","30200","4872847","148740613760","21696637220050","710200891"
"2013/09/17","30300","500","1.68","30000","30450","29650","6788948","204926049250","21519086997300","710200891"
"2013/09/16","29800","800","2.76","29300","29850","29300","5218534","154854778300","21163986551800","710200891"
"2013/09/13","29000","100","0.35","28900","29250","28800","4674307","135732605600","20595825839000","710200891"
"2013/09/12","28900","0","0.00","29000","29300","28750","6018991","174802036900","20524805749900","710200891"
"2013/09/11","28900","-50","-0.17","29100","29300","28700","4893860","141857147200","20524805749900","710200891"
"2013/09/10","28950","500","1.76","28550","28950","28400","6680750","192037926100","20560315794450","710200891"
"2013/09/09","28450","1350","4.98","27600","28450","27550","9571714","268837565250","20205215348950","710200891"
"2013/09/06","27100","-1050","-3.73","28100","28250","26850","12199781","334684987650","19246444146100","710200891"
"2013/09/05","28150","-500","-1.75","27400","28150","27300","20625403","571409824300","19992155081650","710200891"
"2013/09/04","28650","200","0.70","28400","28700","28200","3042973","86704998050","20347255527150","710200891"
"2013/09/03","28450","150","0.53","28550","28650","28300","3100871","87514363100","20205215348950","710200891"
"2013/09/02","28300","50","0.18","28500","28650","28200","3035909","86201425550","20098685215300","710200891"
"2013/08/30","28250","800","2.91","27600","28250","27550","5663772","158376590300","20063175170750","710200891"
"2013/08/29","27450","-250","-0.90","27700","28000","27400","5326833","147111865850","19495014457950","710200891"
"2013/08/28","27700","-250","-0.89","27350","27850","27350","3556086","98077188400","19672564680700","710200891"
"2013/08/27","27950","-400","-1.41","28100","28350","27800","3547412","99328960300","19850114903450","710200891"
"2013/08/26","28350","-150","-0.53","28500","28700","28150","2937697","83312710650","20134195259850","710200891"
"2013/08/23","28500","450","1.60","28400","28850","28300","4137108","118247125400","20240725393500","710200891"
"2013/08/22","28050","-150","-0.53","27800","28350","27700","3639542","102220904050","19921134992550","710200891"
"2013/08/21","28200","-300","-1.05","28700","28850","28050","3079266","87304982050","20027665126200","710200891"
"2013/08/20","28500","-50","-0.18","28500","29150","28400","5699909","163242097350","20240725393500","710200891"
"2013/08/19","28550","-150","-0.52","28550","28650","28300","2594470","72353704150","20276235438050","710200891"
"2013/08/16","28700","-450","-1.54","28700","29000","28500","5110848","146834927150","20382765571700","710200891"
"2013/08/14","29150","850","3.00","28750","29200","28600","10262550","296905015700","20271527251250","695421175"
"2013/08/13","28300","1300","4.81","27050","28300","27050","8719662","243008510150","19680419252500","695421175"
"2013/08/12","27000","350","1.31","26650","27300","26600","3849323","104338065500","18776371725000","695421175"
"2013/08/09","26650","450","1.72","26200","27100","26200","4669522","124646903800","18532504341000","695403540"
"2013/08/08","26200","-350","-1.32","26350","26600","26000","5396449","141830227400","18219572748000","695403540"
"2013/08/07","26550","-1000","-3.63","27350","27400","26550","7771130","208497567200","18462963987000","695403540"
"2013/08/06","27550","150","0.55","27600","27750","27350","4125157","113783446150","19158367527000","695403540"
"2013/08/05","27400","-50","-0.18","27300","27400","27150","4180804","114004681900","19048304448200","695193593"
"2013/08/02","27450","50","0.18","27500","27700","27250","6877232","188848274000","19083064127850","695193593"
"2013/08/01","27400","200","0.74","27250","27450","27100","6151190","168292906750","19048304448200","695193593"
"2013/07/31","27200","100","0.37","27200","27350","27150","4386284","119514089900","18909265729600","695193593"
"2013/07/30","27100","100","0.37","27050","27300","26600","6903868","186308708350","18827137634600","694728326"
"2013/07/29","27000","-1150","-4.09","27950","27950","26900","15227768","414042950100","18757664802000","694728326"
"2013/07/26","28150","-450","-1.57","28850","28850","27900","7755181","218934683950","19556602376900","694728326"
"2013/07/25","28600","50","0.18","29150","29250","28400","6778488","195243233850","19869230123600","694728326"
"2013/07/24","28550","350","1.24","28300","28750","28300","3818831","108977676200","19834238470300","694719386"
"2013/07/23","28200","200","0.71","27900","28400","27750","4952809","139276100960","19591086685200","694719386"
"2013/07/22","28000","-400","-1.41","28400","28500","27850","5042732","141609042050","19452142808000","694719386"
"2013/07/19","28400","-800","-2.74","29300","29350","28400","5306867","152442767650","19730030562400","694719386"
"2013/07/18","29200","600","2.10","28950","29450","28750","6437820","187630734010","20285806071200","694719386"
"2013/07/17","28600","150","0.53","28750","28850","28200","4374401","124954890000","19868974439600","694719386"
"2013/07/16","28450","0","0.00","28650","28700","28300","2886705","82295193650","19764698166350","694716983"
"2013/07/15","28450","-50","-0.18","28500","28750","28050","2613544","74303874050","19764698166350","694716983"
"2013/07/12","28500","100","0.35","28450","28650","28100","4499172","127836085900","19799434015500","694716983"
"2013/07/11","28400","900","3.27","27900","28400","27650","6330650","177959017900","19729962317200","694716983"
"2013/07/10","27500","-850","-3.00","28150","28300","27400","6362139","176737550750","19104540235000","694710554"
"2013/07/09","28350","550","1.98","28050","28450","27750","5276470","148623041450","19695044205900","694710554"
"2013/07/08","27800","-600","-2.11","28100","28600","27400","7227558","200724924450","19312953401200","694710554"
"2013/07/05","28400","-350","-1.22","28950","29300","27950","7983219","228742105250","19729779733600","694710554"
"2013/07/04","28750","0","0.00","28950","29050","28000","9130872","260023460050","19972928427500","694710554"
"2013/07/03","28750","-50","-0.17","29350","29800","28550","10969350","319636566500","19972928427500","694710554"
"2013/07/02","28800","-2750","-8.72","31500","31550","28750","21019436","619521280550","20007663955200","694710554"
"2013/07/01","31550","350","1.12","30950","31850","30850","4062599","128025460900","21910606144550","694472461"
"2013/06/28","31200","550","1.79","30900","31200","30450","4309458","133172205600","21667540783200","694472461"
"2013/06/27","30650","400","1.32","30900","31000","30600","5209137","160379633100","21285580929650","694472461"
"2013/06/26","30250","750","2.54","30150","30400","29700","5040418","151717440850","21006895063000","694442812"
"2013/06/25","29500","-250","-0.84","29500","30300","28900","6659713","197093248800","20486062954000","694442812"
"2013/06/24","29750","-1050","-3.41","30900","30950","29750","4897019","147496247750","20659673657000","694442812"
"2013/06/21","30800","-250","-0.81","30200","31000","30000","5163521","157427270900","21388838609600","694442812"
"2013/06/20","31050","-850","-2.66","31400","31700","30850","4371986","136683813500","21555431174250","694216785"
"2013/06/19","31900","150","0.47","32000","32400","31550","4438175","142018103400","22145515441500","694216785"
"2013/06/18","31750","1300","4.27","30900","31750","30900","5215736","163489757880","22041382923750","694216785"
"2013/06/17","30450","-1050","-3.33","31400","31600","30100","6582178","200754129050","21138901103250","694216785"
"2013/06/14","31500","-550","-1.72","32150","32250","31200","3971095","125446052300","21867828727500","694216785"
"2013/06/13","32050","-300","-0.93","32250","32450","31600","6075091","194032047050","22249388610650","694208693"
"2013/06/12","32350","-150","-0.46","32300","32700","32250","2590486","83938776050","22457651218550","694208693"
"2013/06/11","32500","-150","-0.46","32900","32950","32300","3941737","128443634050","22561782522500","694208693"
"2013/06/10","32650","1550","4.98","31700","32900","31600","6709195","217288383200","22664849828250","694176105"
"2013/06/07","31100","-50","-0.16","31650","31900","30900","5758634","180876422550","21588876865500","694176105"
"2013/06/05","31150","-1100","-3.41","32350","32400","31150","4570226","144666255650","21623585670750","694176105"
"2013/06/04","32250","350","1.10","32150","32450","32000","3233657","104229103590","22387179386250","694176105"
"2013/06/03","31900","-300","-0.93","31950","32150","31750","3449693","110146293550","22144217749500","694176105"
"2013/05/31","32200","350","1.10","32200","32200","31750","3870613","123864427050","22352470581000","694176105"
"2013/05/30","31850","-150","-0.47","31850","32200","31700","10882238","345753791550","22109508944250","694176105"
"2013/05/29","32000","600","1.91","31700","32150","31550","4381622","139888811750","22213635360000","694176105"
"2013/05/28","31400","0","0.00","31400","31650","30850","4431590","138774095250","21797129697000","694176105"
"2013/05/27","31400","0","0.00","31550","31900","31400","2849669","90053790700","21797129697000","694176105"
"2013/05/24","31400","0","0.00","31800","31850","31050","3871042","121647102800","21797129697000","694176105"
"2013/05/23","31400","100","0.32","31400","32000","31250","7512672","238365679900","21797129697000","694176105"
"2013/05/22","31300","700","2.29","30900","31600","30850","7608286","238023046000","21727712086500","694176105"
"2013/05/21","30600","-100","-0.33","30800","31000","30600","5033266","155194389250","21241788813000","694176105"
"2013/05/20","30700","650","2.16","30500","30850","30300","6958530","213093696750","21311206423500","694176105"
"2013/05/16","30050","300","1.01","29900","30200","29850","6423610","192836882300","20859991955250","694176105"
"2013/05/15","29750","250","0.85","29550","29850","29500","4030862","119643985680","20651469202000","694167032"
"2013/05/14","29500","400","1.37","29150","29600","29150","2701509","79601652000","20477927444000","694167032"
"2013/05/13","29100","0","0.00","29000","29200","28900","2518819","73058399300","20200260631200","694167032"
"2013/05/10","29100","50","0.17","29200","29550","29050","4776435","140021030100","20200260631200","694167032"
"2013/05/09","29050","500","1.75","28500","29250","28500","4575248","133078045550","20165552279600","694167032"
"2013/05/08","28550","-50","-0.17","28900","28900","28400","3400637","97525095400","19818468763600","694167032"
"2013/05/07","28600","-300","-1.04","28900","28950","28400","3154316","90262508700","19853177115200","694167032"
"2013/05/06","28900","-650","-2.20","29700","29850","28850","4225049","123592720100","20061427224800","694167032"
"2013/05/03","29550","100","0.34","29650","29700","29000","3767197","110544904200","20512635795600","694167032"
"2013/05/02","29450","-450","-1.51","29750","29850","29300","2792031","82303438750","20443219092400","694167032"
"2013/04/30","29900","350","1.18","29850","30000","29550","4973679","148209171550","20755594256800","694167032"
"2013/04/29","29550","100","0.34","29550","29850","29500","2368216","70174187500","20512635795600","694167032"
"2013/04/26","29450","-50","-0.17","29400","29750","29250","2667806","78646843850","20443219092400","694167032"
"2013/04/25","29500","400","1.37","29650","29950","29450","11394824","334169346450","20477876173000","694165294"
"2013/04/24","29100","250","0.87","29400","29600","29000","4683116","137278540050","20200210055400","694165294"
"2013/04/23","28850","-150","-0.52","29050","29050","28450","2009817","57875184650","20026668731900","694165294"
"2013/04/22","29000","200","0.69","28800","29100","28600","2012549","58179296450","20130793526000","694165294"
"2013/04/19","28800","900","3.23","27900","28850","27850","3895261","111239395150","19991960467200","694165294"
"2013/04/18","27900","-850","-2.96","28400","28500","27850","5206918","146038923050","19367082469800","694160662"
"2013/04/17","28750","-350","-1.20","29350","29400","28650","3075896","88894735300","19957119032500","694160662"
"2013/04/16","29100","-50","-0.17","28850","29250","28750","3276359","95132383450","20200075264200","694160662"
"2013/04/15","29150","350","1.22","28950","29350","28700","2715965","79108302000","20234783297300","694160662"
"2013/04/12","28800","-200","-0.69","29050","29350","28650","3407336","98854436600","19991827065600","694160662"
"2013/04/11","29000","1050","3.76","28450","29100","28300","5236997","151113695400","20130659198000","694160662"
"2013/04/10","27950","150","0.54","28150","28200","27800","2896417","81053535300","19401790502900","694160662"
"2013/04/09","27800","-100","-0.36","27900","28200","27300","4473759","123542859950","19297666403600","694160662"
"2013/04/08","27900","-650","-2.28","28600","28700","27800","4153747","116708034850","19367082469800","694160662"
"2013/04/05","28550","-650","-2.23","29300","29300","28350","3681853","105889176000","19818286900100","694160662"
"2013/04/04","29200","300","1.04","28550","29200","28400","4869239","140610429600","20269472992800","694160034"
"2013/04/03","28900","500","1.76","28600","29150","28550","3584222","103594237850","20061224982600","694160034"
"2013/04/02","28400","-250","-0.87","28750","28900","28350","3577498","101999213200","19714144965600","694160034"
"2013/04/01","28650","-100","-0.35","28900","29050","28600","1972865","56831178750","19887684974100","694160034"
"2013/03/29","28750","-500","-1.71","29500","29650","28750","3045853","88517763500","19957100977500","694160034"
"2013/03/28","29250","-200","-0.68","29450","29450","28950","3223050","94316492050","20304180994500","694160034"
"2013/03/27","29450","-50","-0.17","29600","29700","29200","3184531","93868239800","20443013001300","694160034"
"2013/03/26","29500","450","1.55","29050","29500","29000","5570927","163552237850","20477721003000","694160034"
"2013/03/25","29050","750","2.65","29050","29200","28850","3959211","114777830750","20165250914900","694156658"
"2013/03/22","28300","250","0.89","27900","28450","27650","3555515","99854990000","19644633421400","694156658"
"2013/03/21","28050","-550","-1.92","28850","28900","28050","3426566","97039387650","19471094256900","694156658"
"2013/03/20","28600","-50","-0.17","28500","28850","28350","2632433","75432747350","19852880418800","694156658"
"2013/03/19","28650","250","0.88","28800","28900","28350","3232956","92642290150","19887588251700","694156658"
"2013/03/18","28400","-400","-1.39","28550","28900","28400","2926693","83820398100","19714024748400","694155801"
"2013/03/15","28800","-100","-0.35","29000","29200","28400","4473661","128981521700","19991687068800","694155801"
"2013/03/14","28900","600","2.12","28450","29000","28400","5071138","146203789300","20061102648900","694155801"
"2013/03/13","28300","200","0.71","28300","28550","28100","2769799","78495126850","19644609168300","694155801"
"2013/03/12","28100","-500","-1.75","28850","28900","28050","3957978","112440852350","19505778008100","694155801"
"2013/03/11","28600","350","1.24","28250","28800","28200","6597705","188787400150","19852855908600","694155801"
"2013/03/08","28250","100","0.36","28350","28400","27800","3607159","101648018150","19609901378250","694155801"
"2013/03/07","28150","150","0.54","28100","28450","27850","6588200","185489878950","19540485798150","694155801"
"2013/03/06","28000","1000","3.70","27650","28200","27600","11109877","309734945100","19436362428000","694155801"
"2013/03/05","27000","1000","3.85","26400","27200","26400","8141593","219128404650","18742206627000","694155801"
"2013/03/04","26000","-500","-1.89","26600","26700","25900","3753949","98714951300","18048050826000","694155801"
"2013/02/28","26500","250","0.95","26700","26750","26500","4038185","107591590350","18395128726500","694155801"
"2013/02/27","26250","-300","-1.13","26850","26950","26250","3098659","82540570250","18221588883750","694155767"
"2013/02/26","26550","250","0.95","26100","26650","25850","3772301","99049924150","18429835613850","694155767"
"2013/02/25","26300","-100","-0.38","26500","26550","26050","2604691","68502759300","18256296672100","694155767"
"2013/02/22","26400","-200","-0.75","26400","26600","26300","2689623","71125304600","18325712248800","694155767"
"2013/02/21","26600","100","0.38","26350","26650","26300","2826255","74982838350","18464543402200","694155767"
"2013/02/20","26500","650","2.51","26250","26700","26200","6657608","176235847650","18395127825500","694155767"
"2013/02/19","25850","-50","-0.19","25800","26100","25750","1779504","46084882700","17943926576950","694155767"
"2013/02/18","25900","250","0.97","25600","26000","25550","2456890","63519614900","17978634365300","694155767"
"2013/02/15","25650","-50","-0.19","25700","25750","25550","2277981","58430895200","17805095423550","694155767"
"2013/02/14","25700","200","0.78","25550","25750","25350","2859954","73195424940","17839803211900","694155767"
"2013/02/13","25500","500","2.00","25250","25600","25200","4490716","114360683150","17700972058500","694155767"
"2013/02/12","25000","250","1.01","24950","25300","24800","3432175","86215084650","17353894175000","694155767"
"2013/02/08","24750","-100","-0.40","24850","25000","24550","3258865","80842070910","17180355233250","694155767"
"2013/02/07","24850","350","1.43","24650","25000","24550","4681401","116486517600","17249770809950","694155767"
"2013/02/06","24500","800","3.38","23850","24650","23800","5764265","140330389650","17006816291500","694155767"
"2013/02/05","23700","-600","-2.47","24050","24200","23600","4574149","108846350370","16451491677900","694155767"
"2013/02/04","24300","100","0.41","24500","24600","24300","2604422","63595146750","16867985138100","694155767"
"2013/02/01","24200","-200","-0.82","24250","24450","24050","4025938","97598768700","16798569561400","694155767"
"2013/01/31","24400","50","0.21","24400","24600","24200","4329870","105455179450","16937400714800","694155767"
"2013/01/30","24350","150","0.62","24650","24950","24300","5631792","138430295500","16902692926450","694155767"
"2013/01/29","24200","-200","-0.82","24500","24550","24100","4408627","105968123100","16798569561400","694155767"
"2013/01/28","24400","200","0.83","24150","24500","24000","2586394","62885931000","16937400714800","694155767"
"2013/01/25","24200","-50","-0.21","24300","24700","23800","5001969","120894391580","16798569561400","694155767"
"2013/01/24","24250","-400","-1.62","24600","24650","24050","6007784","145833492900","16833277349750","694155767"
"2013/01/23","24650","-400","-1.60","25050","25100","24600","6619066","163880058650","17110939656550","694155767"
"2013/01/22","25050","-700","-2.72","25500","25700","24850","7158297","179617910750","17388601963350","694155767"
"2013/01/21","25750","150","0.59","25750","25850","25300","3295467","84363806650","17874511000250","694155767"
"2013/01/18","25600","-300","-1.16","26050","26150","25500","5547605","142681777900","17770387635200","694155767"
"2013/01/17","25900","-300","-1.15","26350","26350","25450","4758701","122899706700","17978634365300","694155767"
"2013/01/16","26200","250","0.96","26200","26700","26050","5723625","150971994300","18186881095400","694155767"
"2013/01/15","25950","-1000","-3.71","26800","27000","25800","6736761","176868148300","18013342153650","694155767"
"2013/01/14","26950","-150","-0.55","27250","27300","26850","3130049","84646861800","18707497920650","694155767"
"2013/01/11","27100","300","1.12","27100","27250","26500","6269825","169207075650","18811621285700","694155767"
"2013/01/10","26800","750","2.88","26150","26800","25850","4762542","126415177950","18603374555600","694155767"
"2013/01/09","26050","-200","-0.76","26500","26600","25950","2517811","66101057250","18082757730350","694155767"
"2013/01/08","26250","350","1.35","26050","26550","25950","3468081","91299422700","18221510160000","694152768"
"2013/01/07","25900","-450","-1.71","26400","26450","25650","4283105","111185752750","17978556691200","694152768"
"2013/01/04","26350","-300","-1.13","26800","26900","26200","4856327","128866519150","18290925436800","694152768"
"2013/01/03","26650","50","0.19","26900","27100","26400","4587780","122452257600","18499171267200","694152768"
"2013/01/02","26600","850","3.30","26150","26650","26100","5151547","136250532400","18464463628800","694152768"
"2012/12/28","25750","0","0.00","25750","25950","25500","2648924","68152892800","17874433776000","694152768"
"2012/12/27","25750","300","1.18","25450","25800","25400","2010360","51616989100","17874433776000","694152768"
"2012/12/26","25450","300","1.19","25300","25700","25300","3166701","80722435400","17666187945600","694152768"
"2012/12/24","25150","-250","-0.98","25400","25700","25050","3887250","98463823950","17457942115200","694152768"
"2012/12/21","25400","-900","-3.42","26300","26450","25250","7103654","181871150860","17631479875400","694152751"
"2012/12/20","26300","-200","-0.75","26850","26950","26150","4736996","125471822800","18256217351300","694152751"
"2012/12/18","26500","-150","-0.56","26900","27100","26400","5741215","153471022750","18395047901500","694152751"
"2012/12/17","26650","450","1.72","26400","26800","26250","5228814","139128868650","18499170814150","694152751"
"2012/12/14","26200","-50","-0.19","26000","26350","25850","3680399","96410742700","18186802076200","694152751"
"2012/12/13","26250","200","0.77","26200","26500","25650","7585467","197813812000","18221509713750","694152751"
"2012/12/12","26050","100","0.39","26350","26500","26050","4902981","128751437500","18082679163550","694152751"
"2012/12/11","25950","-50","-0.19","26250","26500","25900","4189236","109509473150","18013263888450","694152751"
"2012/12/10","26000","100","0.39","25850","26150","25800","3280121","85318104100","18047971526000","694152751"
"2012/12/07","25900","1050","4.23","25450","25950","25400","7130678","183717080350","17978556250900","694152751"
"2012/12/06","24850","0","0.00","24850","25100","24700","3774704","94063410750","17249695862350","694152751"
"2012/12/05","24850","400","1.64","24450","24900","24250","3504294","86245522000","17249695862350","694152751"
"2012/12/04","24450","50","0.20","24300","24700","24200","3560107","87171097950","16972034761950","694152751"
"2012/12/03","24400","0","0.00","24300","24650","24200","4155082","101381327900","16937327124400","694152751"
"2012/11/30","24400","-1000","-3.94","25250","25350","24400","8420949","207426775900","16937327124400","694152751"
"2012/11/29","25400","50","0.20","25700","25800","25100","4030728","102187339250","17631479875400","694152751"
"2012/11/28","25350","-200","-0.78","25400","25550","25000","3108705","78646001800","17596772237850","694152751"
"2012/11/27","25550","-250","-0.97","25750","26000","25350","4349165","111254446400","17735602788050","694152751"
"2012/11/26","25800","100","0.39","25800","26300","25750","3757376","97711587250","17909140975800","694152751"
"2012/11/23","25700","100","0.39","25500","25850","25350","2772673","71125905000","17839725700700","694152751"
"2012/11/22","25600","700","2.81","25250","25700","25000","3192295","81296016000","17770310425600","694152751"
"2012/11/21","24900","-450","-1.78","25500","25750","24900","3705474","93429120600","17284403499900","694152751"
"2012/11/20","25350","150","0.60","25650","25750","25300","3293980","84014345500","17596772237850","694152751"
"2012/11/19","25200","250","1.00","25200","25500","24750","3934488","99035394050","17492649325200","694152751"
"2012/11/16","24950","-1200","-4.59","26100","26300","24550","9295709","235720696400","17319111137450","694152751"
"2012/11/15","26150","-450","-1.69","26350","26550","25900","4774667","125338212750","18152094438650","694152751"
"2012/11/14","26600","1250","4.93","25550","26700","25500","8690475","228436493300","18464463176600","694152751"
"2012/11/13","25350","50","0.20","25200","25550","25000","3314201","83940516100","17596772237850","694152751"
"2012/11/12","25300","-100","-0.39","25200","25550","24800","4373224","109933568150","17561298010300","694122451"
"2012/11/09","25400","-650","-2.50","25700","25950","25350","5241275","134059065550","17630710255400","694122451"
"2012/11/08","26050","50","0.19","25600","26100","25350","4522898","116093143250","18081889848550","694122451"
"2012/11/07","26000","100","0.39","26000","26100","25450","4411461","114018367600","18047183726000","694122451"
"2012/11/06","25900","-250","-0.96","26250","26300","25550","5042809","129832523400","17977771480900","694122451"
"2012/11/05","26150","200","0.77","25950","26350","25750","3347263","87238138650","18151302093650","694122451"
"2012/11/02","25950","450","1.76","26000","26300","25900","6592179","172053881800","18012477603450","694122451"
"2012/11/01","25500","650","2.62","24950","25900","24700","8312753","211017443050","17700122500500","694122451"
"2012/10/31","24850","550","2.26","24800","25000","24650","5789405","143666495100","17248942907350","694122451"
"2012/10/30","24300","200","0.83","24500","24750","24200","3782716","92590287850","16867175559300","694122451"
"2012/10/29","24100","0","0.00","24550","24950","23900","6197870","152133543800","16728351069100","694122451"
"2012/10/26","24100","-200","-0.82","24300","24650","24000","3832976","93150079900","16728351069100","694122451"
"2012/10/25","24300","300","1.25","24150","24800","24050","7780836","190241819750","16867175559300","694122451"
"2012/10/24","24000","950","4.12","23500","24150","23350","8709303","207780015850","16658938824000","694122451"
"2012/10/23","23050","-350","-1.50","23400","23700","23050","2851721","66655080500","15999522495550","694122451"
"2012/10/22","23400","100","0.43","22700","23450","22650","2573262","59119223150","16242465353400","694122451"
"2012/10/19","23300","-250","-1.06","23550","23750","23250","2646218","62127975950","16173053108300","694122451"
"2012/10/18","23550","50","0.21","23500","23650","23200","2682573","62864956300","16346583721050","694122451"
"2012/10/17","23500","650","2.84","23400","23600","23200","4594202","107652338200","16311877598500","694122451"
"2012/10/16","22850","600","2.70","22700","23050","22700","3901823","89192917250","15860698005350","694122451"
"2012/10/15","22250","-300","-1.33","22550","22700","22100","3034811","67998291500","15444224534750","694122451"
"2012/10/12","22550","-350","-1.53","22900","23000","22250","4262738","95891397300","15652461270050","694122451"
"2012/10/11","22900","-100","-0.43","22800","23100","22600","2957524","67734443950","15895404127900","694122451"
"2012/10/10","23000","-550","-2.34","23250","23300","23000","3010313","69652945500","15964816373000","694122451"
"2012/10/09","23550","-150","-0.63","23800","23900","23550","3477414","82529979150","16346583721050","694122451"
"2012/10/08","23700","450","1.94","23350","23850","23300","5661298","133858174200","16450702088700","694122451"
"2012/10/05","23250","100","0.43","23400","23600","23150","3119376","72819142500","16138346985750","694122451"
"2012/10/04","23150","650","2.89","22850","23500","22750","6192433","143702335750","16068934740650","694122451"
"2012/10/02","22500","-250","-1.10","22950","23000","22350","2858070","64747946650","15617755147500","694122451"
"2012/09/28","22750","-150","-0.66","22950","23250","22600","3873405","88551044110","15791285760250","694122451"
"2012/09/27","22900","150","0.66","22550","22950","22450","3525787","79912548500","15895404127900","694122451"
"2012/09/26","22750","-150","-0.66","22600","22950","22450","3227444","73286383350","15791285760250","694122451"
"2012/09/25","22900","-600","-2.55","23250","23350","22750","5377949","123712134400","15895404127900","694122451"
"2012/09/24","23500","-350","-1.47","23950","24000","23350","3509912","82717380600","16311877598500","694122451"
"2012/09/21","23850","-50","-0.21","24200","24250","23650","4797968","114756173350","16554820456350","694122451"
"2012/09/20","23900","400","1.70","23700","24650","23600","12250096","296192702500","16589526578900","694122451"
"2012/09/19","23500","650","2.84","22950","23650","22900","7673229","179935469950","16311877598500","694122451"
"2012/09/18","22850","-100","-0.44","22950","23300","22800","3843199","88389636200","15860698005350","694122451"
"2012/09/17","22950","0","0.00","23150","23200","22850","4248504","97823391000","15930110250450","694122451"
"2012/09/14","22950","1100","5.03","22550","23000","22350","10517447","239145550650","15930110250450","694122451"
"2012/09/13","21850","-350","-1.58","22100","22150","21800","4237233","92798255650","15166575554350","694122451"
"2012/09/12","22200","250","1.14","22200","22400","22000","3267122","72436902500","15409518412200","694122451"
"2012/09/11","21950","-300","-1.35","22150","22150","21800","3664743","80494207900","15235987799450","694122451"
"2012/09/10","22250","-250","-1.11","22350","22500","22150","4757626","106059679400","15444224534750","694122451"
"2012/09/07","22500","1600","7.66","22000","22550","21750","15221162","338033407200","15617755147500","694122451"
"2012/09/06","20900","-300","-1.42","21400","21400","20550","9041756","188482124700","14507159225900","694122451"
"2012/09/05","21200","-300","-1.40","21500","21650","21200","3826683","82092739850","14715395961200","694122451"
"2012/09/04","21500","100","0.47","21350","21800","21250","3775480","81422224400","14923632245000","694122430"
"2012/09/03","21400","200","0.94","21200","21450","20900","3518196","74747782700","14854220002000","694122430"
"2012/08/31","21200","0","0.00","20950","21400","20950","2702479","57320477850","14715395516000","694122430"
"2012/08/30","21200","-250","-1.17","21400","21450","21050","3263544","69097697600","14715395516000","694122430"
"2012/08/29","21450","150","0.70","21350","21600","21250","4295175","92011980200","14888926123500","694122430"
"2012/08/28","21300","-400","-1.84","21700","21850","21100","7433538","156948210500","14784807759000","694122430"
"2012/08/27","21700","-100","-0.46","21650","22200","21550","5324077","115911095500","15062456731000","694122430"
"2012/08/24","21800","-600","-2.68","22000","22450","21750","6175133","135872410700","15131868974000","694122430"
"2012/08/23","22400","-450","-1.97","22850","22900","22300","6340317","142701207250","15548342432000","694122430"
"2012/08/22","22850","-250","-1.08","23150","23300","22650","4582101","104798713600","15860697525500","694122430"
"2012/08/21","23100","550","2.44","22650","23350","22650","9152697","211660061350","16034228133000","694122430"
"2012/08/20","22550","50","0.22","22300","22750","22250","3278867","73834323350","15652460796500","694122430"
"2012/08/17","22500","300","1.35","22450","22650","22300","4112850","92437945950","15617754675000","694122430"
"2012/08/16","22200","-700","-3.06","22800","22950","22100","7787699","174242290700","15409517946000","694122430"
"2012/08/14","22900","200","0.88","22700","23000","22600","3662137","83495104450","15895403647000","694122430"
"2012/08/13","22700","-300","-1.30","23150","23250","22600","3415389","77813665150","15756579161000","694122430"
"2012/08/10","23000","100","0.44","22900","23050","22750","3993418","91562010050","15964815890000","694122430"
"2012/08/09","22900","150","0.66","22800","22950","22450","8196833","186365992050","15895403647000","694122430"
"2012/08/08","22750","750","3.41","22300","23000","22250","10972713","249643384050","15791285282500","694122430"
"2012/08/07","22000","250","1.15","21800","22200","21650","4757101","104727283050","15270693460000","694122430"
"2012/08/06","21750","800","3.82","21500","22000","21400","6733285","146440378350","15097162852500","694122430"
"2012/08/03","20950","-600","-2.78","21150","21250","20850","5525416","116158758900","14541864908500","694122430"
"2012/08/02","21550","50","0.23","21650","21800","21300","4816006","103484048750","14958338366500","694122430"
"2012/08/01","21500","-200","-0.92","21900","22100","21450","5633215","122694404250","14923632245000","694122430"
"2012/07/31","21700","400","1.88","21350","21900","21200","7215276","155737199350","15062456731000","694122430"
"2012/07/30","21300","150","0.71","21500","21800","21250","4916872","105871429450","14784807759000","694122430"
"2012/07/27","21150","750","3.68","20850","21250","20700","7453097","156471655100","14680689394500","694122430"
"2012/07/26","20400","0","0.00","20700","20800","20250","5976319","122284635300","14160097572000","694122430"
"2012/07/25","20400","-400","-1.92","20350","20850","20100","6280081","128869988640","14160097572000","694122430"
"2012/07/24","20800","450","2.21","20550","21150","20550","7328882","152399848550","14437746544000","694122430"
"2012/07/23","20350","-900","-4.24","20800","20850","20200","6964724","142378649800","14125391450500","694122430"
"2012/07/20","21250","850","4.17","20800","21550","20750","7870436","167048527350","14750101637500","694122430"
"2012/07/19","20400","150","0.74","20700","20800","20300","7401854","151606869500","14160097572000","694122430"
"2012/07/18","20250","-1050","-4.93","21250","21500","20150","12954262","266106928650","14055979207500","694122430"
"2012/07/17","21300","-500","-2.29","21550","21700","21250","9112719","195664497500","14784807759000","694122430"
"2012/07/16","21800","-600","-2.68","22450","22600","21750","6340054","139642689500","15131868974000","694122430"
"2012/07/13","22400","150","0.67","22250","22450","21450","6627802","146254969750","15548342432000","694122430"
"2012/07/12","22250","-700","-3.05","23000","23150","22250","5450204","122750080900","15444224067500","694122430"
"2012/07/11","22950","-750","-3.16","23450","23700","22900","5151231","119295488650","15930109768500","694122430"
"2012/07/10","23700","0","0.00","23850","23900","23500","2647193","62738404700","16450701591000","694122430"
"2012/07/09","23700","-300","-1.25","23700","23950","23550","3156411","74994350400","16450701591000","694122430"
"2012/07/06","24000","200","0.84","24000","24450","23850","4009123","96511918450","16658938320000","694122430"
"2012/07/05","23800","-250","-1.04","23950","24200","23750","2657599","63412847750","16520113834000","694122430"
"2012/07/04","24050","-250","-1.03","24400","24650","24000","3199905","77683129300","16693644441500","694122430"
"2012/07/03","24300","600","2.53","23800","24300","23800","3047839","73615629600","16867175049000","694122430"
"2012/07/02","23700","-150","-0.63","24300","24350","23700","3887302","93603923700","16450701591000","694122430"
"2012/06/29","23850","550","2.36","23050","23900","22850","4697087","110870468180","16554819955500","694122430"
"2012/06/28","23300","500","2.19","22800","23400","22800","3483226","80854865600","16173052619000","694122430"
"2012/06/27","22800","-300","-1.30","23200","23250","22600","4778045","109203352750","15825991404000","694122430"
"2012/06/26","23100","50","0.22","22950","23400","22900","4631121","107158432550","16034228133000","694122430"
"2012/06/25","23050","-1050","-4.36","24100","24350","22700","9744824","227647382350","15999522011500","694122430"
"2012/06/22","24100","-450","-1.83","24050","24350","23950","4506535","108657077850","16728350563000","694122430"
"2012/06/21","24550","-250","-1.01","24800","24950","24300","3751425","92240458000","17040705656500","694122430"
"2012/06/20","24800","950","3.98","24350","25100","24200","9176434","226275109950","17214236264000","694122430"
"2012/06/19","23850","250","1.06","23650","24000","23450","3788167","90357186800","16554819955500","694122430"
"2012/06/18","23600","200","0.85","24100","24200","23550","5037166","120113741400","16381289348000","694122430"
"2012/06/15","23400","-500","-2.09","23550","23650","23150","16156049","377100921950","16242464862000","694122430"
"2012/06/14","23900","250","1.06","23350","23950","23350","5033207","119768191400","16589526077000","694122430"
"2012/06/13","23650","100","0.42","23850","23950","23200","4669175","110329283900","16415995469500","694122430"
"2012/06/12","23550","500","2.17","22550","23850","22350","7930382","184642597600","16346583226500","694122430"
"2012/06/11","23050","1300","5.98","22400","23150","22350","6838614","156462458200","15999522011500","694122430"
"2012/06/08","21750","-800","-3.55","22450","22500","21700","5465246","119979223400","15097162852500","694122430"
"2012/06/07","22550","900","4.16","22500","22900","22450","7121619","161057677950","15652460796500","694122430"
"2012/06/05","21650","100","0.46","21800","21900","21500","5342939","115905521250","15027750609500","694122430"
"2012/06/04","21550","-1200","-5.27","21700","22150","21350","9463895","205506802250","14958338366500","694122430"
"2012/06/01","22750","-350","-1.52","23050","23250","22750","3513845","80681311550","15791285282500","694122430"
"2012/05/31","23100","-350","-1.49","23000","23200","22600","4914910","112630766250","16034218246200","694122002"
"2012/05/30","23450","0","0.00","23550","23750","23150","5137111","120575413250","16277160946900","694122002"
"2012/05/29","23450","1450","6.59","22250","23500","22200","8661422","198922051700","16277160946900","694122002"
"2012/05/25","22000","-400","-1.79","22650","22800","21800","7771291","172500516850","15270684044000","694122002"
"2012/05/24","22400","0","0.00","22450","22950","22000","6445583","144928870150","15548332844800","694122002"
"2012/05/23","22400","-1150","-4.88","23400","23400","22300","9271264","209948843350","15548332844800","694122002"
"2012/05/22","23550","150","0.64","24050","24100","23400","8273153","195561356100","16346573147100","694122002"
"2012/05/21","23400","-200","-0.85","24200","24300","23200","6240734","147737268700","16242454846800","694122002"
"2012/05/18","23600","-900","-3.67","23850","24450","23450","6982606","166942027500","16381279247200","694122002"
"2012/05/17","24500","1450","6.29","23300","24650","23050","12063990","289851529700","17005989049000","694122002"
"2012/05/16","23050","-2250","-8.89","24900","24950","22900","16239262","385667502250","15999512146100","694122002"
"2012/05/15","25300","-800","-3.07","25800","25950","24750","7122988","179639072300","17561286650600","694122002"
"2012/05/14","26100","700","2.76","25500","26200","25450","4883326","126684124250","18114143902200","694028502"
"2012/05/11","25400","-1200","-4.51","26450","26550","25300","6791152","175570920750","17628323950800","694028502"
"2012/05/10","26600","400","1.53","26100","26850","26100","4786754","127188467350","18461158153200","694028502"
"2012/05/09","26200","-450","-1.69","26450","26850","26050","6859416","180583596900","18183546752400","694028502"
"2012/05/08","26650","-600","-2.20","27450","27500","26500","6327999","169838140450","18495859578300","694028502"
"2012/05/07","27250","-900","-3.20","27750","27950","27150","5466152","150191830200","18912276679500","694028502"
"2012/05/04","28150","900","3.30","27050","28900","26800","10901418","305741812600","19536902331300","694028502"
"2012/05/03","27250","-100","-0.37","27300","27850","27150","4021667","110517738900","18912276679500","694028502"
"2012/05/02","27350","-700","-2.50","28300","28350","27100","7203804","197375573850","18981679529700","694028502"
"2012/04/30","28050","0","0.00","28050","28450","27800","3759698","105708914700","19467499481100","694028502"
"2012/04/27","28050","850","3.13","27400","28250","27350","4531018","126673630050","19467415331100","694025502"
"2012/04/26","27200","150","0.55","27500","27700","27000","4858423","132999417450","18877493654400","694025502"
"2012/04/25","27050","-200","-0.73","27600","27700","27000","4836561","131964958550","18773389829100","694025502"
"2012/04/24","27250","-550","-1.98","27500","27850","27050","4750282","129925200100","18912194929500","694025502"
"2012/04/23","27800","150","0.54","27650","28450","27600","4549672","127017581500","19293908955600","694025502"
"2012/04/20","27650","-1150","-3.99","28200","28350","27600","5649678","157715005200","19189786826000","694024840"
"2012/04/19","28800","750","2.67","27900","29000","27500","6179883","174759528350","19987915392000","694024840"
"2012/04/18","28050","-250","-0.88","28850","28950","28050","5482631","155450509650","19467396762000","694024840"
"2012/04/17","28300","-950","-3.25","29200","29250","28250","4670489","133745769450","19640902972000","694024840"
"2012/04/16","29250","250","0.86","28700","29450","28550","4160701","121328204500","20300226570000","694024840"
"2012/04/13","29000","1800","6.62","27750","29050","27650","6983362","199076221600","20126720360000","694024840"
"2012/04/12","27200","-550","-1.98","27800","27850","26850","5583246","151551562300","18877475648000","694024840"
"2012/04/10","27750","-300","-1.07","28050","28350","27350","5098219","141918062950","19259189310000","694024840"
"2012/04/09","28050","-1200","-4.10","28800","29350","27900","5568643","158203613100","19467396762000","694024840"
"2012/04/06","29250","-600","-2.01","29700","29900","29250","3184217","93901428450","20300226570000","694024840"
"2012/04/05","29850","450","1.53","28750","30050","28300","8899496","259336664250","20716628698200","694024412"
"2012/04/04","29400","-900","-2.97","30250","30350","29350","4413819","131046236050","20404317712800","694024412"
"2012/04/03","30300","950","3.24","29550","30400","29350","6693182","200568259500","21028939683600","694024412"
"2012/04/02","29350","100","0.34","29150","29550","29100","4727837","138653688100","20369616492200","694024412"
"2012/03/30","29250","-1250","-4.10","30400","30450","29100","9809386","290150439500","20300214051000","694024412"
"2012/03/29","30500","-50","-0.16","30350","30900","30350","5114998","155937929900","21167744566000","694024412"
"2012/03/28","30550","100","0.33","30200","30950","30150","4918214","150646676100","21202445786600","694024412"
"2012/03/27","30450","150","0.50","30450","30700","30050","5718097","173729359250","21133043345400","694024412"
"2012/03/26","30300","150","0.50","30250","30650","30050","6658186","202414024450","21028939683600","694024412"
"2012/03/23","30150","800","2.73","29100","30250","29050","6294185","187076121700","20924836021800","694024412"
"2012/03/22","29350","450","1.56","29050","29600","29050","4117144","120978175300","20369616492200","694024412"
"2012/03/21","28900","-250","-0.86","28950","29300","28850","2626551","76210754550","20057305506800","694024412"
"2012/03/20","29150","-150","-0.51","29350","29600","29050","3873987","113638718150","20230811609800","694024412"
"2012/03/19","29300","500","1.74","28700","29300","28700","4885898","141992557800","20334915271600","694024412"
"2012/03/16","28800","-450","-1.54","29350","29450","28750","3696225","106838520000","19987902950400","694024408"
"2012/03/15","29250","-350","-1.18","29500","29600","28950","4849707","141379525750","20300213934000","694024408"
"2012/03/14","29600","300","1.02","29900","30200","29600","4906654","146389866900","20543122476800","694024408"
"2012/03/13","29300","-300","-1.01","29750","29900","29200","5055287","148576037950","20334915154400","694024408"
"2012/03/12","29600","-200","-0.67","30000","30050","29400","2568440","76145291550","20543122476800","694024408"
"2012/03/09","29800","50","0.17","30000","30150","29700","3565512","106749642950","20681927358400","694024408"
"2012/03/08","29750","650","2.23","29400","29950","29200","4741781","140589156650","20647226138000","694024408"
"2012/03/07","29100","-300","-1.02","28800","29200","28700","5359769","155460269650","20196110272800","694024408"
"2012/03/06","29400","-650","-2.16","29900","30000","29250","5967675","174424148050","20404317595200","694024408"
"2012/03/05","30050","-400","-1.31","30600","30600","29900","3839128","115695010850","20855433460400","694024408"
"2012/03/02","30450","250","0.83","30350","30450","29700","7961280","239677614500","21133043223600","694024408"
"2012/02/29","30200","350","1.17","30350","30750","30100","9345314","283931260900","20959475694800","694022374"
"2012/02/28","29850","1900","6.80","29800","30150","29500","20808560","621136180900","20716567863900","694022374"
"2012/02/27","27950","-900","-3.12","28800","28850","27800","5153509","145612321800","19397925353300","694022374"
"2012/02/24","28850","0","0.00","28400","28950","27750","7997699","227288002300","20022545489900","694022374"
"2012/02/23","28850","-150","-0.52","28850","29200","28700","5192308","150103403150","20022545489900","694022374"
"2012/02/22","29000","700","2.47","28300","29000","28150","4712997","134862743050","17172998846000","592172374"
"2012/02/21","28300","0","0.00","28200","29000","28100","5840835","166276854350","16758478184200","592172374"
"2012/02/20","28300","-550","-1.91","29050","29100","28200","5753690","164426912750","16758478184200","592172374"
"2012/02/17","28850","150","0.52","29250","29550","28700","8465777","246414764050","17084172989900","592172374"
"2012/02/16","28700","-300","-1.03","28800","29400","28600","9961359","288344590700","16995347133800","592172374"
"2012/02/15","29000","1450","5.26","29150","29450","28600","20697390","601412645250","17172998846000","592172374"
"2012/02/14","27550","700","2.61","26850","27550","26650","6615913","180403556850","16314348325150","592172353"
"2012/02/13","26850","-150","-0.56","27300","27400","26700","4941208","133337529050","15899827678050","592172353"
"2012/02/10","27000","-50","-0.18","27000","27300","26750","5751848","155666243200","15988653531000","592172353"
"2012/02/09","27050","550","2.08","26450","27150","26300","7705120","206739055950","16018262148650","592172353"
"2012/02/08","26500","1100","4.33","25700","26600","25250","8751100","228349435900","15692546923000","592171582"
"2012/02/07","25400","-700","-2.68","26000","26250","25200","9405339","239863096300","15041158182800","592171582"
"2012/02/06","26100","-200","-0.76","26550","26550","25900","7061764","184948123300","15455678290200","592171582"
"2012/02/03","26300","-1000","-3.66","26700","27200","26200","11299302","299343629750","15574112606600","592171582"
"2012/02/02","27300","100","0.37","27750","27750","26100","15281596","414251704400","16166284188600","592171582"
"2012/02/01","27200","350","1.30","26850","27200","26600","5595741","151139210200","16107067030400","592171582"
"2012/01/31","26850","600","2.29","26350","27100","26200","6048223","161828045900","15899806976700","592171582"
"2012/01/30","26250","250","0.96","25900","26750","25850","7982762","210395690300","15544504027500","592171582"
"2012/01/27","26000","-1050","-3.88","26850","27000","25900","12062057","316137237850","15396461132000","592171582"
"2012/01/26","27050","-400","-1.46","27450","27450","26650","9028099","243196482750","16018241293100","592171582"
"2012/01/25","27450","500","1.86","27000","28000","26900","8693588","239277405800","16255109925900","592171582"
"2012/01/20","26950","650","2.47","26600","27150","26200","8726770","233096455290","15959024134900","592171582"
"2012/01/19","26300","1050","4.16","25800","26500","25600","8987450","235086820800","15574112606600","592171582"
"2012/01/18","25250","-300","-1.17","25500","25800","25050","4764455","121056882800","14952332445500","592171582"
"2012/01/17","25550","150","0.59","25650","25800","25200","5982819","152485173700","15129983920100","592171582"
"2012/01/16","25400","250","0.99","25050","25600","24900","6341825","160201188250","15041158182800","592171582"
"2012/01/13","25150","1000","4.14","24350","25150","24300","7993006","198994412800","14893115287300","592171582"
"2012/01/12","24150","-100","-0.41","24200","24350","23850","3566256","85841315300","14300943705300","592171582"
"2012/01/11","24250","-100","-0.41","24400","24700","24100","4747105","116040623150","14360160863500","592171582"
"2012/01/10","24350","500","2.10","24050","24350","23850","4596542","111152994550","14419378021700","592171582"
"2012/01/09","23850","-550","-2.25","24550","24600","23800","5191657","125459986530","14123292230700","592171582"
"2012/01/06","24400","400","1.67","24450","24550","24050","7633067","185849180960","14448986600800","592171582"
"2012/01/05","24000","150","0.63","23900","24550","23700","5948158","143730446450","14212117968000","592171582"
"2012/01/04","23850","200","0.85","23850","24350","23650","9643808","231478413250","14123292230700","592171582"
"2012/01/03","23650","200","0.85","23700","23850","23350","7239708","171209173850","14004857914300","592171582"
"2012/01/02","23450","1500","6.83","22700","23500","22600","12170153","281873015800","13886423597900","592171582"
"2011/12/29","21950","800","3.78","21000","22000","20950","5006606","108946539400","12998166224900","592171582"
"2011/12/28","21150","50","0.24","21000","21300","20950","2688208","56857760100","12524428959300","592171582"
"2011/12/27","21100","-500","-2.31","21650","21850","21100","3986592","85494714400","12494820380200","592171582"
"2011/12/26","21600","-100","-0.46","21900","21900","21450","2297003","49603943750","12790906171200","592171582"
"2011/12/23","21700","550","2.60","21850","22100","21650","6167013","134785283200","12850123329400","592171582"
"2011/12/22","21150","-200","-0.94","21100","21350","20800","5151591","108270790000","12524428959300","592171582"
"2011/12/21","21350","600","2.89","21400","21500","21200","5626938","120035463800","12642863275700","592171582"
"2011/12/20","20750","-100","-0.48","21000","21250","20450","5391267","112054018800","12287560326500","592171582"
"2011/12/19","20850","-1300","-5.87","21800","21950","19750","9392801","197643500450","12346777484700","592171582"
"2011/12/16","22150","-600","-2.64","23000","23000","21900","6809614","151835118650","13116600541300","592171582"
"2011/12/15","22750","-100","-0.44","22600","23150","22400","6873946","157068489350","13471903490500","592171582"
"2011/12/14","22850","200","0.88","22800","23100","22550","6515855","148723854100","13531120648700","592171582"
"2011/12/13","22650","400","1.80","22000","23000","21650","9293904","207724915190","13412686332300","592171582"
"2011/12/12","22250","850","3.97","21800","22400","21650","6319715","138893560700","13175817699500","592171582"
"2011/12/09","21400","-650","-2.95","21700","21700","21300","6988929","150059281450","12672471854800","592171582"
"2011/12/08","22050","-350","-1.56","22400","22400","21800","6537903","144255193250","13057383383100","592171582"
"2011/12/07","22400","-350","-1.54","22850","22950","22200","8899221","199741703500","13264643436800","592171582"
"2011/12/06","22750","-500","-2.15","23100","23150","22700","3593535","82170877650","13471903490500","592171582"
"2011/12/05","23250","150","0.65","23200","23350","22750","4785846","110338885150","13767989281500","592171582"
"2011/12/02","23100","-350","-1.49","23300","23600","22850","6314973","145933525500","13679163544200","592171582"
"2011/12/01","23450","500","2.18","23950","24050","23350","9146677","216503889800","13886423597900","592171582"
"2011/11/30","22950","-450","-1.92","23200","23400","22900","5239801","120903287200","13590337806900","592171582"
"2011/11/29","23400","100","0.43","23300","23550","22950","10290437","239537676850","13856815018800","592171582"
"2011/11/28","23300","1550","7.13","22400","23300","22200","9848049","225754814400","13797597860600","592171582"
"2011/11/25","21750","-400","-1.81","22000","22300","21550","4433721","97153628000","12879731908500","592171582"
"2011/11/24","22150","300","1.37","21700","22400","21200","6265997","137362632500","13116600541300","592171582"
"2011/11/23","21850","-1400","-6.02","23150","23200","21800","10010655","223343188700","12938949066700","592171582"
"2011/11/22","23250","350","1.53","22650","23350","22600","5995517","138191211850","13767989281500","592171582"
"2011/11/21","22900","-400","-1.72","23050","23150","22600","5390048","123453769700","13560729227800","592171582"
"2011/11/18","23300","100","0.43","22800","23400","22700","7377636","170469620500","13797597860600","592171582"
"2011/11/17","23200","850","3.80","23400","23600","22700","13550780","312392574500","13738380702400","592171582"
"2011/11/16","22350","300","1.36","22250","22950","22100","9867606","221810876600","13235034857700","592171582"
"2011/11/15","22050","-250","-1.12","22200","22700","22000","7045165","157345966100","13057383383100","592171582"
"2011/11/14","22300","750","3.48","22100","22900","22000","10805252","242564455300","13205426278600","592171582"
"2011/11/11","21550","50","0.23","22350","22600","21550","14421635","316686180750","12761297592100","592171582"
"2011/11/10","21500","-550","-2.49","21200","22550","20650","23467154","504582370000","12731689013000","592171582"
"2011/11/09","22050","-950","-4.13","22400","23050","21800","22772116","504954163950","13057383383100","592171582"
"2011/11/08","23000","-1100","-4.56","24050","24100","23000","12005275","280380743900","13619946386000","592171582"
"2011/11/07","24100","-750","-3.02","24900","24950","23900","8088193","197256604250","14271335126200","592171582"
"2011/11/04","24850","1550","6.65","24000","24850","23900","9642217","236519579050","14715463812700","592171582"
"2011/11/03","23300","-700","-2.92","24100","24100","23250","5682575","134557634600","13797597860600","592171582"
"2011/11/02","24000","100","0.42","23400","24200","23200","8021546","191096867550","14212117968000","592171582"
"2011/11/01","23900","1050","4.60","22500","24150","22500","10593299","250973162500","14152900809800","592171582"
"2011/10/31","22850","-50","-0.22","22950","23550","22800","5395050","124447421050","13531120648700","592171582"
"2011/10/28","22900","-900","-3.78","24200","24450","22850","11200673","263912698300","13560729227800","592171582"
"2011/10/27","23800","-350","-1.45","23800","24300","23400","9196704","219016763650","14093683651600","592171582"
"2011/10/26","24150","500","2.11","23400","24150","23300","5774628","137539322600","14300943705300","592171582"
"2011/10/25","23650","-250","-1.05","24050","24200","23600","5652614","134827259750","14004857914300","592171582"
"2011/10/24","23900","700","3.02","23250","24150","22850","12451097","295821133700","14152900809800","592171582"
"2011/10/21","23200","2150","10.21","21600","23200","21250","17938542","404707125400","13738380702400","592171582"
"2011/10/20","21050","-700","-3.22","21550","22550","21050","10252965","224816438750","12465211801100","592171582"
"2011/10/19","21750","-50","-0.23","22000","22100","21200","7150548","154040006050","12879731908500","592171582"
"2011/10/18","21800","-150","-0.68","21500","21850","21300","4354331","94198134000","12909340487600","592171582"
"2011/10/17","21950","0","0.00","22350","22400","21900","5211940","115062380050","12998166224900","592171582"
"2011/10/14","21950","100","0.46","21800","22100","21650","4605910","100944680700","12998166224900","592171582"
"2011/10/13","21850","-700","-3.10","22700","22850","21750","9543524","210793165550","12938949066700","592171582"
"2011/10/12","22550","300","1.35","22150","22550","22050","5880365","130885189500","13353469174100","592171582"
"2011/10/11","22250","300","1.37","22650","22700","22200","8212865","184112928600","13175817699500","592171582"
"2011/10/10","21950","450","2.09","21550","22100","21550","7029961","153871564150","12998166224900","592171582"
"2011/10/07","21500","300","1.42","22050","22100","21350","9115213","197744998200","12731689013000","592171582"
"2011/10/06","21200","1200","6.00","20850","22000","20750","14245183","305260049100","12554037538400","592171582"
"2011/10/05","20000","-700","-3.38","21050","21400","20000","11287269","234416074050","11843431640000","592171582"
"2011/10/04","20700","-650","-3.04","20000","20700","19850","10959265","220904132250","12257951747400","592171582"
"2011/09/30","21350","-500","-2.29","21500","21900","21050","9401314","201591534500","12642863275700","592171582"
"2011/09/29","21850","1300","6.33","20450","21850","20350","9542657","203010293050","12938949066700","592171582"
"2011/09/28","20550","-700","-3.29","21450","21500","20550","8811547","185172905550","12169126010100","592171582"
"2011/09/27","21250","1300","6.52","20900","21250","20650","9665974","202678208390","12583646117500","592171582"
"2011/09/26","19950","-300","-1.48","20950","21050","19750","14403585","293527714100","11813823060900","592171582"
"2011/09/23","20250","-1300","-6.03","20750","21350","20200","13178942","273659308200","11991474535500","592171582"
"2011/09/22","21550","-50","-0.23","21000","21750","20950","9640910","206335206450","12761297592100","592171582"
"2011/09/21","21600","-50","-0.23","21850","22300","21550","9936965","218219394700","12790906171200","592171582"
"2011/09/20","21650","650","3.10","20500","21850","20200","14858543","314602669250","12820514750300","592171582"
"2011/09/19","21000","-900","-4.11","21500","22150","20850","11980863","256657578250","12435603222000","592171582"
"2011/09/16","21900","800","3.79","21250","22000","20850","20343850","434611870250","12968557645800","592171582"
"2011/09/15","21100","1250","6.30","21150","21400","20500","20491884","429222681500","12494820380200","592171582"
"2011/09/14","19850","-50","-0.25","20550","21150","19850","18966529","388554547600","11754605902700","592171582"
"2011/09/09","19900","600","3.11","19800","21300","19600","29359964","596653527100","11784214481800","592171582"
"2011/09/08","19300","-200","-1.03","19900","19900","18800","17096701","332969923550","11428911532600","592171582"
"2011/09/07","19500","2500","14.71","17600","19550","17500","15678828","290468977950","11547345849000","592171582"
"2011/09/06","17000","-550","-3.13","16950","17500","16550","11397318","193968910550","10066916894000","592171582"
"2011/09/05","17550","-1550","-8.12","18550","18600","17550","9483784","171643312850","10392611264100","592171582"
"2011/09/02","19100","-100","-0.52","19200","19650","18900","8025667","154033351450","11310477216200","592171582"
"2011/09/01","19200","100","0.52","19300","20100","19150","16845832","331928860200","11369694374400","592171582"
"2011/08/31","19100","100","0.53","18800","19150","18150","13460683","251980057400","11310477216200","592171582"
"2011/08/30","19000","-450","-2.31","19900","20250","19000","16532870","321898156100","11251260058000","592171582"
"2011/08/29","19450","1500","8.36","18550","19600","18350","17545626","334040821250","11517737269900","592171582"
"2011/08/26","17950","650","3.76","17050","17950","16950","14558460","257039616350","10629479896900","592171582"
"2011/08/25","17300","1050","6.46","16900","17700","16700","20187641","348195264400","10244568368600","592171582"
"2011/08/24","16250","-800","-4.69","17200","17550","15900","21395980","354286769400","9622788207500","592171582"
"2011/08/23","17050","1300","8.25","16200","17050","16000","21553936","356950430000","10096525473100","592171582"
"2011/08/22","15750","150","0.96","15800","16300","15500","18277535","291355349750","9326702416500","592171582"
"2011/08/19","15600","-1600","-9.30","16200","16600","15550","23890629","382927134350","9237876679200","592171582"
"2011/08/18","17200","-2400","-12.24","19450","19750","17200","35616692","642617817100","10185351210400","592171582"
"2011/08/17","19600","-900","-4.39","20250","20650","19600","13712538","272794462900","11606563007200","592171582"
"2011/08/16","20500","750","3.80","20400","20700","20250","8624717","176585416800","12139517431000","592171582"
"2011/08/12","19750","-2100","-9.61","21200","21650","19750","26788209","552606197350","11695388744500","592171582"
"2011/08/11","21850","850","4.05","19900","21900","19900","13323654","280765659450","12938949066700","592171582"
"2011/08/10","21000","800","3.96","21550","21600","20850","15212209","322644344800","12435603222000","592171582"
"2011/08/09","20200","-1650","-7.55","21000","21200","19250","23001206","466773323300","11961865956400","592171582"
"2011/08/08","21850","-1700","-7.22","23200","23650","20700","17609715","392629929100","12938949066700","592171582"
"2011/08/05","23550","-550","-2.28","22850","23650","22500","12438185","288214404700","13945640756100","592171582"
"2011/08/04","24100","-200","-0.82","24800","25300","23850","11149944","275645578150","14271335126200","592171582"
"2011/08/03","24300","-1150","-4.52","25000","25050","24200","10595808","260724423500","14389769442600","592171582"
"2011/08/02","25450","-100","-0.39","25100","25950","24900","11462084","290688411300","15070766761900","592171582"
"2011/08/01","25550","1300","5.36","24700","25600","24400","10275261","257869813300","15129983920100","592171582"
"2011/07/29","24250","700","2.97","23900","24700","23850","15569978","379970317500","14360160863500","592171582"
"2011/07/28","23550","-250","-1.05","23150","23750","23100","5742429","134333468800","13945640756100","592171582"
"2011/07/27","23800","-700","-2.86","24300","24350","23650","7997090","191161763750","14093683651600","592171582"
"2011/07/26","24500","600","2.51","24150","24550","23750","7505839","181140238600","14508203759000","592171582"
"2011/07/25","23900","150","0.63","23650","24300","23500","6812398","163660717750","14152900809800","592171582"
"2011/07/22","23750","100","0.42","24000","24100","23550","7369926","175142749200","14064075072500","592171582"
"2011/07/21","23650","-550","-2.27","24500","24700","23500","9223301","221582428600","14004857914300","592171582"
"2011/07/20","24200","850","3.64","24200","24400","23900","10030134","242680761650","14330552284400","592171582"
"2011/07/19","23350","400","1.74","22950","23750","22950","10298790","241122068500","13827206439700","592171582"
"2011/07/18","22950","-1050","-4.38","23650","23850","22900","11775269","272945396800","13590337806900","592171582"
"2011/07/15","24000","300","1.27","23600","24400","23600","9378791","224546682450","14212117968000","592171582"
"2011/07/14","23700","-600","-2.47","24500","24750","23400","14730395","353678455650","14034466493400","592171582"
"2011/07/13","24300","-1050","-4.14","25250","25250","24050","17203663","420270263650","14389769442600","592171582"
"2011/07/12","25350","-1100","-4.16","25850","26150","25300","8802917","224914752750","15011549603700","592171582"
"2011/07/11","26450","-150","-0.56","26650","26850","26400","4936683","131257150350","15662938343900","592171582"
"2011/07/08","26600","200","0.76","26900","27350","26550","10495898","282290849800","15751764081200","592171582"
"2011/07/07","26400","-100","-0.38","27100","27200","26350","8763541","232755946950","15633329764800","592171582"
"2011/07/06","26500","-1500","-5.36","27700","27900","25800","18889817","502186348950","15692546923000","592171582"
"2011/07/05","28000","1050","3.90","27400","28150","27200","12594246","349821455760","16580804296000","592171582"
"2011/07/04","26950","250","0.94","27300","27700","26650","13215741","360866526450","15959024134900","592171582"
"2011/07/01","26700","1650","6.59","25600","26750","25500","13345738","350071485200","15810981239400","592171582"
"2011/06/30","25050","-500","-1.96","25250","25550","24900","8432185","212239821550","14833898129100","592171582"
"2011/06/29","25550","0","0.00","25750","26100","24900","12290225","311733803450","15129983920100","592171582"
"2011/06/28","25550","-1150","-4.31","26700","26750","25400","13451515","348843633150","15129983920100","592171582"
"2011/06/27","26700","-1200","-4.30","27350","27400","26550","9559487","256338301250","15810981239400","592171582"
"2011/06/24","27900","1550","5.88","26400","27900","26350","9898892","271337429250","16521067863000","592152970"
"2011/06/23","26350","250","0.96","26200","26750","26100","4236692","112335594500","15603230759500","592152970"
"2011/06/22","26100","200","0.77","26600","27150","26100","8915253","238114646750","15455192517000","592152970"
"2011/06/21","25900","700","2.78","25550","26200","24950","8505024","216904510150","15336761923000","592152970"
"2011/06/20","25200","550","2.23","24800","25600","24400","8219371","207278307500","14922254844000","592152970"
"2011/06/17","24650","-1600","-6.10","26400","26450","24100","20477438","506498345100","14596570710500","592152970"
"2011/06/16","26250","-700","-2.60","26650","26850","26200","4599234","121629923350","15544015462500","592152970"
"2011/06/15","26950","300","1.13","26850","27650","26800","6872322","186978713200","15958522541500","592152970"
"2011/06/14","26650","300","1.14","26250","26800","26200","6514032","173265343700","15780876650500","592152970"
"2011/06/13","26350","-350","-1.31","26600","27150","25900","8790991","233593296850","15603230759500","592152970"
"2011/06/10","26700","-2000","-6.97","28600","28700","26350","24177110","656727084650","15810484299000","592152970"
"2011/06/09","28700","-200","-0.69","29200","29250","28350","9415804","269728067200","16994790239000","592152970"
"2011/06/08","28900","300","1.05","28900","29350","28600","12557220","364093061800","17113220833000","592152970"
"2011/06/07","28600","950","3.44","27300","28800","27300","9191909","259017838910","16935574942000","592152970"
"2011/06/03","27650","100","0.36","27850","28100","27150","9838831","271618616650","16373029620500","592152970"
"2011/06/02","27550","-850","-2.99","27650","28250","27300","18003988","498887822500","16313814323500","592152970"
"2011/06/01","28400","-1700","-5.65","30100","30100","28150","22119286","637197462000","16817144348000","592152970"
"2011/05/31","30100","600","2.03","29200","30100","29050","11913318","353402892150","17823804397000","592152970"
"2011/05/30","29500","-1800","-5.75","31400","31500","29200","15176513","451970949450","17468512615000","592152970"
"2011/05/27","31300","200","0.64","31200","31600","30900","4797661","149907982800","18533442137600","592122752"
"2011/05/26","31100","1100","3.67","30500","31250","30350","5070024","156440102600","18415017587200","592122752"
"2011/05/25","30000","-1250","-4.00","31350","31600","29800","7212000","219755208700","17763682560000","592122752"
"2011/05/24","31250","400","1.30","30800","31450","30550","5647670","175551106600","18503836000000","592122752"
"2011/05/23","30850","-1350","-4.19","31950","32450","30850","6564960","206071803950","18266768728000","592115680"
"2011/05/20","32200","650","2.06","31750","32350","31700","5057674","162270209010","19066124896000","592115680"
"2011/05/19","31550","-1250","-3.81","32950","33350","31350","8302142","268145590150","18681249704000","592115680"
"2011/05/18","32800","-300","-0.91","33100","33350","32500","9103458","298538085200","19421286424800","592112391"
"2011/05/17","33100","-1300","-3.78","34150","34250","33100","8007576","268392931650","19598920142100","592112391"
"2011/05/16","34400","-100","-0.29","35000","35200","34100","5275126","182308055450","20368666250400","592112391"
"2011/05/13","34500","750","2.22","34600","34850","34400","6713597","232509606150","20427877489500","592112391"
"2011/05/12","33750","50","0.15","33450","34300","33300","6600699","224217117350","19954337208750","591239621"
"2011/05/11","33700","400","1.20","33700","34200","33600","6207767","210223257530","19924775227700","591239621"
"2011/05/09","33300","800","2.46","33000","33550","32750","5968611","198192576450","19688279379300","591239621"
"2011/05/06","32500","50","0.15","31900","32850","31700","7867052","255458003650","19215287682500","591239621"
"2011/05/04","32450","-2000","-5.81","34150","34200","32450","13763373","455937171800","19171099934800","590788904"
"2011/05/03","34450","-150","-0.43","34450","34700","33700","7224077","246212513300","20352677742800","590788904"
"2011/05/02","34600","800","2.37","33600","34600","33600","5524897","189465652000","20441296078400","590788904"
"2011/04/29","33800","-550","-1.60","34200","34300","32850","11392768","381727162600","19968664955200","590788904"
"2011/04/28","34350","450","1.33","34600","35050","34050","10388984","360150221750","20293598852400","590788904"
"2011/04/27","33900","-850","-2.45","35100","35500","33450","18014715","614748632300","20027743845600","590788904"
"2011/04/26","34750","-1700","-4.66","36750","37200","34700","19001814","673577269950","20529914414000","590788904"
"2011/04/25","36450","-150","-0.41","36450","37000","36200","5529488","201707955250","21534216221250","590787825"
"2011/04/22","36600","-400","-1.08","36700","37400","36200","10270340","376875389150","21622834395000","590787825"
"2011/04/21","37000","2700","7.87","35300","37200","35100","19357750","702026813750","21859149525000","590787825"
"2011/04/20","34300","1500","4.57","33600","34500","33250","8432079","287343368100","20263988200400","590786828"
"2011/04/19","32800","-1000","-2.96","33400","33750","32750","8866655","293389460300","19377807958400","590786828"
"2011/04/18","33800","-350","-1.02","34000","34450","33500","7218572","245175053050","19968594786400","590786828"
"2011/04/15","34150","400","1.19","33700","34200","33600","7233661","245429099400","20175370176200","590786828"
"2011/04/14","33750","1400","4.33","32650","33800","32500","12934539","432237139550","19936494191250","590710939"
"2011/04/13","32350","650","2.05","31700","32400","31600","6193410","198489501450","19109498876650","590710939"
"2011/04/12","31700","-100","-0.31","32000","32600","31600","6421672","206097786250","18725536766300","590710939"
"2011/04/11","31800","500","1.60","31500","32150","31500","6076949","193691418350","18784607860200","590710939"
"2011/04/08","31300","-700","-2.19","31800","31850","31150","10084204","316778067800","18489252390700","590710939"
"2011/04/07","32000","-500","-1.54","32800","32900","31850","7097712","228527871150","18889032640000","590282270"
"2011/04/06","32500","50","0.15","32700","33000","32350","8509539","277828642050","19184173775000","590282270"
"2011/04/05","32450","650","2.04","32250","32700","32150","8775396","285158186250","19154659661500","590282270"
"2011/04/04","31800","200","0.63","30850","31800","30550","12046547","374954380800","18770976186000","590282270"
"2011/04/01","31600","300","0.96","31350","31700","30850","6802701","213066040750","18652919732000","590282270"
"2011/03/31","31300","-250","-0.79","31700","31900","31000","7670699","240102959200","18475835051000","590282270"
"2011/03/30","31550","550","1.77","31100","31950","31000","11906300","376584227900","18623405618500","590282270"
"2011/03/29","31000","100","0.32","30800","31350","30700","8533855","264362297600","18298728360000","590281560"
"2011/03/28","30900","1000","3.34","29950","30950","29800","14875481","454946215900","18239700204000","590281560"
"2011/03/25","29900","800","2.75","30100","30150","29600","12041899","359914752500","17649418644000","590281560"
"2011/03/24","29100","50","0.17","29150","29600","29100","9140284","267899368550","17177193396000","590281560"
"2011/03/23","29050","1200","4.31","28200","29100","27850","11112405","316586702900","17147679318000","590281560"
"2011/03/22","27850","-650","-2.28","28750","28950","27800","11574524","327242174800","16439341446000","590281560"
"2011/03/21","28500","-50","-0.18","28550","28850","28000","11015422","312625821650","16823024460000","590281560"
"2011/03/18","28550","-400","-1.38","29050","29200","28550","8317816","239118033600","16852538538000","590281560"
"2011/03/17","28950","-250","-0.86","28400","28950","28200","10815775","309347797200","17088651162000","590281560"
"2011/03/16","29200","500","1.74","29400","29600","28800","10333677","302059625850","17236221552000","590281560"
"2011/03/15","28700","-1400","-4.65","29700","29800","27450","22932891","661859452400","16941080772000","590281560"
"2011/03/14","30100","2400","8.66","29100","30150","28300","22881687","667520387750","17767474956000","590281560"
"2011/03/11","27700","0","0.00","27200","28050","27150","5850959","162072212550","16350799212000","590281560"
"2011/03/10","27700","-700","-2.46","28000","28100","27550","9118115","253318371800","16350799212000","590281560"
"2011/03/09","28400","-250","-0.87","28650","28950","28300","5641431","160947509500","16763996304000","590281560"
"2011/03/08","28650","-250","-0.87","28500","28800","27900","8140323","230838148850","16911566694000","590281560"
"2011/03/07","28900","-300","-1.03","29200","29400","28750","4206440","122011471200","17059137084000","590281560"
"2011/03/04","29200","750","2.64","29000","29550","28800","6744388","197224130850","17236221552000","590281560"
"2011/03/03","28450","900","3.27","27950","28600","27850","4337686","122647486350","16793510382000","590281560"
"2011/03/02","27550","-800","-2.82","27900","28200","27350","4652449","129250390200","16262173749450","590278539"
"2011/02/28","28350","350","1.25","28000","28400","27900","5304614","149732386500","16734396580650","590278539"
"2011/02/25","28000","1100","4.09","27450","28050","27350","7918505","219844008750","16527799092000","590278539"
"2011/02/24","26900","-700","-2.54","27200","27350","26600","10782089","290442362950","15878441777400","590276646"
"2011/02/23","27600","-1200","-4.17","28600","28700","27400","11843278","330547649850","16291635429600","590276646"
"2011/02/22","28800","0","0.00","28400","28950","28150","5917754","169421186300","16999967404800","590276646"
"2011/02/21","28800","-600","-2.04","29400","29500","28750","5147091","149208956100","16999967404800","590276646"
"2011/02/18","29400","300","1.03","29350","29500","29000","4481286","131328446100","17354133392400","590276646"
"2011/02/17","29100","-100","-0.34","29550","29700","28800","5876031","171566943400","17177050398600","590276646"
"2011/02/16","29200","-550","-1.85","29650","29950","29150","4811721","142019967050","17236078063200","590276646"
"2011/02/15","29750","50","0.17","29750","29800","29200","4609849","136257083050","17560730218500","590276646"
"2011/02/14","29700","900","3.13","29200","29700","28950","5954589","175145654650","17531216386200","590276646"
"2011/02/11","28800","0","0.00","28700","29700","28700","8298076","241816547700","16999967404800","590276646"
"2011/02/10","28800","-750","-2.54","29450","29900","28800","8468961","247695007300","16999967404800","590276646"
"2011/02/09","29550","-600","-1.99","30200","30300","29400","6956946","207075444700","17442674889300","590276646"
"2011/02/08","30150","450","1.52","29700","30300","29100","9801975","290602486650","17796840876900","590276646"
"2011/02/07","29700","50","0.17","30300","30700","29500","9679798","292398062750","17531216386200","590276646"
"2011/02/01","29650","0","0.00","29800","30350","29200","9606594","286073669200","17501702553900","590276646"
"2011/01/31","29650","150","0.51","29400","30200","29300","12114107","361197019100","17501699826100","590276554"
"2011/01/28","29500","1500","5.36","29250","29500","28900","19314590","565058306750","17413158343000","590276554"
"2011/01/27","28000","-200","-0.71","28600","28700","27900","6841459","192937034850","16527743512000","590276554"
"2011/01/26","28200","800","2.92","27650","28300","27400","7873016","220328833900","16645798822800","590276554"
"2011/01/25","27400","-950","-3.35","28700","28800","27300","10865239","302348147200","16173577579600","590276554"
"2011/01/24","28350","250","0.89","28250","28650","28000","8014756","226648771500","16734340305900","590276554"
"2011/01/21","28100","-100","-0.35","28150","28450","27700","7630162","213944376000","16586771167400","590276554"
"2011/01/20","28200","350","1.26","27650","28200","27600","6930500","194101383670","16645798822800","590276554"
"2011/01/19","27850","200","0.72","28050","28400","27600","8666295","241490274300","16439202028900","590276554"
"2011/01/18","27650","750","2.79","26850","28100","26800","15637718","434987095650","16321146718100","590276554"
"2011/01/17","26900","-350","-1.28","27350","27450","26900","6204899","168482859950","15878439302600","590276554"
"2011/01/14","27250","0","0.00","27300","27450","26750","8859686","240274886000","16085036096500","590276554"
"2011/01/13","27250","900","3.42","27000","27600","26850","19311300","525987699500","16085036096500","590276554"
"2011/01/12","26350","950","3.74","25600","26550","25550","16029780","422261839350","15553787197900","590276554"
"2011/01/11","25400","100","0.40","25500","25650","25100","6904019","175507268200","14993024471600","590276554"
"2011/01/10","25300","-800","-3.07","26000","26050","25300","9601918","245214438500","14933996816200","590276554"
"2011/01/07","26100","0","0.00","26100","26450","25700","7024336","182623542150","15406218059400","590276554"
"2011/01/06","26100","200","0.77","26250","26600","25800","14287171","374739199300","15406218059400","590276554"
"2011/01/05","25900","300","1.17","25450","26300","25200","14139328","366205831350","15288162748600","590276554"
"2011/01/04","25600","300","1.19","25400","25600","25050","10931161","277888310800","15111079782400","590276554"
"2011/01/03","25300","1300","5.42","25000","25300","24800","15107759","379316073500","14933996816200","590276554"
"2010/12/30","24000","-250","-1.03","24300","24500","23900","5687987","137178981200","14166637296000","590276554"
"2010/12/29","24250","300","1.25","24200","24400","24050","5395331","130657064450","14314206434500","590276554"
"2010/12/28","23950","850","3.68","23250","24250","23250","11941653","285116831900","14137123468300","590276554"
"2010/12/27","23100","-50","-0.22","22900","23350","22900","3579168","82804166050","13635388397400","590276554"
"2010/12/24","23150","-150","-0.64","23400","23800","23050","5647373","131997415800","13664902225100","590276554"
"2010/12/23","23300","0","0.00","23350","23500","23000","5727070","132961905000","13753443708200","590276554"
"2010/12/22","23300","-450","-1.89","23500","23850","23300","7811301","183071570850","13753443708200","590276554"
"2010/12/21","23750","100","0.42","23850","24200","23650","8090612","193133072050","14019068157500","590276554"
"2010/12/20","23650","-150","-0.63","23400","23650","23100","7858392","183661960750","13960040502100","590276554"
"2010/12/17","23800","-400","-1.65","24450","24600","23650","9453699","226110136550","14048581985200","590276554"
"2010/12/16","24200","-50","-0.21","24250","24750","24100","5123501","124849570100","14284692510000","590276550"
"2010/12/15","24250","-500","-2.02","24900","24900","24100","6719247","163676255200","14314206337500","590276550"
"2010/12/14","24750","400","1.64","24500","25150","24450","8123939","201986610900","14609344612500","590276550"
"2010/12/13","24350","-150","-0.61","24300","24500","24000","5446369","132069432300","14373233992500","590276550"
"2010/12/10","24500","350","1.45","24100","24650","23800","9835555","239498343400","14461775475000","590276550"
"2010/12/09","24150","850","3.65","23350","24200","23300","10169510","242276986100","14255178682500","590276550"
"2010/12/08","23300","-300","-1.27","23650","23900","23250","5620721","132076604300","13753443615000","590276550"
"2010/12/07","23600","-350","-1.46","23400","23650","23200","9142980","214150925150","13930526580000","590276550"
"2010/12/06","23950","500","2.13","23600","24100","23500","6730217","160680208100","14137123372500","590276550"
"2010/12/03","23450","-350","-1.47","24000","24150","23250","7911082","186772710650","13841985097500","590276550"
"2010/12/02","23800","400","1.71","23650","24050","23550","9237817","219817763900","14048581890000","590276550"
"2010/12/01","23400","-100","-0.43","23550","23750","23000","10722538","249467042800","13812471270000","590276550"
"2010/11/30","23500","-1300","-5.24","24050","24150","23400","19537475","462712236600","13871498925000","590276550"
"2010/11/29","24800","150","0.61","24800","25000","24550","7308951","181161402700","14638858440000","590276550"
"2010/11/26","24650","-550","-2.18","25200","25600","24500","10551194","262186999100","14550316957500","590276550"
"2010/11/25","25200","-550","-2.14","26000","26000","25100","11277437","286359733750","14874969060000","590276550"
"2010/11/24","25750","400","1.58","24800","25850","24650","18819363","473401482300","15199621162500","590276550"
"2010/11/23","25350","50","0.20","25400","25650","25100","12947289","326253129600","14963510542500","590276550"
"2010/11/22","25300","1400","5.86","24300","25300","24200","21524408","534586635650","14933993906700","590276439"
"2010/11/19","23900","200","0.84","23700","24200","23550","8188817","195779692200","14107606892100","590276439"
"2010/11/18","23700","350","1.50","23550","23700","23050","6420573","150141878450","13989551604300","590276439"
"2010/11/17","23350","-350","-1.48","23600","23650","23100","7311065","170774704100","13782954850650","590276439"
"2010/11/16","23700","50","0.21","23650","24000","23300","8517799","201930525200","13989551604300","590276439"
"2010/11/15","23650","850","3.73","22900","23800","22750","9850014","231934230500","13960037782350","590276439"
"2010/11/12","22800","-600","-2.56","23600","23700","22700","11758691","272488394750","13458302809200","590276439"
"2010/11/11","23400","-500","-2.09","23800","24400","23400","11616394","278444381100","13812468672600","590276439"
"2010/11/10","23900","450","1.92","23200","23950","23200","7224958","170106369350","14107606892100","590276439"
"2010/11/09","23450","-350","-1.47","23700","23800","23250","6554767","153905530300","13841982494550","590276439"
"2010/11/08","23800","50","0.21","24050","24350","23700","9799616","235464584050","14048579248200","590276439"
"2010/11/05","23750","800","3.49","24100","24200","23650","18979574","454400481000","14019065426250","590276439"
"2010/11/04","22950","1150","5.28","22200","23150","22200","14373857","328732681950","13546844275050","590276439"
"2010/11/03","21800","-100","-0.46","21950","22400","21750","7882993","173742336250","12868026370200","590276439"
"2010/11/02","21900","-800","-3.52","22600","22700","21900","13148677","291525595750","12927054014100","590276439"
"2010/11/01","22700","-450","-1.94","23200","23300","22600","8679690","198623835750","13399275165300","590276439"
"2010/10/29","23150","300","1.31","22700","23150","22300","11672512","265691934300","13664899562850","590276439"
"2010/10/28","22850","-50","-0.22","23300","23450","22600","13682522","314173462200","13487816631150","590276439"
"2010/10/27","22900","-800","-3.38","23500","23600","22900","12636747","291947742250","13517330453100","590276439"
"2010/10/26","23700","-600","-2.47","24100","24250","23400","10858815","257759608350","13989551604300","590276439"
"2010/10/25","24300","100","0.41","24400","24400","23750","8245692","199281617050","14343717467700","590276439"
"2010/10/22","24200","450","1.89","24000","24400","23900","7903928","191606818000","14284689823800","590276439"
"2010/10/21","23750","-150","-0.63","24000","24400","23750","13108254","316355145500","14019065426250","590276439"
"2010/10/20","23900","1050","4.60","22850","23950","22700","14952331","351844997000","14107606892100","590276439"
"2010/10/19","22850","-50","-0.22","22900","23350","22600","10535814","242789650950","13487816631150","590276439"
"2010/10/18","22900","-700","-2.97","23700","23700","22800","10138166","234029521600","13517330453100","590276439"
"2010/10/15","23600","250","1.07","23200","23650","23050","6311478","147921946300","13930523960400","590276439"
"2010/10/14","23350","-50","-0.21","23600","23800","23050","10001339","234022401550","13782954850650","590276439"
"2010/10/13","23400","800","3.54","23000","23500","22950","11261698","262075955950","13812468672600","590276439"
"2010/10/12","22600","250","1.12","22450","23000","22400","8463492","192083225350","13340247521400","590276439"
"2010/10/11","22350","-1150","-4.89","23750","23800","22250","14794038","337143280000","13192678411650","590276439"
"2010/10/08","23500","300","1.29","23200","23700","23150","7573508","177634785350","13871496316500","590276439"
"2010/10/07","23200","-200","-0.85","23250","23500","22950","9521740","220901926600","13694413384800","590276439"
"2010/10/06","23400","650","2.86","23300","23600","23100","15727497","366882327950","13812468672600","590276439"
"2010/10/05","22750","250","1.11","22350","22750","22000","8459372","188973972450","13428788987250","590276439"
"2010/10/04","22500","50","0.22","22600","22950","22450","10634669","241640466600","13281219877500","590276439"
"2010/10/01","22450","300","1.35","22100","22450","21900","8945751","199167626400","13251706055550","590276439"
"2010/09/30","22150","300","1.37","22050","22300","21750","7530575","166023889250","13074623123850","590276439"
"2010/09/29","21850","500","2.34","21500","22200","21500","12752750","280019557350","12897540192150","590276439"
"2010/09/28","21350","150","0.71","21250","21650","21100","6960963","149189196050","12602392834850","590276011"
"2010/09/27","21200","100","0.47","21550","21800","21100","11332593","242436906750","12513851433200","590276011"
"2010/09/24","21100","-1000","-4.52","21700","21750","21050","15723927","334181166150","12454823832100","590276011"
"2010/09/20","22100","-400","-1.78","22600","22650","22000","10471186","232591540066","13045099843100","590276011"
"2010/09/17","22500","1400","6.64","21400","22500","21350","24186132","531582698800","13281210247500","590276011"
"2010/09/16","21100","100","0.48","20900","21300","20800","9047633","190892793900","12454823832100","590276011"
"2010/09/15","21000","550","2.69","20700","21000","20350","9591589","198768394900","12395796231000","590276011"
"2010/09/14","20450","-50","-0.24","21100","21250","20300","11749312","244255269000","12071144424950","590276011"
"2010/09/13","20500","-150","-0.73","20650","21000","20400","9030044","186648272150","12100658225500","590276011"
"2010/09/10","20650","350","1.72","20500","20800","20350","8103091","166763485450","12189199627150","590276011"
"2010/09/09","20300","-450","-2.17","20800","21050","20100","15189733","310581623700","11982603023300","590276011"
"2010/09/08","20750","-750","-3.49","21100","21200","20500","16624161","344339491750","12248227228250","590276011"
"2010/09/07","21500","-350","-1.60","21750","21950","21300","7147421","153649818650","12690934236500","590276011"
"2010/09/06","21850","50","0.23","22200","22450","21750","9768969","215854048200","12897530840350","590276011"
"2010/09/03","21800","700","3.32","21300","21950","21300","13682222","296322665950","12868017039800","590276011"
"2010/09/02","21100","250","1.20","21300","21400","20900","12935639","273003392650","12454823832100","590276011"
"2010/09/01","20850","-250","-1.18","21250","21350","20500","17891433","373650170050","12307254829350","590276011"
"2010/08/31","21100","-1400","-6.22","22100","22200","21000","18006565","385455271100","12454823832100","590276011"
"2010/08/30","22500","-50","-0.22","22900","22950","22350","7788047","175729402600","13281210247500","590276011"
"2010/08/27","22550","-50","-0.22","22500","22700","22250","6317557","141908099750","13310724048050","590276011"
"2010/08/26","22600","550","2.49","22400","23000","22050","15405418","348758185250","13340237848600","590276011"
"2010/08/25","22050","100","0.46","21700","22150","21550","7298041","160097394700","13015586042550","590276011"
"2010/08/24","21950","550","2.57","21300","22050","21050","7212879","156384424550","12956558441450","590276011"
"2010/08/23","21400","-600","-2.73","22000","22350","21300","8185249","177808221150","12631906635400","590276011"
"2010/08/20","22000","-500","-2.22","22250","22450","21950","6506966","144061730400","12986072242000","590276011"
"2010/08/19","22500","800","3.69","22150","22650","22000","9857803","220783487550","13281210247500","590276011"
"2010/08/18","21700","-400","-1.81","22250","22300","21500","7017763","152974630950","12808989438700","590276011"
"2010/08/17","22100","0","0.00","21900","22250","21700","5851598","129076478800","13045099843100","590276011"
"2010/08/16","22100","450","2.08","21550","22150","21200","7543971","164101483050","13045099843100","590276011"
"2010/08/13","21650","450","2.12","21500","21800","21300","7460749","161227032850","12779466371950","590275583"
"2010/08/12","21200","0","0.00","20600","21500","20200","13041798","274321995600","12513842359600","590275583"
"2010/08/11","21200","-1400","-6.19","22000","22100","21200","18929287","407680478150","12513842359600","590275583"
"2010/08/10","22600","-100","-0.44","22850","23250","22600","7329207","167640059930","13340228175800","590275583"
"2010/08/09","22700","-150","-0.66","22900","23100","22600","6486022","148047311150","13399255734100","590275583"
"2010/08/06","22850","950","4.34","22100","22900","22050","14508311","326990408550","13487797071550","590275583"
"2010/08/05","21900","300","1.39","22000","22400","21700","11637399","256792811600","12927035267700","590275583"
"2010/08/04","21600","-350","-1.59","22000","22250","21400","11434849","249132952650","12749952592800","590275583"
"2010/08/03","21950","350","1.62","21950","22400","21800","14346069","316348566650","12956549046850","590275583"
"2010/08/02","21600","-900","-4.00","22550","22650","21500","18732935","410153672400","12749952592800","590275583"
"2010/07/30","22500","150","0.67","22250","22850","22150","8930756","200195821100","13281200617500","590275583"
"2010/07/29","22350","-750","-3.25","22900","23250","22300","12478780","282029260550","13192659280050","590275583"
"2010/07/28","23100","-400","-1.70","23700","23850","22700","13310872","308135662400","13635365967300","590275583"
"2010/07/27","23500","-450","-1.88","24200","24200","23500","37144652","888357114900","13871476200500","590275583"
"2010/07/26","23950","700","3.01","23300","24150","23300","9656787","230982816150","14137100212850","590275583"
"2010/07/23","23250","650","2.88","23000","23400","22800","12343729","285745511400","13723907304750","590275583"
"2010/07/22","22600","-1000","-4.24","23850","24000","22250","21388196","490566265850","13340228175800","590275583"
"2010/07/21","23600","-250","-1.05","24250","24350","23500","7489851","178736856500","13929482020400","590232289"
"2010/07/20","23850","150","0.63","23850","24050","23550","6009885","143206343250","14077040092650","590232289"
"2010/07/19","23700","200","0.85","23700","24100","23500","10915618","259709998100","13988505249300","590232289"
"2010/07/16","23500","-1650","-6.56","24550","24650","23500","26408695","630811197000","13870458791500","590232289"
"2010/07/15","25150","-600","-2.33","25600","25750","25100","7695339","194823854900","14844342068350","590232289"
"2010/07/14","25750","850","3.41","25300","25800","25050","17890263","455547081800","15198481441750","590232289"
"2010/07/13","24900","-1000","-3.86","25750","25900","24800","16803984","423687971300","14696783996100","590232289"
"2010/07/12","25900","200","0.78","25900","26250","25700","6412277","166360063500","15287016285100","590232289"
"2010/07/09","25700","350","1.38","25700","25900","24950","8171473","207594526800","15168969827300","590232289"
"2010/07/08","25350","200","0.80","25700","26100","25300","7219081","184963509900","14962377676350","590231861"
"2010/07/07","25150","-700","-2.71","26050","26100","25150","8243930","210817942800","14844331304150","590231861"
"2010/07/06","25850","1100","4.44","24650","25850","24250","9753797","244544028900","15257493606850","590231861"
"2010/07/05","24750","-550","-2.17","25300","25450","24650","7736756","192990988450","14608222620750","590231217"
"2010/07/02","25300","-200","-0.78","25450","25950","25150","8237987","210021265950","14932849790100","590231217"
"2010/07/01","25500","450","1.80","25100","25600","24550","12695993","318613653050","15050896033500","590231217"
"2010/06/30","25050","-550","-2.15","24950","25200","24750","13952014","348556722350","14785291985850","590231217"
"2010/06/29","25600","-450","-1.73","26250","26750","25600","10326061","270702806800","15109919155200","590231217"
"2010/06/28","26050","-400","-1.51","26500","26600","25850","10143372","264494881000","15375512053450","590230789"
"2010/06/25","26450","-700","-2.58","26800","26900","26350","9787032","260214158600","15611604369050","590230789"
"2010/06/24","27150","100","0.37","27050","27450","27050","5203161","141570311600","16024765921350","590230789"
"2010/06/23","27050","-150","-0.55","27050","27650","26900","6595503","179205712000","15965742842450","590230789"
"2010/06/22","27200","-1050","-3.72","27950","28250","27200","11557147","318568411700","16054277460800","590230789"
"2010/06/21","28250","100","0.36","28550","28750","27850","8050689","227449616700","16674019789250","590230789"
"2010/06/18","28150","-50","-0.18","28200","28350","27800","12940850","363342473200","16614996710350","590230789"
"2010/06/17","28200","900","3.30","27800","28250","27550","10848104","303055744750","16644508249800","590230789"
"2010/06/16","27300","200","0.74","27450","27650","27200","8415214","230547970750","16113300539700","590230789"
"2010/06/15","27100","1100","4.23","26200","27200","26200","13402214","359652078950","15995254381900","590230789"
"2010/06/14","26000","200","0.78","25900","26350","25750","5686833","148079098400","15346000514000","590230789"
"2010/06/11","25800","-100","-0.39","26450","26650","25700","8762686","229111394450","15227954356200","590230789"
"2010/06/10","25900","650","2.57","25450","25950","25300","9271702","238469448800","15286977435100","590230789"
"2010/06/09","25250","-1200","-4.54","26450","26450","25200","14761328","378421485400","14903327422250","590230789"
"2010/06/08","26450","-200","-0.75","26450","26900","26000","10889286","288248667950","15611604369050","590230789"
"2010/06/07","26650","250","0.95","25900","26750","25800","13874493","362918389950","15729650526850","590230789"
"2010/06/04","26400","1500","6.02","25200","26500","24950","15988869","414163110000","15582092829600","590230789"
"2010/06/03","24900","300","1.22","25100","25300","24750","8011807","200550895500","14696746646100","590230789"
"2010/06/01","24600","-550","-2.19","25050","25500","24400","11633564","288974037550","14519677409400","590230789"
"2010/05/31","25150","-550","-2.14","25600","25750","24900","12706998","319791377650","14844304343350","590230789"
"2010/05/28","25700","50","0.19","26100","26350","25600","12826585","333519618750","15168931277300","590230789"
"2010/05/27","25650","950","3.85","24350","25650","24350","13430941","337411694400","15139419737850","590230789"
"2010/05/26","24700","900","3.78","24150","24700","23650","13150843","319062490550","14578689916700","590230361"
"2010/05/25","23800","-300","-1.24","23850","23950","22600","12293259","288202843250","14047482591800","590230361"
"2010/05/24","24100","350","1.47","23750","24350","23650","11541283","278156765950","14224551700100","590230361"
"2010/05/20","23750","-750","-3.06","24400","24850","23550","10081791","243605835100","14017971073750","590230361"
"2010/05/19","24500","350","1.45","23600","24650","23100","19703600","468630000750","14460643844500","590230361"
"2010/05/18","24150","-900","-3.59","24800","24950","23550","20058192","483841952400","14254063218150","590230361"
"2010/05/17","25050","-1550","-5.83","26050","26100","25000","12635451","322300788000","14785266259500","590230190"
"2010/05/14","26600","-250","-0.93","26700","27150","26500","7925968","212421421110","15700123054000","590230190"
"2010/05/13","26850","1150","4.47","26400","26900","26300","11337817","302386164800","15847680601500","590230190"
"2010/05/12","25700","-900","-3.38","26550","26550","25550","13097424","337815809850","15168915883000","590230190"
"2010/05/11","26600","-300","-1.12","27300","27350","26150","7660117","205028542800","15700123054000","590230190"
"2010/05/10","26900","550","2.09","26900","27150","26650","7587954","204022283450","15877162225100","590229079"
"2010/05/07","26350","0","0.00","25500","26850","25350","11481461","300843855850","15552536231650","590229079"
"2010/05/06","26350","-700","-2.59","26200","26550","25900","8103816","212844476050","15552536231650","590229079"
"2010/05/04","27050","-550","-1.99","27850","27950","26550","12653329","342392893050","15965696586950","590229079"
"2010/05/03","27600","-800","-2.82","28150","28300","27250","9256409","256421724450","16290322580400","590229079"
"2010/04/30","28400","700","2.53","27900","28600","27850","8909526","252088249300","16762505843600","590229079"
"2010/04/29","27700","250","0.91","27700","27900","27200","6801366","187740076150","16349345488300","590229079"
"2010/04/28","27450","-50","-0.18","26750","27450","26700","9108923","246564107350","16201788218550","590229079"
"2010/04/27","27500","-1000","-3.51","28250","28400","27300","11259240","312005657500","16231299672500","590229079"
"2010/04/26","28500","0","0.00","28500","28800","28300","6125001","174824181400","16821522538500","590228861"
"2010/04/23","28500","-200","-0.70","29050","29150","28350","6109366","175273790650","16821522538500","590228861"
"2010/04/22","28700","150","0.53","28250","28900","28000","9828901","279614633500","16939568310700","590228861"
"2010/04/21","28550","1550","5.74","27500","28600","27450","10560938","296793342500","16851033981550","590228861"
"2010/04/20","27000","350","1.31","27000","27100","26800","3663343","98804874820","15936143904000","590227552"
"2010/04/19","26650","-850","-3.09","27100","27250","26500","6493712","174341163450","15729564260800","590227552"
"2010/04/16","27500","-200","-0.72","27550","27850","27150","4531892","124427249000","16231257680000","590227552"
"2010/04/15","27700","-200","-0.72","28150","28200","27200","6822526","188012293650","16349303190400","590227552"
"2010/04/14","27900","200","0.72","28100","28350","27650","6745613","188946372400","16451714015100","589667169"
"2010/04/13","27700","800","2.97","27200","27800","26800","7382940","202218076000","16333780581300","589667169"
"2010/04/12","26900","-1100","-3.93","28400","28450","26900","9780882","267787102050","15862046846100","589667169"
"2010/04/09","28000","-150","-0.53","28100","28450","27650","7184815","201441110450","16510680732000","589667169"
"2010/04/08","28150","800","2.93","27500","28150","27450","10036161","279419664700","16599130807350","589667169"
"2010/04/07","27350","-1000","-3.53","28150","28200","27250","16311161","449179168550","16127397072150","589667169"
"2010/04/06","28350","-750","-2.58","29350","29400","28100","11484726","328180276300","16717064241150","589667169"
"2010/04/05","29100","950","3.37","28500","29100","28050","8512243","243243362000","17159314617900","589667169"
"2010/04/02","28150","-150","-0.53","28500","29300","28050","12390690","353852986350","16599130807350","589667169"
"2010/04/01","28300","1600","5.99","27050","28300","26900","11909995","329709763150","16687580882700","589667169"
"2010/03/31","26700","300","1.14","26450","27100","26050","7730622","206318826000","15744113412300","589667169"
"2010/03/30","26400","500","1.93","26450","26800","26300","8121899","215803393350","15567131738400","589664081"
"2010/03/29","25900","700","2.78","24950","26050","24900","6923592","178249515050","15272299697900","589664081"
"2010/03/26","25200","-50","-0.20","25050","25350","24850","3420724","85951468800","14859534841200","589664081"
"2010/03/25","25250","50","0.20","25300","25500","24800","4660575","117620471450","14889018045250","589664081"
"2010/03/24","25200","250","1.00","25250","25700","25050","6668569","169345561200","14859534841200","589664081"
"2010/03/23","24950","250","1.01","24950","25100","24600","4994007","124315201450","14712118820950","589664081"
"2010/03/22","24700","350","1.44","24500","24800","24300","5270773","129476767450","14564702800700","589664081"
"2010/03/19","24350","400","1.67","24100","24500","23800","5746615","139509477550","14358320372350","589664081"
"2010/03/18","23950","-200","-0.83","24100","24350","23900","5576105","134329057550","14122454739950","589664081"
"2010/03/17","24150","550","2.33","23900","24150","23750","7589609","181963577450","14240387556150","589664081"
"2010/03/16","23600","100","0.43","24100","24300","23400","51719403","1219539496150","13916072311600","589664081"
"2010/03/15","23500","250","1.08","23450","23800","23350","5574407","131410873000","13857105903500","589664081"
"2010/03/12","23250","100","0.43","23350","23400","22850","3048202","70480159300","13709689883250","589664081"
"2010/03/11","23150","600","2.66","22850","23400","22700","10673528","246499421900","13650723475150","589664081"
"2010/03/10","22550","700","3.20","21950","22600","21900","6443315","144201139050","13296925026550","589664081"
"2010/03/09","21850","-500","-2.24","22350","22500","21800","5881404","129430695400","12884160169850","589664081"
"2010/03/08","22350","-150","-0.67","22900","22950","22100","6137729","137601805950","13178992210350","589664081"
"2010/03/05","22500","300","1.35","22300","22650","22100","4380159","98433598450","13267441822500","589664081"
"2010/03/04","22200","350","1.60","21950","22600","21900","5393075","119938469350","13090542598200","589664081"
"2010/03/03","21850","400","1.86","21400","22050","21200","5830081","126604714500","12884160169850","589664081"
"2010/03/02","21450","450","2.14","21500","21800","21400","5342772","115261527700","12648294537450","589664081"
"2010/02/26","21000","-700","-3.23","21700","21800","20600","9627909","202228486250","12382945701000","589664081"
"2010/02/25","21700","-500","-2.25","22450","22500","21500","5013379","109496195250","12795710557700","589664081"
"2010/02/24","22200","-450","-1.99","22500","22850","22100","6219693","139934590300","13090542598200","589664081"
"2010/02/23","22650","500","2.26","22100","22800","22000","6352083","142598889700","13355891434650","589664081"
"2010/02/22","22150","750","3.50","21850","22200","21600","5334169","117054817800","13061059394150","589664081"
"2010/02/19","21400","-750","-3.39","21850","22200","21400","5772700","125261210200","12618811333400","589664081"
"2010/02/18","22150","-200","-0.89","22550","22600","22000","3744025","83432040000","13061059394150","589664081"
"2010/02/17","22350","1050","4.93","21750","22400","21700","7825290","173127600800","13178992210350","589664081"
"2010/02/16","21300","-300","-1.39","21550","21800","21150","5951014","127478616750","12559844925300","589664081"
"2010/02/12","21600","-350","-1.59","21650","22150","21400","7584876","163974180000","12736744149600","589664081"
"2010/02/11","21950","-750","-3.30","22600","22900","21600","11508085","253147040500","12943126577950","589664081"
"2010/02/10","22700","50","0.22","23000","23000","22300","6809098","154757138000","13385374638700","589664081"
"2010/02/09","22650","950","4.38","21850","22900","21700","7285894","162321608650","13355891434650","589664081"
"2010/02/08","21700","400","1.88","21550","22100","21400","5663174","123359177950","12795710557700","589664081"
"2010/02/05","21300","-450","-2.07","20900","21350","20750","7305491","154124111100","12559844925300","589664081"
"2010/02/04","21750","450","2.11","21250","22200","21250","9855737","215246690200","12825193761750","589664081"
"2010/02/03","21300","-700","-3.18","22350","22400","21050","14618448","315873770250","12559835808900","589663653"
"2010/02/02","22000","-1100","-4.76","23600","23800","22000","11667143","266389370000","12972600366000","589663653"
"2010/02/01","23100","350","1.54","22200","23250","21750","14926334","333381156350","13621230384300","589663653"
"2010/01/29","22750","-850","-3.60","23000","23350","22200","10273997","233906974200","13414848105750","589663653"
"2010/01/28","23600","350","1.51","23700","24300","23250","10080020","240850215550","13915541972400","589641609"
"2010/01/27","23250","-350","-1.48","23800","24200","22350","20559203","475988565600","13709167409250","589641609"
"2010/01/26","23600","-2450","-9.40","25900","25950","23550","18901657","460742974250","13915541972400","589641609"
"2010/01/25","26050","-50","-0.19","25850","26350","25650","7098150","184590320600","15360163914450","589641609"
"2010/01/22","26100","150","0.58","25500","26250","25250","10560982","272242507600","15389645994900","589641609"
"2010/01/21","25950","550","2.17","25300","26200","24750","8321162","214015378250","15301199753550","589641609"
"2010/01/20","25400","-200","-0.78","25850","26100","25250","5997062","153534103700","14976867277600","589640444"
"2010/01/19","25600","-300","-1.16","26100","26200","25350","6095082","156620228050","15094795366400","589640444"
"2010/01/18","25900","-200","-0.77","25450","26100","25450","6947223","178827176150","15271687499600","589640444"
"2010/01/15","26100","650","2.55","25850","26700","25700","11798734","308905624350","15389615588400","589640444"
"2010/01/14","25450","1400","5.82","24400","25500","24300","11505860","288569731700","15006349299800","589640444"
"2010/01/13","24050","0","0.00","23800","24500","23700","5009003","120757610300","14180807392050","589638561"
"2010/01/12","24050","50","0.21","24150","24600","23800","4616931","111552036800","14180807392050","589638561"
"2010/01/11","24000","-650","-2.64","24900","25000","23750","6750517","164032123000","14151325464000","589638561"
"2010/01/08","24650","250","1.02","24650","24850","23450","9695685","234014229250","14534590528650","589638561"
"2010/01/07","24400","-150","-0.61","25000","25200","24350","11084814","274884326800","14387180888400","589638561"
"2010/01/06","24550","1200","5.14","23700","24550","23600","7731186","186272204500","14475626672550","589638561"
"2010/01/05","23350","-750","-3.11","24500","24900","23050","12118281","289702170400","13768060399350","589638561"
"2010/01/04","24100","950","4.10","23350","24150","23350","7346425","175697359450","14210289320100","589638561"