일자,종가,대비,등락률,시가,고가,저가,거래량,거래대금,시가총액,상장주식수
"2024/01/19","33950","1600","4.95","32750","34300","32500","441514","14799488400","1666398438950","49083901"
"2024/01/18","32350","550","1.73","32100","32450","31750","78521","2518146550","1587864197350","49083901"
"2024/01/17","31800","-600","-1.85","32650","32650","31800","112917","3616251750","1560868051800","49083901"
"2024/01/16","32400","0","0.00","31850","32600","31850","111677","3605512200","1590318392400","49083901"
"2024/01/15","32400","-100","-0.31","32550","32750","32050","103242","3336281150","1590318392400","49083901"
"2024/01/12","32500","-600","-1.81","33100","33200","32250","135981","4430071750","1595226782500","49083901"
"2024/01/11","33100","200","0.61","32850","33100","32500","194068","6377626750","1624677123100","49083901"
"2024/01/10","32900","-250","-0.75","33350","33350","32200","215389","7020046950","1614860342900","49083901"
"2024/01/09","33150","0","0.00","33550","33750","32850","191277","6375379600","1627131318150","49083901"
"2024/01/08","33150","-200","-0.60","33250","33400","33050","116465","3869303100","1627131318150","49083901"
"2024/01/05","33350","-550","-1.62","33900","34100","33250","193165","6469716200","1636948098350","49083901"
"2024/01/04","33900","0","0.00","33650","34150","33350","169918","5723783350","1663944243900","49083901"
"2024/01/03","33900","-950","-2.73","34350","34400","33250","325728","10949988000","1663944243900","49083901"
"2024/01/02","34850","900","2.65","33650","34900","33650","330531","11389088250","1710573949850","49083901"
"2023/12/28","33950","-100","-0.29","34050","34150","33550","209180","7069712300","1666398438950","49083901"
"2023/12/27","34050","0","0.00","33950","34400","33550","187585","6383921400","1671306829050","49083901"
"2023/12/26","34050","100","0.29","33900","34150","33550","128015","4346049000","1671306829050","49083901"
"2023/12/22","33950","450","1.34","33900","34300","33600","144691","4907810800","1666398438950","49083901"
"2023/12/21","33500","-500","-1.47","33550","33850","33150","128687","4308176750","1644310683500","49083901"
"2023/12/20","34000","-50","-0.15","34200","34700","33650","138505","4712311500","1668852634000","49083901"
"2023/12/19","34050","100","0.29","33850","34150","33800","101442","3443761550","1671306829050","49083901"
"2023/12/18","33950","750","2.26","33550","34200","33450","157370","5342047500","1666398438950","49083901"
"2023/12/15","33200","-650","-1.92","34050","34050","33200","131325","4394916400","1629585513200","49083901"
"2023/12/14","33850","400","1.20","34000","34100","33050","241477","8158178450","1661490048850","49083901"
"2023/12/13","33450","400","1.21","33050","33850","32750","253972","8485204000","1641856488450","49083901"
"2023/12/12","33050","450","1.38","33000","33250","32650","135917","4483078800","1622222928050","49083901"
"2023/12/11","32600","150","0.46","32550","32650","32150","91808","2977915200","1600135172600","49083901"
"2023/12/08","32450","200","0.62","32600","32900","32300","133827","4354031400","1592772587450","49083901"
"2023/12/07","32250","-250","-0.77","32500","32500","31850","119883","3852969550","1582955807250","49083901"
"2023/12/06","32500","200","0.62","32350","32550","31900","137024","4429175450","1595226782500","49083901"
"2023/12/05","32300","-950","-2.86","32800","33100","31950","223464","7240382200","1585410002300","49083901"
"2023/12/04","33250","-50","-0.15","33750","33850","33100","155792","5202527100","1632039708250","49083901"
"2023/12/01","33300","-700","-2.06","33500","33600","33000","967997","31429947850","1634493903300","49083901"
"2023/11/30","34000","-200","-0.58","34250","34500","33650","186573","6325464600","1668852634000","49083901"
"2023/11/29","34200","0","0.00","34250","34600","34050","115633","3962776150","1678669414200","49083901"
"2023/11/28","34200","-500","-1.44","35000","35350","34100","205267","7057828750","1678669414200","49083901"
"2023/11/27","34700","-250","-0.72","34700","35400","34600","134727","4704828350","1703211364700","49083901"
"2023/11/24","34950","100","0.29","34800","35100","34650","55792","1943427200","1715482339950","49083901"
"2023/11/23","34850","0","0.00","35150","35250","34500","145298","5069830750","1710573949850","49083901"
"2023/11/22","34850","-150","-0.43","34400","35150","34350","111893","3905515950","1710573949850","49083901"
"2023/11/21","35000","250","0.72","35000","35400","34750","164793","5774022850","1717936535000","49083901"
"2023/11/20","34750","-750","-2.11","35500","35500","34400","194897","6785695400","1705665559750","49083901"
"2023/11/17","35500","600","1.72","34900","35550","34600","194918","6882174200","1742478485500","49083901"
"2023/11/16","34900","-600","-1.69","35500","35900","34600","287807","10060875600","1713028144900","49083901"
"2023/11/15","35500","-100","-0.28","36300","36350","35350","276829","9874443350","1742478485500","49083901"
"2023/11/14","35600","-350","-0.97","36150","36150","35000","140926","4995877950","1747386875600","49083901"
"2023/11/13","35950","300","0.84","36500","36800","35650","370163","13430232650","1764566240950","49083901"
"2023/11/10","35650","400","1.13","34650","36550","34500","229292","8201525700","1749841070650","49083901"
"2023/11/09","35250","400","1.15","34600","35700","34450","229914","8107330650","1730207510250","49083901"
"2023/11/08","34850","-500","-1.41","35800","36100","34200","251216","8774101600","1710573949850","49083901"
"2023/11/07","35350","150","0.43","35300","36100","34850","460534","16359923650","1735115900350","49083901"
"2023/11/06","35200","1000","2.92","35000","35200","33750","442157","15271453750","1727753315200","49083901"
"2023/11/03","34200","350","1.03","33850","34300","33350","241641","8201003850","1678669414200","49083901"
"2023/11/02","33850","3500","11.53","31450","34550","31450","765756","25620066000","1661490048850","49083901"
"2023/11/01","30350","350","1.17","30200","30950","30100","117959","3592262950","1489696395350","49083901"
"2023/10/31","30000","-1250","-4.00","31350","31450","30000","225322","6820441100","1472517030000","49083901"
"2023/10/30","31250","-500","-1.57","31850","32150","31100","141838","4452106500","1533871906250","49083901"
"2023/10/27","31750","-400","-1.24","33000","33000","31350","180819","5795835550","1558413856750","49083901"
"2023/10/26","32150","-1100","-3.31","32400","32650","31900","188518","6078153950","1578047417150","49083901"
"2023/10/25","33250","100","0.30","33150","33500","32700","139676","4624662600","1632039708250","49083901"
"2023/10/24","33150","1250","3.92","32200","33150","31400","204782","6619376100","1627131318150","49083901"
"2023/10/23","31900","-200","-0.62","32000","32300","31350","168062","5344483800","1565776441900","49083901"
"2023/10/20","32100","350","1.10","31250","32850","31100","234851","7506986800","1575593222100","49083901"
"2023/10/19","31750","-1300","-3.93","32150","32650","31650","169621","5406639600","1558413856750","49083901"
"2023/10/18","33050","-500","-1.49","33050","33250","32400","173230","5683023200","1622222928050","49083901"
"2023/10/17","33550","1400","4.35","32200","33550","31850","194639","6408864700","1646764878550","49083901"
"2023/10/16","32150","-1150","-3.45","33000","33100","31400","261921","8361541100","1578047417150","49083901"
"2023/10/13","33300","0","0.00","33000","33850","32950","282005","9385760950","1634493903300","49083901"
"2023/10/12","33300","-50","-0.15","33650","33800","32150","255894","8418498800","1634493903300","49083901"
"2023/10/11","33350","550","1.68","33550","34000","33150","172955","5807547600","1636948098350","49083901"
"2023/10/10","32800","-100","-0.30","33200","33950","32700","217821","7253465850","1609951952800","49083901"
"2023/10/06","32900","-50","-0.15","33250","33550","32700","105730","3484988450","1614860342900","49083901"
"2023/10/05","32950","750","2.33","33000","33850","32300","243221","8076867650","1617314537950","49083901"
"2023/10/04","32200","200","0.63","31350","32250","31000","231435","7375693850","1580501612200","49083901"
"2023/09/27","32000","-400","-1.23","32200","32750","30750","242820","7682207450","1570684832000","49083901"
"2023/09/26","32400","-600","-1.82","33300","33500","32050","135861","4418710550","1590318392400","49083901"
"2023/09/25","33000","-500","-1.49","33500","33500","32750","111579","3685907900","1619768733000","49083901"
"2023/09/22","33500","800","2.45","32200","33650","32000","187763","6205660150","1644310683500","49083901"
"2023/09/21","32700","-550","-1.65","32650","33250","32400","142069","4646721550","1605043562700","49083901"
"2023/09/20","33250","-300","-0.89","33550","33850","33000","140888","4686740500","1632039708250","49083901"
"2023/09/19","33550","-700","-2.04","34450","34800","33350","227749","7711190250","1646764878550","49083901"
"2023/09/18","34250","-350","-1.01","33550","34350","33550","240140","8178690600","1681123609250","49083901"
"2023/09/15","34600","400","1.17","34200","34650","33550","289803","9902408550","1698302974600","49083901"
"2023/09/14","34200","2300","7.21","32200","34200","32200","845896","28585568950","1678669414200","49083901"
"2023/09/13","31900","-200","-0.62","32200","32900","31550","321290","10325540350","1565776441900","49083901"
"2023/09/12","32100","-400","-1.23","32550","32550","31900","193388","6214564850","1575593222100","49083901"
"2023/09/11","32500","0","0.00","32500","32750","31850","244614","7906712250","1595226782500","49083901"
"2023/09/08","32500","350","1.09","32350","32650","31550","236703","7595682200","1595226782500","49083901"
"2023/09/07","32150","150","0.47","31700","32400","31550","185732","5939180150","1578047417150","49083901"
"2023/09/06","32000","0","0.00","31800","32450","31600","139532","4454937400","1570684832000","49083901"
"2023/09/05","32000","-450","-1.39","32300","32600","31700","186597","5985521750","1570684832000","49083901"
"2023/09/04","32450","250","0.78","32450","32600","31750","234182","7540630850","1592772587450","49083901"
"2023/09/01","32200","1350","4.38","30750","32200","30650","407355","12929387900","1580501612200","49083901"
"2023/08/31","30850","100","0.33","30650","31050","30500","175735","5404951900","1514238345850","49083901"
"2023/08/30","30750","400","1.32","30800","31100","30500","178388","5499903250","1509329955750","49083901"
"2023/08/29","30350","150","0.50","30250","30700","30150","223303","6774503050","1489696395350","49083901"
"2023/08/28","30200","-600","-1.95","30950","30950","30100","242243","7340938700","1482333810200","49083901"
"2023/08/25","30800","-700","-2.22","30800","30800","30200","240758","7347317000","1511784150800","49083901"
"2023/08/24","31500","600","1.94","31450","31950","31000","222211","6977225500","1546142881500","49083901"
"2023/08/23","30900","-200","-0.64","30800","31500","30650","160685","4966902700","1516692540900","49083901"
"2023/08/22","31100","-600","-1.89","32000","32300","30700","246252","7703677250","1526509321100","49083901"
"2023/08/21","31700","-250","-0.78","32400","32450","31250","208957","6635937700","1555959661700","49083901"
"2023/08/18","31950","450","1.43","31250","32550","30850","348191","11119176200","1568230636950","49083901"
"2023/08/17","31500","-200","-0.63","31400","32000","31350","354420","11214844700","1546142881500","49083901"
"2023/08/16","31700","550","1.77","31300","31700","30900","366473","11502702400","1555959661700","49083901"
"2023/08/14","31150","350","1.14","30800","31350","30450","373041","11566209700","1528963516150","49083901"
"2023/08/11","30800","150","0.49","30700","30850","30350","303130","9284530850","1511784150800","49083901"
"2023/08/10","30650","-3700","-10.77","32550","32600","30400","1225910","38114133700","1504421565650","49083901"
"2023/08/09","34350","400","1.18","33900","34650","33200","235717","8045969500","1686031999350","49083901"
"2023/08/08","33950","-600","-1.74","34900","35150","33600","245673","8397152250","1666398438950","49083901"
"2023/08/07","34550","-800","-2.26","35000","35550","34100","311101","10828674900","1695848779550","49083901"
"2023/08/04","35350","150","0.43","34850","35650","34500","386744","13606798000","1735115900350","49083901"
"2023/08/03","35200","0","0.00","35000","35300","34000","493675","17162978850","1727753315200","49083901"
"2023/08/02","35200","-1250","-3.43","35800","36200","34800","565244","20007414850","1727753315200","49083901"
"2023/08/01","36450","-1300","-3.44","37400","37650","36000","797958","29092638100","1789108191450","49083901"
"2023/07/31","37750","50","0.13","38050","38350","37000","702682","26434113200","1852917262750","49083901"
"2023/07/28","37700","3250","9.43","35150","37700","34600","2896634","106413979350","1850463067700","49083901"
"2023/07/27","34450","1700","5.19","33050","34500","32800","605276","20527360850","1690940389450","49083901"
"2023/07/26","32750","-700","-2.09","33300","33550","32150","603298","19781627550","1607497757750","49083901"
"2023/07/25","33450","400","1.21","33050","33750","32800","317594","10566046550","1641856488450","49083901"
"2023/07/24","33050","-700","-2.07","33450","33450","32700","382330","12628697350","1622222928050","49083901"
"2023/07/21","33750","-750","-2.17","33600","33950","32900","414851","13892199650","1656581658750","49083901"
"2023/07/20","34500","1050","3.14","33750","34700","32850","459169","15592170550","1693394584500","49083901"
"2023/07/19","33450","-450","-1.33","34500","34500","32900","450233","15084583150","1641856488450","49083901"
"2023/07/18","33900","450","1.35","34300","34900","33200","566459","19197776100","1663944243900","49083901"
"2023/07/17","33450","1150","3.56","32300","34000","31700","582839","19456359000","1641856488450","49083901"
"2023/07/14","32300","350","1.10","32300","32900","31900","519177","16839914500","1585410002300","49083901"
"2023/07/13","31950","0","0.00","32500","32600","31850","233314","7495491950","1568230636950","49083901"
"2023/07/12","31950","250","0.79","31050","32100","31050","164958","5242133850","1568230636950","49083901"
"2023/07/11","31700","1100","3.59","31300","31750","30900","233504","7313911500","1555959661700","49083901"
"2023/07/10","30600","100","0.33","30500","31000","30000","240995","7344055450","1501967370600","49083901"
"2023/07/07","30500","-950","-3.02","31200","31550","30200","314014","9624060550","1497058980500","49083901"
"2023/07/06","31450","-1350","-4.12","32600","32600","31350","306810","9760173600","1543688686450","49083901"
"2023/07/05","32800","-400","-1.20","33150","33500","32650","189523","6251538700","1609951952800","49083901"
"2023/07/04","33200","-100","-0.30","33350","33500","32600","175318","5812583100","1629585513200","49083901"
"2023/07/03","33300","500","1.52","33050","34200","33050","366155","12296903700","1634493903300","49083901"
"2023/06/30","32800","-550","-1.65","33350","33400","32100","327500","10702283800","1609951952800","49083901"
"2023/06/29","33350","500","1.52","32800","33600","32700","415002","13762785450","1636948098350","49083901"
"2023/06/28","32850","50","0.15","33200","33250","32300","225148","7375327400","1612406147850","49083901"
"2023/06/27","32800","-150","-0.46","32900","33000","32300","221546","7233320000","1609951952800","49083901"
"2023/06/26","32950","1350","4.27","31750","33050","31250","512726","16677719500","1617314537950","49083901"
"2023/06/23","31600","200","0.64","31500","32400","31300","245396","7800348000","1551051271600","49083901"
"2023/06/22","31400","-150","-0.48","31150","32100","31150","164663","5207683050","1541234491400","49083901"
"2023/06/21","31550","-350","-1.10","31400","32200","31400","289839","9198911250","1548597076550","49083901"
"2023/06/20","31900","200","0.63","31700","31900","31000","240286","7551508950","1565776441900","49083901"
"2023/06/19","31700","-400","-1.25","32150","32150","31350","233894","7390124650","1555959661700","49083901"
"2023/06/16","32100","-650","-1.98","32850","32900","31800","345071","11068914250","1575593222100","49083901"
"2023/06/15","32750","1050","3.31","32000","32800","31850","446711","14495813400","1607497757750","49083901"
"2023/06/14","31700","-800","-2.46","32600","32650","31350","256282","8149113300","1555959661700","49083901"
"2023/06/13","32500","400","1.25","32400","33000","32150","343701","11168133250","1595226782500","49083901"
"2023/06/12","32100","-50","-0.16","32300","32450","31650","197282","6300167700","1575593222100","49083901"
"2023/06/09","32150","150","0.47","32050","32750","31550","278539","8988724000","1578047417150","49083901"
"2023/06/08","32000","400","1.27","31400","32150","30850","349386","11066766750","1570684832000","49083901"
"2023/06/07","31600","-400","-1.25","31850","32050","31450","260869","8265371400","1551051271600","49083901"
"2023/06/05","32000","-600","-1.84","32650","32650","31850","177680","5698612750","1570684832000","49083901"
"2023/06/02","32600","0","0.00","32900","32950","32350","199219","6496098400","1600135172600","49083901"
"2023/06/01","32600","350","1.09","32000","32600","31350","171599","5514460050","1600135172600","49083901"
"2023/05/31","32250","-850","-2.57","33150","33150","32050","350891","11393323750","1582955807250","49083901"
"2023/05/30","33100","1050","3.28","32850","33700","32650","494151","16401698850","1624677123100","49083901"
"2023/05/26","32050","150","0.47","32450","32800","31700","534677","17281880800","1573139027050","49083901"
"2023/05/25","31900","-150","-0.47","32900","33350","31750","605892","19541757150","1565776441900","49083901"
"2023/05/24","32050","-650","-1.99","32200","32250","31600","266985","8514286650","1573139027050","49083901"
"2023/05/23","32700","100","0.31","32600","32750","32150","255514","8293932850","1605043562700","49083901"
"2023/05/22","32600","-750","-2.25","32850","33750","32500","483664","15961172850","1600135172600","49083901"
"2023/05/19","33350","3000","9.88","31200","33600","30850","1233670","40108171600","1636948098350","49083901"
"2023/05/18","30350","250","0.83","30350","30550","30000","219588","6634263800","1489696395350","49083901"
"2023/05/17","30100","600","2.03","29600","30500","29150","259664","7802209400","1477425420100","49083901"
"2023/05/16","29500","1000","3.51","29550","29800","29100","397243","11721729850","1447975079500","49083901"
"2023/05/15","28500","-200","-0.70","28550","28700","28150","167035","4745671500","1398891178500","49083901"
"2023/05/12","28700","0","0.00","28400","29050","28250","149623","4303584550","1408707958700","49083901"
"2023/05/11","28700","100","0.35","28950","29200","28550","210642","6072740800","1408707958700","49083901"
"2023/05/10","28600","50","0.18","28650","28850","28300","217323","6213236000","1403799568600","49083901"
"2023/05/09","28550","-1900","-6.24","30100","30150","27900","930967","26549167100","1401345373550","49083901"
"2023/05/08","30450","600","2.01","30150","30450","29950","188299","5693399550","1494604785450","49083901"
"2023/05/04","29850","-650","-2.13","30250","30400","29700","177936","5320497250","1465154444850","49083901"
"2023/05/03","30500","-100","-0.33","30200","30700","30000","217909","6594658800","1497058980500","49083901"
"2023/05/02","30600","150","0.49","30550","30700","29900","219943","6646135350","1501967370600","49083901"
"2023/04/28","30450","-450","-1.46","31000","31050","30150","310361","9470251650","1494604785450","49083901"
"2023/04/27","30900","700","2.32","30450","31050","29800","319663","9762559350","1516692540900","49083901"
"2023/04/26","30200","250","0.83","29950","31150","29750","306060","9314301300","1482333810200","49083901"
"2023/04/25","29950","-150","-0.50","30100","30450","29400","308027","9165419900","1470062834950","49083901"
"2023/04/24","30100","-450","-1.47","30550","30800","29700","304229","9160513950","1477425420100","49083901"
"2023/04/21","30550","350","1.16","30250","31400","30250","462830","14269499000","1499513175550","49083901"
"2023/04/20","30200","-800","-2.58","30900","30900","30150","340090","10365515650","1482333810200","49083901"
"2023/04/19","31000","50","0.16","31000","31400","30500","340181","10485058400","1521600931000","49083901"
"2023/04/18","30950","-750","-2.37","31600","31650","30600","401633","12410406350","1519146735950","49083901"
"2023/04/17","31700","-800","-2.46","32250","32350","31150","524727","16531781600","1555959661700","49083901"
"2023/04/14","32500","-200","-0.61","33050","33100","32000","471638","15228628950","1595226782500","49083901"
"2023/04/13","32700","-350","-1.06","32800","32900","32250","338737","11024356800","1605043562700","49083901"
"2023/04/12","33050","-1050","-3.08","34150","34150","32800","441706","14622768400","1622222928050","49083901"
"2023/04/11","34100","50","0.15","34400","35000","33850","470811","16166418500","1673761024100","49083901"
"2023/04/10","34050","-200","-0.58","34150","34500","33500","322860","10973652450","1671306829050","49083901"
"2023/04/07","34250","1200","3.63","33550","34500","33550","493860","16851631200","1681123609250","49083901"
"2023/04/06","33050","-1200","-3.50","33550","33550","32850","399596","13246610150","1622222928050","49083901"
"2023/04/05","34250","1150","3.47","33500","35150","33450","570314","19509960000","1681123609250","49083901"
"2023/04/04","33100","-1200","-3.50","33700","33950","32700","571484","18895051000","1624677123100","49083901"
"2023/04/03","34300","-750","-2.14","35050","35050","33450","479435","16306018400","1683577804300","49083901"
"2023/03/31","35050","-150","-0.43","35950","36100","34650","438828","15496087550","1720390730050","49083901"
"2023/03/30","35200","900","2.62","35200","36400","34700","699567","24853054000","1727753315200","49083901"
"2023/03/29","34300","100","0.29","34700","35100","33350","368695","12559373400","1683577804300","49083901"
"2023/03/28","34200","700","2.09","33300","34400","33000","355685","12054292450","1678669414200","49083901"
"2023/03/27","33500","-150","-0.45","34250","34450","32950","309865","10408684950","1644310683500","49083901"
"2023/03/24","33650","250","0.75","34050","35350","33400","836064","28668669700","1651673268650","49083901"
"2023/03/23","33400","-400","-1.18","33300","34000","33050","330316","11073330950","1639402293400","49083901"
"2023/03/22","33800","1500","4.64","32600","33900","32300","430903","14289655900","1659035853800","49083901"
"2023/03/21","32300","-400","-1.22","33000","33100","32100","267717","8740477250","1585410002300","49083901"
"2023/03/20","32700","-1550","-4.53","34200","34250","32550","522665","17385414000","1605043562700","49083901"
"2023/03/17","34250","3100","9.95","32300","34550","32000","1232570","41819958950","1681123609250","49083901"
"2023/03/16","31150","1950","6.68","29250","31550","28850","477909","14716676750","1528963516150","49083901"
"2023/03/15","29200","150","0.52","29600","30000","29100","249657","7345176000","1433249909200","49083901"
"2023/03/14","29050","-1750","-5.68","30250","30700","29050","273435","8080685300","1425887324050","49083901"
"2023/03/13","30800","850","2.84","29800","31150","29550","253979","7738536950","1511784150800","49083901"
"2023/03/10","29950","-650","-2.12","30000","30150","29500","198636","5904941250","1470062834950","49083901"
"2023/03/09","30600","150","0.49","30900","31250","30100","156800","4775947050","1501967370600","49083901"
"2023/03/08","30450","-200","-0.65","30400","30600","29950","167518","5058125550","1494604785450","49083901"
"2023/03/07","30650","-750","-2.39","31400","31450","30650","120186","3708398100","1504421565650","49083901"
"2023/03/06","31400","1050","3.46","30350","31450","30250","219645","6792610900","1541234491400","49083901"
"2023/03/03","30350","-650","-2.10","31100","31150","30100","228290","6974494800","1489696395350","49083901"
"2023/03/02","31000","-50","-0.16","31100","31650","30700","251841","7825850850","1521600931000","49083901"
"2023/02/28","31050","850","2.81","30200","31350","30200","190027","5873266550","1524055126050","49083901"
"2023/02/27","30200","-600","-1.95","30300","30800","29650","159436","4792386150","1482333810200","49083901"
"2023/02/24","30800","-550","-1.75","31700","31700","30500","188572","5826498750","1511784150800","49083901"
"2023/02/23","31350","-50","-0.16","31450","31700","31200","164469","5174087750","1538780296350","49083901"
"2023/02/22","31400","-600","-1.88","31600","31700","30950","208577","6524398050","1541234491400","49083901"
"2023/02/21","32000","-200","-0.62","32150","32150","31700","160386","5123076050","1570684832000","49083901"
"2023/02/20","32200","350","1.10","31800","32300","31000","134918","4297328400","1580501612200","49083901"
"2023/02/17","31850","-450","-1.39","31950","32050","31500","162660","5181107850","1563322246850","49083901"
"2023/02/16","32300","500","1.57","31950","32500","31950","178120","5740810600","1585410002300","49083901"
"2023/02/15","31800","-200","-0.63","32100","32300","31500","238128","7596163500","1560868051800","49083901"
"2023/02/14","32000","550","1.75","31800","32200","31750","140261","4484960250","1570684832000","49083901"
"2023/02/13","31450","-350","-1.10","31750","31800","31050","176489","5542292700","1543688686450","49083901"
"2023/02/10","31800","-350","-1.09","32200","32250","31600","180006","5726098400","1560868051800","49083901"
"2023/02/09","32150","-350","-1.08","32200","32250","31600","222268","7109008550","1578047417150","49083901"
"2023/02/08","32500","300","0.93","32300","32550","32200","198139","6418474600","1595226782500","49083901"
"2023/02/07","32200","1000","3.21","31300","32300","31250","322702","10324143800","1580501612200","49083901"
"2023/02/06","31200","-100","-0.32","30900","31500","30750","264681","8235350650","1531417711200","49083901"
"2023/02/03","31300","150","0.48","31100","31450","30950","212104","6610964700","1536326101300","49083901"
"2023/02/02","31150","250","0.81","31850","32250","31000","423222","13334813550","1528963516150","49083901"
"2023/02/01","30900","50","0.16","31000","31250","30800","257537","7986712650","1516692540900","49083901"
"2023/01/31","30850","450","1.48","30200","30950","29900","418482","12736266000","1514238345850","49083901"
"2023/01/30","30400","100","0.33","30400","30650","29700","330177","9982802350","1492150590400","49083901"
"2023/01/27","30300","-450","-1.46","30650","30850","30200","165347","5037136400","1487242200300","49083901"
"2023/01/26","30750","-250","-0.81","31000","31050","30300","220580","6754629300","1509329955750","49083901"
"2023/01/25","31000","2150","7.45","29750","31300","29500","628165","19227019550","1521600931000","49083901"
"2023/01/20","28850","-50","-0.17","28900","29800","28600","157405","4575624850","1416070543850","49083901"
"2023/01/19","28900","-50","-0.17","28400","29150","28100","104100","2988838900","1418524738900","49083901"
"2023/01/18","28950","50","0.17","28900","29150","28100","184296","5286385650","1420978933950","49083901"
"2023/01/17","28900","0","0.00","28950","29650","28650","231736","6759611300","1418524738900","49083901"
"2023/01/16","28900","400","1.40","28700","29350","28500","132687","3836845800","1418524738900","49083901"
"2023/01/13","28500","-250","-0.87","28850","29050","28350","118639","3398155100","1398891178500","49083901"
"2023/01/12","28750","50","0.17","29000","29000","28100","164368","4697161950","1411162153750","49083901"
"2023/01/11","28700","0","0.00","28950","29450","28500","236571","6860186750","1408707958700","49083901"
"2023/01/10","28700","-450","-1.54","29150","29450","28600","178952","5175974950","1408707958700","49083901"
"2023/01/09","29150","0","0.00","29400","30150","28800","267006","7825825500","1430795714150","49083901"
"2023/01/06","29150","1750","6.39","27100","29300","27100","507921","14584957100","1430795714150","49083901"
"2023/01/05","27400","-400","-1.44","27800","28300","27250","251576","6964023600","1344898887400","49083901"
"2023/01/04","27800","2450","9.66","25000","28100","25000","483717","13165120450","1364532447800","49083901"
"2023/01/03","25350","700","2.84","24650","25500","24350","108208","2703521300","1244276890350","49083901"
"2023/01/02","24650","-100","-0.40","24900","25350","24300","106599","2647718550","1209918159650","49083901"
"2022/12/29","24750","-500","-1.98","25000","25400","24500","141765","3514612900","1214826549750","49083901"
"2022/12/28","25250","-1550","-5.78","26350","26500","25250","235441","6009158900","1239368500250","49083901"
"2022/12/27","26800","700","2.68","26150","26850","26100","179376","4755965550","1315448546800","49083901"
"2022/12/26","26100","450","1.75","25600","26200","24800","263122","6769761650","1281089816100","49083901"
"2022/12/23","25650","-1800","-6.56","27000","27000","25650","277963","7243993250","1259002060650","49083901"
"2022/12/22","27450","300","1.10","27300","27600","27000","146019","3988288100","1347353082450","49083901"
"2022/12/21","27150","50","0.18","27200","27650","26850","150833","4097480150","1332627912150","49083901"
"2022/12/20","27100","-450","-1.63","27200","27550","27000","111382","3031054450","1330173717100","49083901"
"2022/12/19","27550","50","0.18","27500","27750","27000","89635","2463100050","1352261472550","49083901"
"2022/12/16","27500","-1000","-3.51","27900","28000","27500","136497","3780736650","1349807277500","49083901"
"2022/12/15","28500","-350","-1.21","28450","28750","28100","91455","2601435850","1398891178500","49083901"
"2022/12/14","28850","750","2.67","28100","28850","28100","154908","4438765100","1416070543850","49083901"
"2022/12/13","28100","600","2.18","27550","28350","27300","150565","4178674350","1379257618100","49083901"
"2022/12/12","27500","-900","-3.17","27850","27950","27350","139989","3845169800","1349807277500","49083901"
"2022/12/09","28400","800","2.90","28000","28550","27800","135790","3840563300","1393982788400","49083901"
"2022/12/08","27600","-250","-0.90","27600","28000","27550","222370","6156589550","1354715667600","49083901"
"2022/12/07","27850","-100","-0.36","27550","28150","27250","119364","3305097750","1366986642850","49083901"
"2022/12/06","27950","-550","-1.93","28250","28250","27650","117153","3267759650","1371895032950","49083901"
"2022/12/05","28500","500","1.79","28100","28650","28100","96387","2740091900","1398891178500","49083901"
"2022/12/02","28000","-850","-2.95","28700","28750","28000","113422","3207230700","1374349228000","49083901"
"2022/12/01","28850","550","1.94","29000","29350","28600","176827","5133363900","1416070543850","49083901"
"2022/11/30","28300","250","0.89","28050","28300","27550","110289","3091780200","1389074398300","49083901"
"2022/11/29","28050","150","0.54","27850","28250","27600","103920","2910755100","1376803423050","49083901"
"2022/11/28","27900","-750","-2.62","28100","28400","27600","175632","4888962850","1369440837900","49083901"
"2022/11/25","28650","-350","-1.21","29150","29150","28450","80778","2312832750","1406253763650","49083901"
"2022/11/24","29000","300","1.05","28750","29100","28300","101344","2918301150","1423433129000","49083901"
"2022/11/23","28700","900","3.24","28550","29000","28150","184947","5281065050","1408707958700","49083901"
"2022/11/22","27800","-750","-2.63","28500","28650","27450","174779","4868220500","1364532447800","49083901"
"2022/11/21","28550","-450","-1.55","29050","29100","28100","173162","4914047300","1401345373550","49083901"
"2022/11/18","29000","100","0.35","29350","29900","28950","207870","6096848000","1423433129000","49083901"
"2022/11/17","28900","-900","-3.02","29250","29500","28650","177531","5133306350","1418524738900","49083901"
"2022/11/16","29800","0","0.00","30000","30000","29150","229801","6831564200","1462700249800","49083901"
"2022/11/15","29800","1300","4.56","28500","29800","28450","304082","8928904100","1462700249800","49083901"
"2022/11/14","28500","-650","-2.23","29200","29250","28250","253809","7269917950","1398891178500","49083901"
"2022/11/11","29150","1250","4.48","29500","30050","28750","529269","15474780950","1430795714150","49083901"
"2022/11/10","27900","-900","-3.13","28500","28650","27600","275839","7722446600","1369440837900","49083901"
"2022/11/09","28800","-250","-0.86","29200","29500","28650","336112","9784822850","1413616348800","49083901"
"2022/11/08","29050","1150","4.12","28150","29500","28000","581410","16843617900","1425887324050","49083901"
"2022/11/07","27900","1600","6.08","26700","27900","26550","349698","9657865000","1369440837900","49083901"
"2022/11/04","26300","-700","-2.59","26650","26750","25900","215366","5643061350","1290906596300","49083901"
"2022/11/03","27000","450","1.69","25900","27500","25700","292992","7870747450","1325265327000","49083901"
"2022/11/02","26550","-1150","-4.15","27350","27500","26450","289793","7775399000","1303177571550","49083901"
"2022/11/01","27700","200","0.73","27250","27950","27050","214672","5922239650","1359624057700","49083901"
"2022/10/31","27500","1400","5.36","26700","27650","26550","272745","7448450250","1349807277500","49083901"
"2022/10/28","26100","-1250","-4.57","27200","27500","26050","307149","8165184100","1281089816100","49083901"
"2022/10/27","27350","450","1.67","27700","28000","27050","391006","10775953450","1342444692350","49083901"
"2022/10/26","26900","-100","-0.37","27100","27600","26800","229150","6229094050","1320356936900","49083901"
"2022/10/25","27000","350","1.31","26450","27950","26400","385171","10526088900","1325265327000","49083901"
"2022/10/24","26650","1150","4.51","26050","27000","26000","387351","10329874200","1308085961650","49083901"
"2022/10/21","25500","500","2.00","24950","25800","24550","304032","7750021250","1251639475500","49083901"
"2022/10/20","25000","-50","-0.20","25050","25450","24700","239896","6011584450","1227097525000","49083901"
"2022/10/19","25050","-300","-1.18","25350","25600","24900","257076","6487275000","1229551720050","49083901"
"2022/10/18","25350","0","0.00","25800","26200","25000","295492","7524943850","1244276890350","49083901"
"2022/10/17","25350","-700","-2.69","25750","26300","25200","269637","6897488400","1244276890350","49083901"
"2022/10/14","26050","1500","6.11","25200","26500","25000","645652","16743678700","1278635621050","49083901"
"2022/10/13","24550","200","0.82","24300","24750","23850","394645","9638660050","1205009769550","49083901"
"2022/10/12","24350","1250","5.41","23100","24400","23100","271869","6532869000","1195192989350","49083901"
"2022/10/11","23100","-900","-3.75","23100","23400","22750","284370","6561224150","1133838113100","49083901"
"2022/10/07","24000","50","0.21","23600","24400","23500","221929","5330318200","1178013624000","49083901"
"2022/10/06","23950","950","4.13","23150","24200","23150","267189","6362815400","1175559428950","49083901"
"2022/10/05","23000","-400","-1.71","23900","24150","22850","248664","5781995150","1128929723000","49083901"
"2022/10/04","23400","1150","5.17","22900","23750","22900","259558","6055440350","1148563283400","49083901"
"2022/09/30","22250","0","0.00","21600","22650","21600","249391","5561856050","1092116797250","49083901"
"2022/09/29","22250","-650","-2.84","23200","23450","22250","217653","4967858250","1092116797250","49083901"
"2022/09/28","22900","-600","-2.55","23300","23500","22600","264455","6067689600","1124021332900","49083901"
"2022/09/27","23500","-200","-0.84","23550","24500","22850","316935","7377751800","1153471673500","49083901"
"2022/09/26","23700","-800","-3.27","23700","24450","23600","260883","6263525750","1163288453700","49083901"
"2022/09/23","24500","-700","-2.78","24900","25200","24300","226843","5563445150","1202555574500","49083901"
"2022/09/22","25200","-350","-1.37","25250","25400","24700","174901","4376314450","1236914305200","49083901"
"2022/09/21","25550","-600","-2.29","25800","26000","25300","258745","6619344450","1254093670550","49083901"
"2022/09/20","26150","-50","-0.19","26300","27100","25950","207976","5490168100","1283544011150","49083901"
"2022/09/19","26200","-50","-0.19","26450","26650","26050","146537","3854633850","1285998206200","49083901"
"2022/09/16","26250","200","0.77","26050","26300","25750","147964","3862200350","1288452401250","49083901"
"2022/09/15","26050","-200","-0.76","26450","26750","26000","148325","3899842650","1278635621050","49083901"
"2022/09/14","26250","-850","-3.14","26000","26450","25800","234812","6124040100","1288452401250","49083901"
"2022/09/13","27100","1100","4.23","26350","27150","26350","255790","6884542250","1330173717100","49083901"
"2022/09/08","26000","100","0.39","26200","26550","26000","278189","7276548050","1276181426000","49083901"
"2022/09/07","25900","-650","-2.45","26350","26350","25800","218916","5676488550","1271273035900","49083901"
"2022/09/06","26550","150","0.57","26200","26900","26200","180510","4780349800","1303177571550","49083901"
"2022/09/05","26400","-250","-0.94","26350","26650","26100","225717","5934958200","1295814986400","49083901"
"2022/09/02","26650","-450","-1.66","27200","27300","26400","322498","8620158450","1308085961650","49083901"
"2022/09/01","27100","-900","-3.21","27450","27700","27100","243257","6651134200","1330173717100","49083901"
"2022/08/31","28000","350","1.27","27300","28200","27100","273109","7578659800","1374349228000","49083901"
"2022/08/30","27650","500","1.84","27200","27850","26900","254047","6968537200","1357169862650","49083901"
"2022/08/29","27150","-1200","-4.23","27200","27400","26850","349007","9471338900","1332627912150","49083901"
"2022/08/26","28350","150","0.53","28800","28800","28300","234679","6686512250","1391528593350","49083901"
"2022/08/25","28200","550","1.99","27650","28250","27600","197213","5527364300","1384166008200","49083901"
"2022/08/24","27650","150","0.55","27550","27900","27400","263509","7265376050","1357169862650","49083901"
"2022/08/23","27500","-900","-3.17","28100","28150","27400","499251","13827898850","1349807277500","49083901"
"2022/08/22","28400","-550","-1.90","28500","29050","28300","245689","7011446000","1393982788400","49083901"
"2022/08/19","28950","-250","-0.86","29350","29400","28800","469423","13703724450","1420978933950","49083901"
"2022/08/18","29200","100","0.34","28850","29400","28750","140065","4084486250","1433249909200","49083901"
"2022/08/17","29100","-350","-1.19","29450","29550","29000","206299","6021724850","1428341519100","49083901"
"2022/08/16","29450","100","0.34","29500","30200","29200","395307","11756928900","1445520884450","49083901"
"2022/08/12","29350","350","1.21","28700","29600","28650","374991","10976740750","1440612494350","49083901"
"2022/08/11","29000","500","1.75","29000","29800","28700","488301","14249738550","1423433129000","49083901"
"2022/08/10","28500","-1150","-3.88","29000","29200","28450","533146","15245998050","1398891178500","49083901"
"2022/08/09","29650","-950","-3.10","30600","30600","29550","452199","13468357350","1455337664650","49083901"
"2022/08/08","30600","-400","-1.29","30900","31650","30050","689534","21220935500","1501967370600","49083901"
"2022/08/05","31000","500","1.64","30600","31150","30350","318980","9840891650","1521600931000","49083901"
"2022/08/04","30500","50","0.16","30800","31050","30150","409647","12466862850","1497058980500","49083901"
"2022/08/03","30450","-150","-0.49","30800","30800","30100","176247","5357125250","1494604785450","49083901"
"2022/08/02","30600","-150","-0.49","30750","30950","30300","219687","6708534250","1501967370600","49083901"
"2022/08/01","30750","-750","-2.38","31550","31550","30700","276728","8543047850","1509329955750","49083901"
"2022/07/29","31500","400","1.29","31400","31950","31250","204535","6453099450","1546142881500","49083901"
"2022/07/28","31100","-950","-2.96","32650","32650","30850","395572","12499693700","1526509321100","49083901"
"2022/07/27","32050","400","1.26","31550","32100","31400","213964","6805514650","1573139027050","49083901"
"2022/07/26","31650","450","1.44","30950","31700","30900","151540","4764687000","1553505466650","49083901"
"2022/07/25","31200","-100","-0.32","30900","31500","30750","170792","5319132600","1531417711200","49083901"
"2022/07/22","31300","-550","-1.73","31850","32200","31250","306958","9691595700","1536326101300","49083901"
"2022/07/21","31850","900","2.91","30950","31900","30800","344646","10852582400","1563322246850","49083901"
"2022/07/20","30950","1100","3.69","30850","31200","30600","473644","14619150500","1519146735950","49083901"
"2022/07/19","29850","650","2.23","28800","30150","28550","488463","14443800750","1465154444850","49083901"
"2022/07/18","29200","750","2.64","29050","29650","28800","351953","10266503150","1433249909200","49083901"
"2022/07/15","28450","350","1.25","28500","29000","27800","536895","15261169710","1396436983450","49083901"
"2022/07/14","28100","250","0.90","27600","28450","27450","300898","8433745300","1379257618100","49083901"
"2022/07/13","27850","100","0.36","27600","28000","27400","252867","7025992350","1366986642850","49083901"
"2022/07/12","27750","-850","-2.97","28300","28500","27550","368813","10273014750","1362078252750","49083901"
"2022/07/11","28600","-100","-0.35","28800","28850","28350","247261","7072095000","1403799568600","49083901"
"2022/07/08","28700","-50","-0.17","29300","29450","28650","392436","11379293250","1408707958700","49083901"
"2022/07/07","28750","400","1.41","28550","29000","28150","451899","12929405700","1411162153750","49083901"
"2022/07/06","28350","-1050","-3.57","29300","29350","28250","381317","10990506300","1391528593350","49083901"
"2022/07/05","29400","900","3.16","28700","29500","28650","247524","7227615900","1443066689400","49083901"
"2022/07/04","28500","-200","-0.70","28600","28950","28100","237459","6767859950","1398891178500","49083901"
"2022/07/01","28700","-1100","-3.69","29800","30250","28500","449431","13055325200","1408707958700","49083901"
"2022/06/30","29800","-1250","-4.03","30500","30700","29750","343385","10326203900","1462700249800","49083901"
"2022/06/29","31050","-400","-1.27","30900","31300","30350","337317","10363515450","1524055126050","49083901"
"2022/06/28","31450","-1050","-3.23","32200","32550","31050","325646","10260105300","1543688686450","49083901"
"2022/06/27","32500","850","2.69","32000","32800","31050","219116","7051273500","1595226782500","49083901"
"2022/06/24","31650","1250","4.11","30600","31700","30600","231007","7238432200","1553505466650","49083901"
"2022/06/23","30400","-550","-1.78","30800","32050","30150","408962","12657410950","1492150590400","49083901"
"2022/06/22","30950","-2050","-6.21","33200","33400","30950","429869","13640760350","1519146735950","49083901"
"2022/06/21","33000","0","0.00","32800","33400","32550","228933","7544758100","1619768733000","49083901"
"2022/06/20","33000","-1500","-4.35","34700","34850","32500","328474","10837519050","1619768733000","49083901"
"2022/06/17","34500","-550","-1.57","34400","34800","34050","211390","7271382000","1693394584500","49083901"
"2022/06/16","35050","-300","-0.85","35950","36300","34750","222703","7927210050","1720390730050","49083901"
"2022/06/15","35350","-1250","-3.42","36200","36450","34850","235684","8317104900","1735115900350","49083901"
"2022/06/14","36600","1050","2.95","34550","36650","34550","370582","13302870150","1796470776600","49083901"
"2022/06/13","35550","-2150","-5.70","36650","36950","35500","310554","11160805450","1744932680550","49083901"
"2022/06/10","37700","-500","-1.31","37600","37950","37550","134242","5065855700","1850463067700","49083901"
"2022/06/09","38200","0","0.00","38150","38200","37450","225919","8558567000","1875005018200","49083901"
"2022/06/08","38200","300","0.79","37950","38250","37600","173713","6599908950","1875005018200","49083901"
"2022/06/07","37900","-1450","-3.68","39050","39100","37600","411243","15676416050","1860279847900","49083901"
"2022/06/03","39350","750","1.94","39250","40500","39000","436895","17328206300","1931451504350","49083901"
"2022/06/02","38600","-250","-0.64","38850","39000","38300","192449","7424304800","1894638578600","49083901"
"2022/05/31","38850","-450","-1.15","39250","39350","38650","268162","10448520500","1906909553850","49083901"
"2022/05/30","39300","700","1.81","39350","39650","38900","260882","10253493400","1928997309300","49083901"
"2022/05/27","38600","150","0.39","38950","39050","38300","206987","8001950400","1894638578600","49083901"
"2022/05/26","38450","-450","-1.16","39150","39200","38100","315669","12191314150","1887275993450","49083901"
"2022/05/25","38900","-750","-1.89","39650","39900","38750","434159","16959481800","1909363748900","49083901"
"2022/05/24","39650","-1550","-3.76","40700","41000","39600","480625","19278397950","1946176674650","49083901"
"2022/05/23","41200","150","0.37","40950","41650","40400","246499","10075286950","2022256721200","49083901"
"2022/05/20","41050","-350","-0.85","41900","41900","40600","436739","17982539400","2014894136050","49083901"
"2022/05/19","41400","250","0.61","40050","41800","39900","407804","16767667950","2032073501400","49083901"
"2022/05/18","41150","300","0.73","41450","41600","40450","349528","14342930250","2019802526150","49083901"
"2022/05/17","40850","250","0.62","40250","41000","40100","261291","10626855950","2005077355850","49083901"
"2022/05/16","40600","50","0.12","40950","41100","39900","318807","12888505950","1992806380600","49083901"
"2022/05/13","40550","1300","3.31","39500","41150","39500","437307","17762677450","1990352185550","49083901"
"2022/05/12","39250","-950","-2.36","39450","40450","39100","430362","17088263800","1926543114250","49083901"
"2022/05/11","40200","1850","4.82","38250","40500","38000","530095","21062793300","1973172820200","49083901"
"2022/05/10","38350","300","0.79","37300","38950","37100","377124","14283372200","1882367603350","49083901"
"2022/05/09","38050","-150","-0.39","38000","38250","37700","243653","9242202350","1867642433050","49083901"
"2022/05/06","38200","-1900","-4.74","39200","39500","38200","479089","18494819600","1875005018200","49083901"
"2022/05/04","40100","-800","-1.96","41200","41250","39900","231558","9337923600","1968264430100","49083901"
"2022/05/03","40900","1050","2.63","40200","41050","39650","442381","18008548900","2007531550900","49083901"
"2022/05/02","39850","-250","-0.62","39250","40100","39000","207286","8181182350","1955993454850","49083901"
"2022/04/29","40100","1100","2.82","39600","40200","39050","346724","13758163200","1968264430100","49083901"
"2022/04/28","39000","150","0.39","39400","39550","38650","213019","8320086850","1914272139000","49083901"
"2022/04/27","38850","-650","-1.65","38300","39350","38300","321028","12470185400","1906909553850","49083901"
"2022/04/26","39500","750","1.94","39150","39850","38900","292064","11535356350","1938814089500","49083901"
"2022/04/25","38750","-950","-2.39","39050","39450","38700","316501","12336936950","1902001163750","49083901"
"2022/04/22","39700","-1150","-2.82","40500","40500","39350","417040","16548186350","1948630869700","49083901"
"2022/04/21","40850","-50","-0.12","40900","41250","40500","362962","14851602150","2005077355850","49083901"
"2022/04/20","40900","-200","-0.49","41200","41250","40500","577178","23626541500","2007531550900","49083901"
"2022/04/19","41100","4000","10.78","37400","41100","37400","2042882","82075626900","2017348331100","49083901"
"2022/04/18","37100","400","1.09","36450","37350","36250","130158","4805584700","1821012727100","49083901"
"2022/04/15","36700","-1300","-3.42","37250","37450","36550","248832","9157406850","1801379166700","49083901"
"2022/04/14","38000","100","0.26","37650","38100","37400","154507","5840922150","1865188238000","49083901"
"2022/04/13","37900","1450","3.98","36050","37900","36050","205121","7655612550","1860279847900","49083901"
"2022/04/12","36450","350","0.97","35800","36650","35600","124706","4497916500","1789108191450","49083901"
"2022/04/11","36100","-1050","-2.83","37000","37000","36050","182366","6644321450","1771928826100","49083901"
"2022/04/08","37150","-200","-0.54","37500","37700","36800","135228","5016193600","1823466922150","49083901"
"2022/04/07","37350","50","0.13","37100","37450","36500","161684","5968060100","1833283702350","49083901"
"2022/04/06","37300","-850","-2.23","37500","38050","37250","188955","7100184800","1830829507300","49083901"
"2022/04/05","38150","1000","2.69","37400","38500","37350","277657","10571968650","1872550823150","49083901"
"2022/04/04","37150","50","0.13","37000","37350","36700","158413","5871611950","1823466922150","49083901"
"2022/04/01","37100","-1000","-2.62","37750","37800","37100","262451","9770542800","1821012727100","49083901"
"2022/03/31","38100","-150","-0.39","38100","38250","37900","148995","5667605850","1870096628100","49083901"
"2022/03/30","38250","-50","-0.13","38600","39200","38150","180554","6951132300","1877459213250","49083901"
"2022/03/29","38300","150","0.39","38350","38650","38100","141375","5414801100","1879913408300","49083901"
"2022/03/28","38150","-350","-0.91","38550","38750","38050","212586","8170834500","1872550823150","49083901"
"2022/03/25","38500","600","1.58","38450","38850","37900","280530","10805226000","1889730188500","49083901"
"2022/03/24","37900","200","0.53","37500","38050","37350","217928","8225974950","1860279847900","49083901"
"2022/03/23","37700","-300","-0.79","38350","38600","37550","232898","8827850000","1850463067700","49083901"
"2022/03/22","38000","150","0.40","37700","38300","37300","217084","8241170000","1865188238000","49083901"
"2022/03/21","37850","350","0.93","37550","38300","37300","261263","9895645750","1857825652850","49083901"
"2022/03/18","37500","650","1.76","37400","38200","37050","459955","17271395400","1840646287500","49083901"
"2022/03/17","36850","1400","3.95","36300","37250","36250","423266","15617243750","1808741751850","49083901"
"2022/03/16","35450","650","1.87","35200","35650","34950","185136","6525376200","1740024290450","49083901"
"2022/03/15","34800","-300","-0.85","34900","35100","34600","148935","5187191650","1708119754800","49083901"
"2022/03/14","35100","-750","-2.09","35800","35850","34900","175814","6186225950","1722844925100","49083901"
"2022/03/11","35850","-750","-2.05","36200","36600","35650","137136","4936836850","1759657850850","49083901"
"2022/03/10","36600","950","2.66","36450","37300","36250","269391","9861041000","1796470776600","49083901"
"2022/03/08","35650","-550","-1.52","35500","35900","35200","176240","6274191250","1749841070650","49083901"
"2022/03/07","36200","-750","-2.03","36300","36700","35900","215715","7801222400","1776837216200","49083901"
"2022/03/04","36950","-550","-1.47","37250","37350","36750","159856","5917745650","1813650141950","49083901"
"2022/03/03","37500","1700","4.75","36450","37800","36400","474875","17689950850","1840646287500","49083901"
"2022/03/02","35800","-50","-0.14","35600","36050","35500","274622","9821734350","1757203655800","49083901"
"2022/02/28","35850","-150","-0.42","35600","35950","35100","340860","12109255300","1759657850850","49083901"
"2022/02/25","36000","-350","-0.96","37050","37500","34850","732504","26281696300","1767020436000","49083901"
"2022/02/24","36350","-1650","-4.34","37500","38300","36300","551798","20572592850","1784199801350","49083901"
"2022/02/23","38000","350","0.93","37750","38100","37500","628540","23792257350","1865188238000","49083901"
"2022/02/22","37650","-400","-1.05","37050","38300","37050","177983","6715077050","1848008872650","49083901"
"2022/02/21","38050","150","0.40","37150","38150","36750","243515","9167107000","1867642433050","49083901"
"2022/02/18","37900","450","1.20","36800","38300","36800","394087","14903942100","1860279847900","49083901"
"2022/02/17","37450","-50","-0.13","37550","38250","36950","281759","10630038800","1838192092450","49083901"
"2022/02/16","37500","1750","4.90","36700","37500","36550","236793","8771247650","1840646287500","49083901"
"2022/02/15","35750","-100","-0.28","35800","36200","35400","167944","6024203000","1754749460750","49083901"
"2022/02/14","35850","-1400","-3.76","36600","36600","35450","272136","9760458400","1759657850850","49083901"
"2022/02/11","37250","-600","-1.59","37100","38000","36850","246195","9214027150","1828375312250","49083901"
"2022/02/10","37850","650","1.75","37900","38450","37600","327725","12453686900","1857825652850","49083901"
"2022/02/09","37200","400","1.09","37200","37600","36850","296205","10998897700","1825921117200","49083901"
"2022/02/08","36800","-800","-2.13","37300","37850","36800","249873","9260354800","1806287556800","49083901"
"2022/02/07","37600","-850","-2.21","38350","38400","37200","226656","8528441850","1845554677600","49083901"
"2022/02/04","38450","300","0.79","38150","38900","37950","231446","8876787550","1887275993450","49083901"
"2022/02/03","38150","-50","-0.13","38850","39200","37750","234735","8997759250","1872550823150","49083901"
"2022/01/28","38200","1700","4.66","36500","38300","36150","314619","11769737200","1875005018200","49083901"
"2022/01/27","36500","-1650","-4.33","38000","38500","36400","321871","11963848600","1791562386500","49083901"
"2022/01/26","38150","-1200","-3.05","39450","39700","37800","366142","14035132900","1872550823150","49083901"
"2022/01/25","39350","250","0.64","39500","40000","39050","464871","18353787850","1931451504350","49083901"
"2022/01/24","39100","200","0.51","38500","39450","38450","237905","9280458450","1919180529100","49083901"
"2022/01/21","38900","-1900","-4.66","39900","40000","38550","528987","20596484100","1909363748900","49083901"
"2022/01/20","40800","2050","5.29","38650","40900","38650","509733","20528216200","2002623160800","49083901"
"2022/01/19","38750","-1100","-2.76","39300","39650","38400","329104","12797983950","1902001163750","49083901"
"2022/01/18","39850","-750","-1.85","40650","41050","39600","275739","11090392750","1955993454850","49083901"
"2022/01/17","40600","950","2.40","40200","41150","40050","442667","17993556750","1992806380600","49083901"
"2022/01/14","39650","250","0.63","38900","40150","38550","267521","10562414400","1946176674650","49083901"
"2022/01/13","39400","-500","-1.25","39950","40300","39400","198177","7867643250","1933905699400","49083901"
"2022/01/12","39900","900","2.31","39400","39950","39050","219611","8663542350","1958447649900","49083901"
"2022/01/11","39000","-450","-1.14","39450","39950","38700","253837","9924286050","1914272139000","49083901"
"2022/01/10","39450","-950","-2.35","39950","40200","39300","220563","8714250100","1936359894450","49083901"
"2022/01/07","40400","600","1.51","40050","40600","40000","201487","8132196950","1982989600400","49083901"
"2022/01/06","39800","-1100","-2.69","40150","40800","39750","463111","18559050500","1953539259800","49083901"
"2022/01/05","40900","-1850","-4.33","42450","42600","40800","463537","19069560950","2007531550900","49083901"
"2022/01/04","42750","-400","-0.93","43300","43550","42350","270175","11574432750","2098336767750","49083901"
"2022/01/03","43150","850","2.01","42800","43600","42100","419599","18007910100","2117970328150","49083901"
"2021/12/30","42300","400","0.95","42000","42500","41750","229562","9686652900","2076249012300","49083901"
"2021/12/29","41900","-1300","-3.01","43150","43150","41600","407554","17143027200","2056615451900","49083901"
"2021/12/28","43200","450","1.05","42950","43350","42650","393373","16927347700","2120424523200","49083901"
"2021/12/27","42750","50","0.12","42900","42950","42400","221132","9433846200","2098336767750","49083901"
"2021/12/24","42700","300","0.71","42900","43050","42500","262364","11211623300","2095882572700","49083901"
"2021/12/23","42400","900","2.17","42000","43150","41650","415195","17637145400","2081157402400","49083901"
"2021/12/22","41500","-750","-1.78","43000","43250","41450","372147","15659050500","2036981891500","49083901"
"2021/12/21","42250","1600","3.94","41350","42300","41050","457911","19152383300","2073794817250","49083901"
"2021/12/20","40650","50","0.12","40450","41200","40200","224082","9132299250","1995260575650","49083901"
"2021/12/17","40600","-1050","-2.52","40850","41350","40200","409973","16617181800","1992806380600","49083901"
"2021/12/16","41650","300","0.73","42350","42500","41600","232482","9757521050","2044344476650","49083901"
"2021/12/15","41350","50","0.12","41050","41500","40250","273640","11197207750","2029619306350","49083901"
"2021/12/14","41300","-200","-0.48","41050","41700","40200","246780","10145449750","2027165111300","49083901"
"2021/12/13","41500","-400","-0.95","42250","42500","41500","252161","10600707400","2036981891500","49083901"
"2021/12/10","41900","-650","-1.53","42150","42650","41800","299917","12644392850","2056615451900","49083901"
"2021/12/09","42550","350","0.83","42200","42650","42050","356205","15082443550","2088519987550","49083901"
"2021/12/08","42200","-1000","-2.31","44300","45600","42200","1185378","51877141850","2071340622200","49083901"
"2021/12/07","43200","400","0.93","43350","43350","42450","545419","23405582750","2120424523200","49083901"
"2021/12/06","42800","0","0.00","42450","43900","42150","731481","31477365550","2100790962800","49083901"
"2021/12/03","42800","250","0.59","42500","43150","42000","586005","24983650200","2100790962800","49083901"
"2021/12/02","42550","2600","6.51","39400","43200","39350","1862713","78910105950","2088519987550","49083901"
"2021/12/01","39950","950","2.44","39000","40200","38250","501626","19781936250","1960901844950","49083901"
"2021/11/30","39000","400","1.04","39800","40350","38650","656667","25824874700","1914272139000","49083901"
"2021/11/29","38600","-1050","-2.65","38050","39900","38000","525986","20472964600","1894638578600","49083901"
"2021/11/26","39650","-900","-2.22","40800","41450","39100","653934","26225905150","1946176674650","49083901"
"2021/11/25","40550","-1650","-3.91","42150","42700","40550","623058","25583819700","1990352185550","49083901"
"2021/11/24","42200","-1200","-2.76","43100","43350","40800","1275986","53294623000","2071340622200","49083901"
"2021/11/23","43400","-300","-0.69","44000","44300","42600","1232034","53572497250","2130241303400","49083901"
"2021/11/22","43700","5050","13.07","39550","43700","39400","3039738","129030728700","2144966473700","49083901"
"2021/11/19","38650","1000","2.66","38200","38650","37350","363203","13846240600","1897092773650","49083901"
"2021/11/18","37650","-600","-1.57","38350","38400","37600","265508","10038363400","1848008872650","49083901"
"2021/11/17","38250","150","0.39","38600","38600","37600","338091","12910982550","1877459213250","49083901"
"2021/11/16","38100","50","0.13","38150","38650","37500","462792","17643972300","1870096628100","49083901"
"2021/11/15","38050","2200","6.14","36750","38700","36750","1157628","43778172150","1867642433050","49083901"
"2021/11/12","35850","100","0.28","36100","36350","35700","554584","19961431500","1759657850850","49083901"
"2021/11/11","35750","750","2.14","34950","35750","34400","293989","10291506900","1754749460750","49083901"
"2021/11/10","35000","-1100","-3.05","36100","36250","34800","614000","21633973550","1717936535000","49083901"
"2021/11/09","36100","-850","-2.30","37050","37550","35950","645142","23558847250","1771928826100","49083901"
"2021/11/08","36950","-2600","-6.57","38950","39000","36500","977638","36147006900","1813650141950","49083901"
"2021/11/05","39550","-650","-1.62","40750","41100","39350","339805","13583030200","1941268284550","49083901"
"2021/11/04","40200","100","0.25","40600","41050","40000","161290","6505365500","1973172820200","49083901"
"2021/11/03","40100","-1200","-2.91","41500","41550","40100","212397","8589850300","1968264430100","49083901"
"2021/11/02","41300","600","1.47","41000","41650","40800","256537","10613444150","2027165111300","49083901"
"2021/11/01","40700","250","0.62","40700","41750","40500","318796","13087955050","1997714770700","49083901"
"2021/10/29","40450","-850","-2.06","41950","42000","40050","401761","16343878100","1985443795450","49083901"
"2021/10/28","41300","1900","4.82","39550","41950","38950","870835","35789835350","2027165111300","49083901"
"2021/10/27","39400","-500","-1.25","40000","40000","39250","204270","8080646700","1933905699400","49083901"
"2021/10/26","39900","650","1.66","39700","40000","39300","264362","10509095950","1958447649900","49083901"
"2021/10/25","39250","450","1.16","38600","39350","38200","199257","7750563400","1926543114250","49083901"
"2021/10/22","38800","50","0.13","38250","39200","38150","126513","4902237250","1904455358800","49083901"
"2021/10/21","38750","-550","-1.40","39300","39350","38650","621298","23752819822","1902001163750","49083901"
"2021/10/20","39300","-350","-0.88","39700","40150","39250","203796","8046737700","1928997309300","49083901"
"2021/10/19","39650","-250","-0.63","40300","40400","39550","168535","6697630200","1946176674650","49083901"
"2021/10/18","39900","550","1.40","39850","40200","39300","277557","11053636650","1958447649900","49083901"
"2021/10/15","39350","600","1.55","39800","40500","39100","384501","15251469200","1931451504350","49083901"
"2021/10/14","38750","450","1.17","38400","38950","38150","375153","14465547050","1902001163750","49083901"
"2021/10/13","38300","200","0.52","37800","38500","37750","290542","11062131300","1879913408300","49083901"
"2021/10/12","38100","-550","-1.42","38250","38500","37500","274209","10431131550","1870096628100","49083901"
"2021/10/08","38650","-900","-2.28","40000","40250","38650","311570","12233052650","1897092773650","49083901"
"2021/10/07","39550","2300","6.17","37900","39900","37800","523074","20387237900","1941268284550","49083901"
"2021/10/06","37250","-1150","-2.99","38800","39400","37200","340916","12900207350","1828375312250","49083901"
"2021/10/05","38400","-650","-1.66","37850","38650","37600","393386","14976233950","1884821798400","49083901"
"2021/10/01","39050","-1000","-2.50","40050","40150","39000","290805","11415535700","1916726334050","49083901"
"2021/09/30","40050","-400","-0.99","40300","40350","39750","465127","18622041850","1965810235050","49083901"
"2021/09/29","40450","-1600","-3.80","40500","41450","39900","660255","26635063850","1985443795450","49083901"
"2021/09/28","42050","-1050","-2.44","42800","43650","42000","259803","11076416250","2063978037050","49083901"
"2021/09/27","43100","-200","-0.46","42850","43600","42300","259560","11132395750","2115516133100","49083901"
"2021/09/24","43300","-900","-2.04","44450","44550","43100","365808","15961338400","2125332913300","49083901"
"2021/09/23","44200","-1200","-2.64","44800","45450","44150","351579","15689694850","2169508424200","49083901"
"2021/09/17","45400","1450","3.30","44100","45600","43250","668039","30042175900","2228409105400","49083901"
"2021/09/16","43950","550","1.27","43700","45000","43400","589847","26211274750","2157237448950","49083901"
"2021/09/15","43400","100","0.23","43300","43700","42800","189214","8179294500","2130241303400","49083901"
"2021/09/14","43300","800","1.88","42600","43550","42400","292543","12597682350","2125332913300","49083901"
"2021/09/13","42500","-1050","-2.41","43400","43400","42400","338156","14440444950","2086065792500","49083901"
"2021/09/10","43550","950","2.23","42450","43800","42100","327699","14080617450","2137603888550","49083901"
"2021/09/09","42600","-1300","-2.96","43500","43650","42400","448122","19179220000","2090974182600","49083901"
"2021/09/08","43900","-50","-0.11","43750","44100","42950","334767","14514821600","2154783253900","49083901"
"2021/09/07","43950","-1300","-2.87","44850","45000","43750","323430","14271154400","2157237448950","49083901"
"2021/09/06","45250","500","1.12","45200","45500","44500","309699","13941733300","2221046520250","49083901"
"2021/09/03","44750","-50","-0.11","45300","45300","44700","227320","10213609050","2196504569750","49083901"
"2021/09/02","44800","-500","-1.10","45700","45950","44700","286237","12931173050","2198958764800","49083901"
"2021/09/01","45300","0","0.00","45500","45850","45000","287356","13015370750","2223500715300","49083901"
"2021/08/31","45300","0","0.00","44950","45600","44350","418968","18805338850","2223500715300","49083901"
"2021/08/30","45300","150","0.33","45750","46200","45250","272722","12426022950","2223500715300","49083901"
"2021/08/27","45150","-750","-1.63","45350","45750","44500","394244","17815002700","2216138130150","49083901"
"2021/08/26","45900","900","2.00","46050","46900","45700","855408","39551531200","2252951055900","49083901"
"2021/08/25","45000","200","0.45","47400","48650","44600","2429204","112856488500","2208775545000","49083901"
"2021/08/24","44800","3750","9.14","41950","44850","41600","690600","29842573850","2198958764800","49083901"
"2021/08/23","41050","700","1.73","40850","41200","40400","326628","13369437650","2014894136050","49083901"
"2021/08/20","40350","-1150","-2.77","41900","42200","40200","515343","21132909100","1980535405350","49083901"
"2021/08/19","41500","-2100","-4.82","42850","43300","41500","544365","22899200000","2036981891500","49083901"
"2021/08/18","43600","500","1.16","42950","43850","42100","402107","17343618350","2140058083600","49083901"
"2021/08/17","43100","-500","-1.15","43950","44700","43050","529912","23152166900","2115516133100","49083901"
"2021/08/13","43600","-1400","-3.11","44650","44700","42850","730990","31873885200","2140058083600","49083901"
"2021/08/12","45000","-2400","-5.06","46600","46750","44850","1345114","61226840350","2208775545000","49083901"
"2021/08/11","47400","-1950","-3.95","48650","49150","47250","669583","32120881700","2326576907400","49083901"
"2021/08/10","49350","-1150","-2.28","51200","51300","49050","737808","36679458050","2422290514350","49083901"
"2021/08/09","50500","1700","3.48","49100","50800","48500","1138942","56849190850","2478737000500","49083901"
"2021/08/06","48800","50","0.10","48700","49950","48350","602815","29681763500","2395294368800","49083901"
"2021/08/05","48750","250","0.52","48950","49400","48500","386449","18911453500","2392840173750","49083901"
"2021/08/04","48500","100","0.21","48900","49250","47850","375264","18183708300","2380569198500","49083901"
"2021/08/03","48400","1850","3.97","46700","48450","46600","630772","30324264750","2375660808400","49083901"
"2021/08/02","46550","200","0.43","46300","46950","46300","153068","7133370000","2284855591550","49083901"
"2021/07/30","46350","-450","-0.96","46650","46750","46150","242701","11246142250","2275038811350","49083901"
"2021/07/29","46800","-50","-0.11","47000","47100","46550","171206","7998504100","2297126566800","49083901"
"2021/07/28","46850","-950","-1.99","47100","47800","46600","384595","18062154850","2299580761850","49083901"
"2021/07/27","47800","350","0.74","47650","48300","47450","171156","8198427700","2346210467800","49083901"
"2021/07/26","47450","-750","-1.56","48500","48500","47250","214620","10226858750","2329031102450","49083901"
"2021/07/23","48200","-500","-1.03","48750","49200","48000","248091","12010153400","2365844028200","49083901"
"2021/07/22","48700","1650","3.51","47650","49300","47400","935314","45751368500","2390385978700","49083901"
"2021/07/21","47050","400","0.86","47200","47200","46500","249974","11689301800","2309397542050","49083901"
"2021/07/20","46650","-250","-0.53","46200","47250","46200","239767","11225782650","2289763981650","49083901"
"2021/07/19","46900","-700","-1.47","47250","47250","46700","195810","9181960000","2302034956900","49083901"
"2021/07/16","47600","-800","-1.65","48000","48300","47600","223790","10686810550","2336393687600","49083901"
"2021/07/15","48400","1800","3.86","46650","48550","46600","485039","23222882150","2375660808400","49083901"
"2021/07/14","46600","-800","-1.69","47100","47200","46550","332330","15505181500","2287309786600","49083901"
"2021/07/13","47400","500","1.07","47050","47850","47000","247701","11752238800","2326576907400","49083901"
"2021/07/12","46900","-100","-0.21","47050","47350","46900","228033","10729750250","2302034956900","49083901"
"2021/07/09","47000","-900","-1.88","47400","47600","46500","451633","21123455100","2306943347000","49083901"
"2021/07/08","47900","-750","-1.54","48700","49100","47600","408841","19649538100","2351118857900","49083901"
"2021/07/07","48650","-450","-0.92","49300","49450","48400","375577","18237169800","2387931783650","49083901"
"2021/07/06","49100","350","0.72","48900","49700","48800","247646","12197285050","2410019539100","49083901"
"2021/07/05","48750","-150","-0.31","48900","49000","48550","268523","13081886300","2392840173750","49083901"
"2021/07/02","48900","-200","-0.41","49100","49100","48850","191415","9372701950","2400202758900","49083901"
"2021/07/01","49100","-500","-1.01","49750","49800","48800","185396","9115351150","2410019539100","49083901"
"2021/06/30","49600","550","1.12","49300","49750","49150","237125","11744552750","2434561489600","49083901"
"2021/06/29","49050","50","0.10","49700","49900","48950","241629","11920385200","2407565344050","49083901"
"2021/06/28","49000","50","0.10","49150","49200","48600","208244","10196188050","2405111149000","49083901"
"2021/06/25","48950","500","1.03","48950","50200","48700","409185","20200050850","2402656953950","49083901"
"2021/06/24","48450","50","0.10","48800","49250","48450","280959","13684005800","2378115003450","49083901"
"2021/06/23","48400","-100","-0.21","48650","48800","48400","220521","10700451400","2375660808400","49083901"
"2021/06/22","48500","0","0.00","48900","48950","48500","172245","8364975100","2380569198500","49083901"
"2021/06/21","48500","-1000","-2.02","49050","49050","48450","302919","14728499650","2380569198500","49083901"
"2021/06/18","49500","0","0.00","49900","50000","49500","237955","11812185650","2429653099500","49083901"
"2021/06/17","49500","550","1.12","49000","50000","48600","291376","14417444900","2429653099500","49083901"
"2021/06/16","48950","100","0.20","48850","49500","48850","180952","8900358650","2402656953950","49083901"
"2021/06/15","48850","-300","-0.61","49400","49450","48800","206733","10130819200","2397748563850","49083901"
"2021/06/14","49150","0","0.00","49200","49400","48750","152986","7510283750","2412473734150","49083901"
"2021/06/11","49150","450","0.92","49150","49300","48800","204099","10015768100","2412473734150","49083901"
"2021/06/10","48700","150","0.31","48650","49200","48250","381568","18613330300","2390385978700","49083901"
"2021/06/09","48550","-1250","-2.51","49850","49850","48500","644375","31449450150","2383023393550","49083901"
"2021/06/08","49800","-600","-1.19","50400","50600","49800","324750","16239609550","2444378269800","49083901"
"2021/06/07","50400","-200","-0.40","51400","51500","50100","450042","22804358300","2473828610400","49083901"
"2021/06/04","50600","-1300","-2.50","51500","51500","50300","439156","22259176400","2483645390600","49083901"
"2021/06/03","51900","1500","2.98","50600","52000","50200","863937","44525125100","2547454461900","49083901"
"2021/06/02","50400","0","0.00","50500","50700","49900","285962","14364464550","2473828610400","49083901"
"2021/06/01","50400","0","0.00","50400","50600","49900","203088","10215636600","2473828610400","49083901"
"2021/05/31","50400","100","0.20","50400","50500","49600","229292","11445935900","2473828610400","49083901"
"2021/05/28","50300","100","0.20","50300","50700","49900","214156","10762628250","2468920220300","49083901"
"2021/05/27","50200","1100","2.24","49300","50500","48500","428326","21190927500","2464011830200","49083901"
"2021/05/26","49100","-1000","-2.00","50100","50400","49050","421288","20790991200","2410019539100","49083901"
"2021/05/25","50100","150","0.30","50400","50600","49800","302246","15137463250","2459103440100","49083901"
"2021/05/24","49950","-1850","-3.57","52100","52100","49800","401659","20216640050","2451740854950","49083901"
"2021/05/21","51800","600","1.17","52000","52400","51100","588685","30513954700","2542546071800","49083901"
"2021/05/20","51200","100","0.20","51200","51900","50300","366878","18734349600","2513095731200","49083901"
"2021/05/18","51100","700","1.39","50400","51100","49750","305842","15487096900","2508187341100","49083901"
"2021/05/17","50400","-600","-1.18","51900","52000","49900","405799","20550501800","2473828610400","49083901"
"2021/05/14","51000","3100","6.47","48900","51000","48800","959398","47869946900","2503278951000","49083901"
"2021/05/13","47900","-2400","-4.77","48800","49800","47900","664318","32390117650","2351118857900","49083901"
"2021/05/12","50300","350","0.70","50100","50700","49150","418872","20894544200","2468920220300","49083901"
"2021/05/11","49950","-2250","-4.31","51100","51300","49800","746068","37460655750","2451740854950","49083901"
"2021/05/10","52200","1700","3.37","50800","52400","50700","488078","25241556600","2562179632200","49083901"
"2021/05/07","50500","-300","-0.59","51200","51500","50300","345793","17555593200","2478737000500","49083901"
"2021/05/06","50800","1050","2.11","50100","50900","49450","470131","23692888700","2493462170800","49083901"
"2021/05/04","49750","200","0.40","49300","50200","48500","498361","24627248274","2441924074750","49083901"
"2021/05/03","49550","-1250","-2.46","50300","51300","49500","582219","29256320000","2432107294550","49083901"
"2021/04/30","50800","400","0.79","50800","51100","49400","542679","27249331100","2493462170800","49083901"
"2021/04/29","50400","-1700","-3.26","52100","52500","49850","966748","48828143150","2473828610400","49083901"
"2021/04/28","52100","-1500","-2.80","53800","53900","51600","729104","38153400500","2557271242100","49083901"
"2021/04/27","53600","-2300","-4.11","56300","56400","53300","968947","52455666300","2630897093600","49083901"
"2021/04/26","55900","-600","-1.06","56800","56800","55600","402776","22548133600","2743790065900","49083901"
"2021/04/23","56500","100","0.18","55700","56800","55400","307960","17300548500","2773240406500","49083901"
"2021/04/22","56400","100","0.18","56600","57100","56000","418697","23638131500","2768332016400","49083901"
"2021/04/21","56300","200","0.36","55600","56300","55300","379161","21146372100","2763423626300","49083901"
"2021/04/20","56100","-1100","-1.92","56600","56700","55000","962481","53590074300","2753606846100","49083901"
"2021/04/19","57200","1300","2.33","56300","58400","55900","1126100","64620297400","2807599137200","49083901"
"2021/04/16","55900","-400","-0.71","56800","56800","55300","546076","30496550400","2743790065900","49083901"
"2021/04/15","56300","-100","-0.18","56300","56900","55600","415087","23384409700","2763423626300","49083901"
"2021/04/14","56400","-500","-0.88","56500","57000","55300","618696","34722247600","2768332016400","49083901"
"2021/04/13","56900","-900","-1.56","57300","57400","56400","587932","33385996400","2792873966900","49083901"
"2021/04/12","57800","2500","4.52","56000","57800","54400","986768","55680151400","2837049477800","49083901"
"2021/04/09","55300","100","0.18","55600","56500","54900","574525","32020940700","2714339725300","49083901"
"2021/04/08","55200","-800","-1.43","55700","56600","54400","953487","52711811800","2709431335200","49083901"
"2021/04/07","56000","-700","-1.23","56300","57400","55500","505388","28432628500","2748698456000","49083901"
"2021/04/06","56700","-1600","-2.74","58700","59300","56100","882334","50358156600","2783057186700","49083901"
"2021/04/05","58300","1700","3.00","57400","59300","56700","1354682","79022611200","2861591428300","49083901"
"2021/04/02","56600","2600","4.81","55100","58300","55000","2094887","119188452100","2778148796600","49083901"
"2021/04/01","54000","2300","4.45","52800","54400","52000","798770","42555914500","2650530654000","49083901"
"2021/03/31","51700","700","1.37","51300","52200","50600","290814","14980147800","2537637681700","49083901"
"2021/03/30","51000","-700","-1.35","52200","52200","51000","346370","17823020500","2503278951000","49083901"
"2021/03/29","51700","-900","-1.71","53100","53600","51600","434130","22743155200","2537637681700","49083901"
"2021/03/26","52600","600","1.15","52800","53800","52000","672898","35533071900","2581813192600","49083901"
"2021/03/25","52000","-400","-0.76","52500","53000","51400","609129","31816157800","2552362852000","49083901"
"2021/03/24","52400","1700","3.35","50500","52700","49650","986362","51110540200","2571996412400","49083901"
"2021/03/23","50700","300","0.60","51700","52400","50600","733570","37727534300","2488553780700","49083901"
"2021/03/22","50400","200","0.40","50400","50600","49550","268652","13477011950","2473828610400","49083901"
"2021/03/19","50200","-700","-1.38","49500","50700","49400","310537","15532015700","2464011830200","49083901"
"2021/03/18","50900","-400","-0.78","51700","52000","50700","543018","27843585400","2498370560900","49083901"
"2021/03/17","51300","300","0.59","50400","51400","49800","434900","21929057300","2518004121300","49083901"
"2021/03/16","51000","2750","5.70","48600","51000","48500","685636","34266304100","2503278951000","49083901"
"2021/03/15","48250","-350","-0.72","48500","48800","47850","207654","10031847650","2368298223250","49083901"
"2021/03/12","48600","550","1.14","48850","49300","48450","326512","15931724750","2385477588600","49083901"
"2021/03/11","48050","300","0.63","48100","48900","48000","464829","22493156500","2358481443050","49083901"
"2021/03/10","47750","-150","-0.31","49400","49400","47700","440074","21250683150","2343756272750","49083901"
"2021/03/09","47900","-1300","-2.64","49200","49450","47100","835517","39820613650","2351118857900","49083901"
"2021/03/08","49200","-350","-0.71","50900","50900","49150","502686","25214983800","2414927929200","49083901"
"2021/03/05","49550","-400","-0.80","48900","49650","48100","458140","22324379750","2432107294550","49083901"
"2021/03/04","49950","-1050","-2.06","50000","50300","49450","411976","20524957950","2451740854950","49083901"
"2021/03/03","51000","500","0.99","50900","51900","50500","449317","22967065600","2503278951000","49083901"
"2021/03/02","50500","750","1.51","51800","52500","49850","857468","43883727550","2478737000500","49083901"
"2021/02/26","49750","-350","-0.70","48100","49750","47900","825143","40110159800","2441924074750","49083901"
"2021/02/25","50100","4100","8.91","47450","50300","47300","1051516","51392108950","2459103440100","49083901"
"2021/02/24","46000","-2300","-4.76","48450","49450","46000","838521","40008004200","2257859446000","49083901"
"2021/02/23","48300","-1350","-2.72","48700","49000","47750","634874","30738535300","2370752418300","49083901"
"2021/02/22","49650","-650","-1.29","50800","51100","49500","494944","24881151750","2437015684650","49083901"
"2021/02/19","50300","500","1.00","50200","51000","48800","655814","32766781650","2468920220300","49083901"
"2021/02/18","49800","-3500","-6.57","52500","53200","49700","854525","43506711100","2444378269800","49083901"
"2021/02/17","53300","0","0.00","53400","53500","51000","843248","44018627700","2616171923300","49083901"
"2021/02/16","53300","2400","4.72","51800","53400","51700","1216314","64092503300","2616171923300","49083901"
"2021/02/15","50900","3500","7.38","49000","51900","48750","1709287","86493735500","2498370560900","49083901"
"2021/02/10","47400","200","0.42","47300","47550","46400","387510","18193401950","2326576907400","49083901"
"2021/02/09","47200","-350","-0.74","48200","49300","47100","759046","36488622600","2316760127200","49083901"
"2021/02/08","47550","-250","-0.52","47750","47800","46500","418224","19664628800","2333939492550","49083901"
"2021/02/05","47800","-400","-0.83","48350","48800","47500","419018","20052725800","2346210467800","49083901"
"2021/02/04","48200","-750","-1.53","49050","49050","47900","393606","18991621200","2365844028200","49083901"
"2021/02/03","48950","-150","-0.31","49400","49550","48300","488909","23851509650","2402656953950","49083901"
"2021/02/02","49100","500","1.03","49600","50600","48300","651405","32151247400","2410019539100","49083901"
"2021/02/01","48600","700","1.46","47500","48900","46350","521158","25116759500","2385477588600","49083901"
"2021/01/29","47900","-2100","-4.20","51100","51400","47650","991185","48375889500","2351118857900","49083901"
"2021/01/28","50000","-2000","-3.85","50500","51800","49800","1057928","53663711000","2454195050000","49083901"
"2021/01/27","52000","-1700","-3.17","54200","54400","51500","707860","37131644900","2552362852000","49083901"
"2021/01/26","53700","900","1.70","53300","54000","52200","903472","48028776200","2635805483700","49083901"
"2021/01/25","52800","3200","6.45","51600","53700","51300","1641215","86167035700","2591629972800","49083901"
"2021/01/22","49600","150","0.30","51600","55200","49600","2989580","155786377450","2434561489600","49083901"
"2021/01/21","49450","-100","-0.20","49000","50200","48200","1344139","66344343140","2427198904450","49083901"
"2021/01/20","49550","4100","9.02","46200","50800","45600","2702663","131182998700","2432107294550","49083901"
"2021/01/19","45450","150","0.33","45500","46050","44700","680542","30818814350","2230863300450","49083901"
"2021/01/18","45300","-950","-2.05","45450","47650","44500","1467044","67358260100","2223500715300","49083901"
"2021/01/15","46250","1950","4.40","45300","47050","45150","2219164","102593199250","2270130421250","49083901"
"2021/01/14","44300","0","0.00","44400","44500","43800","429246","18919522250","2174416814300","49083901"
"2021/01/13","44300","-250","-0.56","45100","45200","44100","332267","14770325050","2174416814300","49083901"
"2021/01/12","44550","0","0.00","44350","45300","43450","538034","23853498450","2186687789550","49083901"
"2021/01/11","44550","-700","-1.55","45300","45800","43000","1223938","54518158550","2186687789550","49083901"
"2021/01/08","45250","-500","-1.09","45850","46100","44700","756099","34103015450","2221046520250","49083901"
"2021/01/07","45750","100","0.22","46000","46300","45200","541798","24757504850","2245588470750","49083901"
"2021/01/06","45650","250","0.55","46050","46400","44500","891057","40548154900","2240680080650","49083901"
"2021/01/05","45400","1100","2.48","45200","48000","44500","1654320","75978206800","2228409105400","49083901"
"2021/01/04","44300","50","0.11","44300","44500","43300","701531","30916632800","2174416814300","49083901"
"2020/12/30","44250","900","2.08","43200","44500","42800","578561","25407588850","2171962619250","49083901"
"2020/12/29","43350","-650","-1.48","44000","44450","42700","632445","27310189950","2127787108350","49083901"
"2020/12/28","44000","900","2.09","43800","44200","42850","562111","24519586950","2159691644000","49083901"
"2020/12/24","43100","500","1.17","42800","43750","42250","478564","20575119950","2115516133100","49083901"
"2020/12/23","42600","700","1.67","41950","43200","40850","578721","24521019750","2090974182600","49083901"
"2020/12/22","41900","-800","-1.87","42450","42850","41850","465329","19666163300","2056615451900","49083901"
"2020/12/21","42700","-1050","-2.40","43750","43750","42350","564280","24105547500","2095882572700","49083901"
"2020/12/18","43750","-1500","-3.31","45400","45450","43700","685146","30246311150","2147420668750","49083901"
"2020/12/17","45250","1050","2.38","43950","45750","43750","634695","28558840700","2221046520250","49083901"
"2020/12/16","44200","0","0.00","44300","44600","43000","642232","28134384204","2169508424200","49083901"
"2020/12/15","44200","1400","3.27","43050","45350","43000","932746","41318900100","2169508424200","49083901"
"2020/12/14","42800","-550","-1.27","43150","43550","42500","333352","14313418850","2100790962800","49083901"
"2020/12/11","43350","100","0.23","43150","43450","42750","395624","17043658350","2127787108350","49083901"
"2020/12/10","43250","-750","-1.70","43300","43400","42800","652981","28098591850","2122878718250","49083901"
"2020/12/09","44000","700","1.62","43500","44200","42550","710455","30810433700","2159691644000","49083901"
"2020/12/08","43300","-50","-0.12","43150","44400","42350","648301","27941834700","2125332913300","49083901"
"2020/12/07","43350","-750","-1.70","44100","44150","41550","1058868","45246408950","2127787108350","49083901"
"2020/12/04","44100","2350","5.63","42050","44700","41650","1467951","64240540750","2164600034100","49083901"
"2020/12/03","41750","450","1.09","42250","43200","41500","1189998","50473828100","2049252866750","49083901"
"2020/12/02","41300","2200","5.63","39200","41750","39150","1584018","64955603150","2027165111300","49083901"
"2020/12/01","39100","-750","-1.88","40000","41300","38750","1076032","42742601350","1919180529100","49083901"
"2020/11/30","39850","1000","2.57","39200","39850","38600","730583","28776133650","1955993454850","49083901"
"2020/11/27","38850","1000","2.64","37900","40150","37550","1114640","43764233000","1906909553850","49083901"
"2020/11/26","37850","350","0.93","37700","38050","36950","431290","16248422150","1857825652850","49083901"
"2020/11/25","37500","-1200","-3.10","38950","39200","36750","1016798","38394935750","1840646287500","49083901"
"2020/11/24","38700","-500","-1.28","39750","39750","38300","668643","26018965600","1899546968700","49083901"
"2020/11/23","39200","300","0.77","38550","39550","38000","595535","23269455600","1924088919200","49083901"
"2020/11/20","38900","50","0.13","38750","39350","38050","834292","32359544200","1909363748900","49083901"
"2020/11/19","38850","2300","6.29","36550","39300","36100","2151207","82712485200","1906909553850","49083901"
"2020/11/18","36550","50","0.14","36600","37050","36400","481452","17634493650","1794016581550","49083901"
"2020/11/17","36500","-150","-0.41","36500","36800","35700","868290","31629110700","1791562386500","49083901"
"2020/11/16","36650","2250","6.54","35100","36950","34900","2031226","73638416050","1798924971650","49083901"
"2020/11/13","34400","1100","3.30","33400","34450","32900","527462","17767506250","1688486194400","49083901"
"2020/11/12","33300","-700","-2.06","34100","34650","33300","423909","14365874200","1634493903300","49083901"
"2020/11/11","34000","250","0.74","33500","34300","33500","400643","13623492150","1668852634000","49083901"
"2020/11/10","33750","-300","-0.88","34150","34150","33350","474163","15950402719","1656581658750","49083901"
"2020/11/09","34050","-350","-1.02","34600","34750","33900","521902","17839107650","1671306829050","49083901"
"2020/11/06","34400","-700","-1.99","35200","36100","34250","994934","34868844050","1688486194400","49083901"
"2020/11/05","35100","300","0.86","35400","35750","34250","1181639","41324308750","1722844925100","49083901"
"2020/11/04","34800","1950","5.94","33350","35050","32550","1251993","42734963850","1708119754800","49083901"
"2020/11/03","32850","900","2.82","32050","33100","32050","394190","12940552950","1612406147850","49083901"
"2020/11/02","31950","-100","-0.31","32150","32600","31550","206148","6599147550","1568230636950","49083901"
"2020/10/30","32050","-750","-2.29","32900","33350","31650","610896","20063117200","1573139027050","49083901"
"2020/10/29","32800","2050","6.67","30500","33000","30250","754257","24066975250","1609951952800","49083901"
"2020/10/28","30750","800","2.67","29600","30750","29550","204600","6195720750","1509329955750","49083901"
"2020/10/27","29950","0","0.00","29450","30250","29300","297904","8913955250","1470062834950","49083901"
"2020/10/26","29950","-1400","-4.47","31350","31350","29850","365411","11079369100","1470062834950","49083901"
"2020/10/23","31350","-550","-1.72","32000","32100","30950","171125","5364421550","1538780296350","49083901"
"2020/10/22","31900","50","0.16","31650","32200","31400","181054","5770767650","1565776441900","49083901"
"2020/10/21","31850","700","2.25","31000","31900","30850","215478","6763835200","1563322246850","49083901"
"2020/10/20","31150","300","0.97","30450","31150","30200","211928","6497819600","1528963516150","49083901"
"2020/10/19","30850","250","0.82","31050","31400","30700","433465","13438349400","1514238345850","49083901"
"2020/10/16","30600","-850","-2.70","31350","31700","30250","468323","14414949150","1501967370600","49083901"
"2020/10/15","31450","-850","-2.63","32050","32300","31000","423583","13337302800","1543688686450","49083901"
"2020/10/14","32300","-900","-2.71","33150","33300","32250","294125","9620024150","1585410002300","49083901"
"2020/10/13","33200","0","0.00","33400","33650","33050","271009","9029130201","1629585513200","49083901"
"2020/10/12","33200","200","0.61","33150","33450","33000","205589","6819126650","1629585513200","49083901"
"2020/10/08","33000","-350","-1.05","33700","33700","32950","251519","8326879450","1619768733000","49083901"
"2020/10/07","33350","-200","-0.60","33050","33350","32850","212568","7044770150","1636948098350","49083901"
"2020/10/06","33550","-250","-0.74","34250","34250","33150","312673","10535502050","1646764878550","49083901"
"2020/10/05","33800","450","1.35","33100","33850","33050","156202","5244924900","1659035853800","49083901"
"2020/09/29","33350","-100","-0.30","34100","34100","33100","284919","9541999950","1636948098350","49083901"
"2020/09/28","33450","1150","3.56","32900","33500","32500","193053","6377384550","1641856488450","49083901"
"2020/09/25","32300","0","0.00","32600","32800","32000","134871","4375998750","1585410002300","49083901"
"2020/09/24","32300","-1000","-3.00","32700","33150","32150","310254","10082494550","1585410002300","49083901"
"2020/09/23","33300","700","2.15","33000","33450","32000","307264","10094795800","1634493903300","49083901"
"2020/09/22","32600","-1000","-2.98","33550","33600","32350","361095","11811574950","1600135172600","49083901"
"2020/09/21","33600","250","0.75","33550","34600","33300","467234","15897812600","1649219073600","49083901"
"2020/09/18","33350","50","0.15","33450","33750","33100","277956","9269027250","1636948098350","49083901"
"2020/09/17","33300","-700","-2.06","33900","34250","33200","336580","11274391300","1634493903300","49083901"
"2020/09/16","34000","-1200","-3.41","35500","35550","33950","513925","17779342950","1668852634000","49083901"
"2020/09/15","35200","900","2.62","34900","35500","34300","646538","22611605800","1727753315200","49083901"
"2020/09/14","34300","400","1.18","33950","34600","33850","323847","11097596250","1683577804300","49083901"
"2020/09/11","33900","-200","-0.59","33950","34100","33150","322813","10827391700","1663944243900","49083901"
"2020/09/10","34100","150","0.44","34550","34550","33800","417582","14240132000","1673761024100","49083901"
"2020/09/09","33950","50","0.15","33100","34200","32850","331485","11158544350","1666398438950","49083901"
"2020/09/08","33900","450","1.35","34050","34300","33450","363372","12323356500","1663944243900","49083901"
"2020/09/07","33450","350","1.06","33500","33800","32900","359372","12031881200","1641856488450","49083901"
"2020/09/04","33100","-900","-2.65","32100","33200","32000","466813","15318460800","1624677123100","49083901"
"2020/09/03","34000","200","0.59","34750","35150","33750","810229","27944864600","1668852634000","49083901"
"2020/09/02","33800","0","0.00","34050","34150","33300","484520","16348629600","1659035853800","49083901"
"2020/09/01","33800","1800","5.63","32900","34350","32750","949590","32010730650","1659035853800","49083901"
"2020/08/31","32000","-200","-0.62","32850","32900","31900","292727","9444898250","1570684832000","49083901"
"2020/08/28","32200","250","0.78","31950","32600","31700","354817","11431419900","1580501612200","49083901"
"2020/08/27","31950","-650","-1.99","32900","32900","31900","436630","14035948800","1568230636950","49083901"
"2020/08/26","32600","-450","-1.36","33150","33200","32350","368311","12045146650","1600135172600","49083901"
"2020/08/25","33050","100","0.30","33150","33200","32350","673355","22057389750","1622222928050","49083901"
"2020/08/24","32950","-600","-1.79","32700","33150","32100","809178","26481747600","1617314537950","49083901"
"2020/08/21","33550","300","0.90","33700","34200","32750","343868","11544914650","1646764878550","49083901"
"2020/08/20","33250","-2350","-6.60","35250","35350","33000","638304","21546966100","1632039708250","49083901"
"2020/08/19","35600","950","2.74","34850","35700","34650","365368","12896405200","1747386875600","49083901"
"2020/08/18","34650","-2050","-5.59","37100","37100","34200","532483","18859380850","1700757169650","49083901"
"2020/08/14","36700","-300","-0.81","37500","37700","36400","466685","17165515500","1801379166700","49083901"
"2020/08/13","37000","600","1.65","37750","38300","37000","847220","31922786350","1816104337000","49083901"
"2020/08/12","36400","-850","-2.28","36850","36900","35750","538186","19559850450","1786653996400","49083901"
"2020/08/11","37250","950","2.62","37200","38300","36900","815677","30519754700","1828375312250","49083901"
"2020/08/10","36300","-400","-1.09","36700","36800","36100","513234","18654218650","1781745606300","49083901"
"2020/08/07","36700","-1000","-2.65","37950","37950","36200","859088","31534363750","1801379166700","49083901"
"2020/08/06","37700","-850","-2.20","39200","39400","37000","1202327","45825397450","1850463067700","49083901"
"2020/08/05","38550","400","1.05","38800","38800","38200","426124","16378515150","1892184383550","49083901"
"2020/08/04","38150","150","0.39","38100","39600","37650","772832","29718295750","1872550823150","49083901"
"2020/08/03","38000","-250","-0.65","38700","38800","37200","567417","21441010450","1865188238000","49083901"
"2020/07/31","38250","-150","-0.39","38800","38950","37650","625010","23914087300","1877459213250","49083901"
"2020/07/30","38400","200","0.52","38800","40000","38400","1364355","53380665400","1884821798400","49083901"
"2020/07/29","38200","500","1.33","37650","38300","36950","1389095","52246629500","1875005018200","49083901"
"2020/07/28","37700","3050","8.80","35300","37900","35100","3080838","113388612300","1850463067700","49083901"
"2020/07/27","34650","800","2.36","34200","34750","33900","455041","15676893850","1700757169650","49083901"
"2020/07/24","33850","-600","-1.74","34600","34750","33600","366907","12545740700","1661490048850","49083901"
"2020/07/23","34450","900","2.68","33550","34600","33400","524993","17931383200","1690940389450","49083901"
"2020/07/22","33550","-250","-0.74","33800","33800","33350","180872","6063853300","1646764878550","49083901"
"2020/07/21","33800","500","1.50","33700","34150","33500","277291","9375174250","1659035853800","49083901"
"2020/07/20","33300","0","0.00","33600","33750","33150","160858","5374540000","1634493903300","49083901"
"2020/07/17","33300","250","0.76","32900","33700","32900","211698","7057630500","1634493903300","49083901"
"2020/07/16","33050","-650","-1.93","33850","34000","32800","433526","14413908150","1622222928050","49083901"
"2020/07/15","33700","50","0.15","33900","34100","33450","344605","11615881250","1654127463700","49083901"
"2020/07/14","33650","-1100","-3.17","34400","34650","33550","519696","17610351800","1651673268650","49083901"
"2020/07/13","34750","-50","-0.14","35050","35150","34100","353935","12174022400","1705665559750","49083901"
"2020/07/10","34800","300","0.87","34800","35900","34300","663808","23305306150","1708119754800","49083901"
"2020/07/09","34500","200","0.58","34600","35000","34300","366421","12713305950","1693394584500","49083901"
"2020/07/08","34300","-500","-1.44","34650","35050","34100","381690","13094591250","1683577804300","49083901"
"2020/07/07","34800","-250","-0.71","35500","36400","34700","461210","16404657700","1708119754800","49083901"
"2020/07/06","35050","400","1.15","34600","35450","34400","273825","9594294000","1720390730050","49083901"
"2020/07/03","34650","400","1.17","34650","34850","34300","251502","8685665750","1700757169650","49083901"
"2020/07/02","34250","-400","-1.15","34800","34800","33700","453433","15469788950","1681123609250","49083901"
"2020/07/01","34650","-1000","-2.81","36100","36650","34600","542293","19285357400","1700757169650","49083901"
"2020/06/30","35650","850","2.44","35450","36200","35000","728749","26003715250","1749841070650","49083901"
"2020/06/29","34800","-1450","-4.00","35750","36050","34500","697622","24518645550","1708119754800","49083901"
"2020/06/26","36250","1700","4.92","35000","36950","34550","1603923","57633458900","1779291411250","49083901"
"2020/06/25","34550","-600","-1.71","34550","35000","34200","571208","19723264150","1695848779550","49083901"
"2020/06/24","35150","1400","4.15","33950","35450","33850","1080128","37801685250","1725299120150","49083901"
"2020/06/23","33750","0","0.00","33950","34750","33400","438322","14910094150","1656581658750","49083901"
"2020/06/22","33750","650","1.96","32550","34200","32550","364163","12281191050","1656581658750","49083901"
"2020/06/19","33100","-350","-1.05","33600","33650","32600","261996","8677967050","1624677123100","49083901"
"2020/06/18","33450","-350","-1.04","33350","34050","33150","226014","7564239950","1641856488450","49083901"
"2020/06/17","33800","100","0.30","33500","34250","33050","391133","13138036800","1659035853800","49083901"
"2020/06/16","33700","3400","11.22","31850","33950","31600","537797","17653868450","1654127463700","49083901"
"2020/06/15","30300","-2700","-8.18","33000","33100","30300","480004","15310348550","1487242200300","49083901"
"2020/06/12","33000","-1350","-3.93","31850","33350","31850","498337","16237434250","1619768733000","49083901"
"2020/06/11","34350","-650","-1.86","34850","34850","33800","502055","17229667300","1686031999350","49083901"
"2020/06/10","35000","1150","3.40","34100","35200","33950","745580","25944174400","1717936535000","49083901"
"2020/06/09","33850","-250","-0.73","34150","34450","33700","249129","8469896050","1661490048850","49083901"
"2020/06/08","34100","-200","-0.58","34700","34700","33700","311489","10591526900","1673761024100","49083901"
"2020/06/05","34300","300","0.88","34550","34550","33800","270534","9256733400","1683577804300","49083901"
"2020/06/04","34000","-200","-0.58","34550","34800","33750","377768","12904931750","1668852634000","49083901"
"2020/06/03","34200","0","0.00","34500","34700","33600","488264","16667346050","1678669414200","49083901"
"2020/06/02","34200","-200","-0.58","34700","34900","33750","370892","12729264400","1678669414200","49083901"
"2020/06/01","34400","1900","5.85","32950","34500","32750","539619","18319438750","1688486194400","49083901"
"2020/05/29","32500","250","0.78","32000","33300","32000","439121","14405295950","1595226782500","49083901"
"2020/05/28","32250","-750","-2.27","33450","33550","31400","612796","19837532000","1582955807250","49083901"
"2020/05/27","33000","-1700","-4.90","34500","34500","33000","687965","23017089450","1619768733000","49083901"
"2020/05/26","34700","-350","-1.00","35550","35550","34400","448425","15573096050","1703211364700","49083901"
"2020/05/25","35050","750","2.19","35000","35500","34550","494425","17306339950","1720390730050","49083901"
"2020/05/22","34300","0","0.00","35200","35750","34100","718098","25008105700","1683577804300","49083901"
"2020/05/21","34300","-650","-1.86","35350","35800","34300","687438","24105570500","1683577804300","49083901"
"2020/05/20","34950","750","2.19","34350","35400","33850","584767","20457646800","1715482339950","49083901"
"2020/05/19","34200","1400","4.27","33700","34300","32900","589601","19862191050","1678669414200","49083901"
"2020/05/18","32800","100","0.31","32950","33000","31750","371414","12133835100","1609951952800","49083901"
"2020/05/15","32700","450","1.40","32400","33200","32200","514978","16835992600","1605043562700","49083901"
"2020/05/14","32250","-400","-1.23","32200","32500","31600","361022","11561940050","1582955807250","49083901"
"2020/05/13","32650","-500","-1.51","32600","33100","32200","372020","12164894650","1602589367650","49083901"
"2020/05/12","33150","1100","3.43","32250","33500","31950","604406","19767265450","1627131318150","49083901"
"2020/05/11","32050","-250","-0.77","32600","32950","31650","571489","18553777050","1573139027050","49083901"
"2020/05/08","32300","800","2.54","32300","33350","31750","954956","30980940400","1585410002300","49083901"
"2020/05/07","31500","750","2.44","31050","31500","30300","818835","25442800500","1546142881500","49083901"
"2020/05/06","30750","2650","9.43","28700","30750","28350","1056035","31399080700","1509329955750","49083901"
"2020/05/04","28100","250","0.90","27350","28650","27250","348182","9759156900","1379257618100","49083901"
"2020/04/29","27850","550","2.01","27500","28400","27400","457544","12811338900","1366986642850","49083901"
"2020/04/28","27300","-350","-1.27","27650","27900","27000","310407","8482214850","1339990497300","49083901"
"2020/04/27","27650","250","0.91","27950","27950","27400","187579","5183843250","1357169862650","49083901"
"2020/04/24","27400","-950","-3.35","28100","28150","27300","290189","8031822800","1344898887400","49083901"
"2020/04/23","28350","-250","-0.87","29150","29150","27700","414726","11782906950","1391528593350","49083901"
"2020/04/22","28600","-100","-0.35","28100","28650","27600","340511","9538813250","1403799568600","49083901"
"2020/04/21","28700","150","0.53","28250","28700","27400","568668","16006267650","1408707958700","49083901"
"2020/04/20","28550","150","0.53","28600","28800","28050","505406","14415481450","1401345373550","49083901"
"2020/04/17","28400","1050","3.84","28050","28950","27800","825280","23388742550","1393982788400","49083901"
"2020/04/16","27350","500","1.86","26600","27350","26350","531306","14308051900","1342444692350","49083901"
"2020/04/14","26850","950","3.67","26300","27100","26100","384804","10257502050","1317902741850","49083901"
"2020/04/13","25900","-1300","-4.78","26950","26950","25900","440273","11549801100","1271273035900","49083901"
"2020/04/10","27200","-450","-1.63","27650","27750","26700","434468","11754611500","1335082107200","49083901"
"2020/04/09","27650","-100","-0.36","28300","28400","27500","382221","10626114300","1357169862650","49083901"
"2020/04/08","27750","-450","-1.60","28200","28500","27500","475623","13343711850","1362078252750","49083901"
"2020/04/07","28200","1550","5.82","27700","28450","27100","968978","26960126500","1384166008200","49083901"
"2020/04/06","26650","2400","9.90","24850","26750","24550","999446","25855069950","1308085961650","49083901"
"2020/04/03","24250","-250","-1.02","24600","25000","23950","355193","8639506550","1190284599250","49083901"
"2020/04/02","24500","800","3.38","23900","24500","23500","342159","8210591050","1202555574500","49083901"
"2020/04/01","23700","-1250","-5.01","24500","25700","23700","564689","13996641950","1163288453700","49083901"
"2020/03/31","24950","-150","-0.60","25600","25850","24350","544362","13672224800","1224643329950","49083901"
"2020/03/30","25100","200","0.80","24000","25100","23500","509837","12439390000","1232005915100","49083901"
"2020/03/27","24900","350","1.43","26050","26100","24050","726275","18250779500","1222189134900","49083901"
"2020/03/26","24550","200","0.82","24800","25650","24000","866324","21566829450","1205009769550","49083901"
"2020/03/25","24350","1150","4.96","24100","25100","23250","1020875","24726960350","1195192989350","49083901"
"2020/03/24","23200","3550","18.07","21000","23500","20250","1064002","23674345900","1138746503200","49083901"
"2020/03/23","19650","-2000","-9.24","19950","20450","19300","1106007","21984154250","964498654650","49083901"
"2020/03/20","21650","1450","7.18","21100","22000","20200","1147435","24179773850","1062666456650","49083901"
"2020/03/19","20200","-4100","-16.87","25500","25950","19800","1152199","25603372400","991494800200","49083901"
"2020/03/18","24300","-2100","-7.95","26750","27000","24300","558810","14580139850","1192738794300","49083901"
"2020/03/17","26400","550","2.13","24800","26950","24500","694473","17999650450","1295814986400","49083901"
"2020/03/16","25850","-650","-2.45","27500","28350","25850","684274","18515187650","1268818840850","49083901"
"2020/03/13","26500","-1800","-6.36","26900","27600","24000","994212","25678488250","1300723376500","49083901"
"2020/03/12","28300","-2350","-7.67","30000","30450","27300","1235217","35133284250","1389074398300","49083901"
"2020/03/11","30650","-1300","-4.07","32500","32500","30650","365641","11478750350","1504421565650","49083901"
"2020/03/10","31950","650","2.08","31000","32300","30900","343843","10876819750","1568230636950","49083901"
"2020/03/09","31300","-1700","-5.15","31900","32400","31050","291093","9183589250","1536326101300","49083901"
"2020/03/06","33000","-1000","-2.94","33750","33750","32650","299709","9900833350","1619768733000","49083901"
"2020/03/05","34000","200","0.59","34300","34300","33650","301805","10260651700","1668852634000","49083901"
"2020/03/04","33800","1100","3.36","32400","33950","32100","522312","17514329300","1659035853800","49083901"
"2020/03/03","32700","-850","-2.53","34700","34750","32600","578594","19340217800","1605043562700","49083901"
"2020/03/02","33550","2400","7.70","31350","33550","31350","595406","19443489700","1646764878550","49083901"
"2020/02/28","31150","-1750","-5.32","31400","32200","30450","694136","21576840450","1528963516150","49083901"
"2020/02/27","32900","-1500","-4.36","34100","34650","32700","470327","15703956800","1614860342900","49083901"
"2020/02/26","34400","-1000","-2.82","34400","34850","33250","495278","16902691350","1688486194400","49083901"
"2020/02/25","35400","2050","6.15","33650","35550","33300","476053","16510763600","1737570095400","49083901"
"2020/02/24","33350","-1450","-4.17","33650","34100","32950","360836","12053721250","1636948098350","49083901"
"2020/02/21","34800","-850","-2.38","35900","36250","34750","357790","12602152150","1708119754800","49083901"
"2020/02/20","35650","-50","-0.14","35900","36450","35300","296733","10646223300","1749841070650","49083901"
"2020/02/19","35700","400","1.13","35450","35850","34750","289508","10228747500","1752295265700","49083901"
"2020/02/18","35300","-1350","-3.68","36650","36650","35100","453446","16115044200","1732661705300","49083901"
"2020/02/17","36650","-150","-0.41","36750","36750","36050","228162","8297858200","1798924971650","49083901"
"2020/02/14","36800","1250","3.52","35750","36950","35650","512198","18746145950","1806287556800","49083901"
"2020/02/13","35550","-300","-0.84","36150","36400","35250","385108","13785140700","1744932680550","49083901"
"2020/02/12","35850","1000","2.87","34700","36000","34600","390408","13923215500","1759657850850","49083901"
"2020/02/11","34850","150","0.43","34950","35050","34550","306560","10646843700","1710573949850","49083901"
"2020/02/10","34700","-200","-0.57","34500","34700","33950","303785","10418910950","1703211364700","49083901"
"2020/02/07","34900","-1150","-3.19","35900","35950","34550","378102","13220201550","1713028144900","49083901"
"2020/02/06","36050","200","0.56","36300","36650","35350","314559","11284251400","1769474631050","49083901"
"2020/02/05","35850","450","1.27","36100","37050","35250","416070","15039229250","1759657850850","49083901"
"2020/02/04","35400","550","1.58","35100","35400","34800","240710","8441427500","1737570095400","49083901"
"2020/02/03","34850","500","1.46","33950","35400","33300","341468","11806565450","1710573949850","49083901"
"2020/01/31","34350","-500","-1.43","35000","35600","34100","309514","10749034950","1686031999350","49083901"
"2020/01/30","34850","-1000","-2.79","35600","36150","34400","434811","15362924550","1710573949850","49083901"
"2020/01/29","35850","-50","-0.14","36500","36650","35750","219050","7920672450","1759657850850","49083901"
"2020/01/28","35900","-1400","-3.75","35100","36300","35100","414896","14824044600","1762112045900","49083901"
"2020/01/23","37300","-850","-2.23","38050","38050","37250","246079","9226244300","1830829507300","49083901"
"2020/01/22","38150","1200","3.25","36700","38150","36600","315106","11850780650","1872550823150","49083901"
"2020/01/21","36950","-500","-1.34","37450","37650","36500","323654","11961062200","1813650141950","49083901"
"2020/01/20","37450","-50","-0.13","37700","38350","37050","329999","12450292400","1838192092450","49083901"
"2020/01/17","37500","-400","-1.06","38200","38550","37400","393679","14870664000","1840646287500","49083901"
"2020/01/16","37900","1650","4.55","36550","37900","36200","789552","29365250600","1860279847900","49083901"
"2020/01/15","36250","400","1.12","35850","36400","35250","281342","10112335050","1779291411250","49083901"
"2020/01/14","35850","400","1.13","35750","36850","35650","518699","18836071850","1759657850850","49083901"
"2020/01/13","35450","-250","-0.70","35700","35700","34800","455740","15971787500","1740024290450","49083901"
"2020/01/10","35700","-200","-0.56","36250","36250","34950","362040","12852720050","1752295265700","49083901"
"2020/01/09","35900","800","2.28","36050","36150","35350","445422","15927422200","1762112045900","49083901"
"2020/01/08","35100","150","0.43","34950","36050","34900","676789","24017303600","1722844925100","49083901"
"2020/01/07","34950","150","0.43","35150","35550","34850","227877","7999721400","1715482339950","49083901"
"2020/01/06","34800","0","0.00","34200","35250","34100","374485","13069122500","1708119754800","49083901"
"2020/01/03","34800","-800","-2.25","36200","36550","34700","631354","22350957400","1708119754800","49083901"
"2020/01/02","35600","-250","-0.70","36550","36650","35550","444422","15950720300","1747386875600","49083901"
"2019/12/30","35850","-400","-1.10","36150","36200","35300","350192","12481581050","1759657850850","49083901"
"2019/12/27","36250","700","1.97","36000","37100","35400","679051","24707703450","1779291411250","49083901"
"2019/12/26","35550","2350","7.08","33250","35550","33250","625953","21630828800","1744932680550","49083901"
"2019/12/24","33200","-150","-0.45","33650","33900","33050","327709","10935380850","1629585513200","49083901"
"2019/12/23","33350","-550","-1.62","33950","34000","33100","305063","10189024300","1636948098350","49083901"
"2019/12/20","33900","-750","-2.16","34950","34950","33500","575061","19441840450","1663944243900","49083901"
"2019/12/19","34650","-350","-1.00","35350","35600","34200","417887","14472091250","1700757169650","49083901"
"2019/12/18","35000","-700","-1.96","35750","35950","34800","343391","12153512350","1717936535000","49083901"
"2019/12/17","35700","700","2.00","35250","35700","34600","415487","14663873850","1752295265700","49083901"
"2019/12/16","35000","300","0.86","34800","35300","34400","285901","9977993950","1717936535000","49083901"
"2019/12/13","34700","1100","3.27","34250","35250","33900","742120","25705274100","1703211364700","49083901"
"2019/12/12","33600","2150","6.84","31900","33750","31800","824323","27339287150","1649219073600","49083901"
"2019/12/11","31450","50","0.16","31350","31700","31150","127693","4006635200","1543688686450","49083901"
"2019/12/10","31400","-350","-1.10","31300","31850","31150","240519","7547799700","1541234491400","49083901"
"2019/12/09","31750","1050","3.42","30750","32150","30750","363435","11499047850","1558413856750","49083901"
"2019/12/06","30700","350","1.15","30650","31000","30400","116487","3585251150","1506875760700","49083901"
"2019/12/05","30350","-150","-0.49","30600","31100","30300","179836","5519841400","1489696395350","49083901"
"2019/12/04","30500","-150","-0.49","30400","30700","29800","224484","6779427450","1497058980500","49083901"
"2019/12/03","30650","-50","-0.16","30700","30900","30400","188594","5782493450","1504421565650","49083901"
"2019/12/02","30700","200","0.66","30700","31100","30600","185255","5713528100","1506875760700","49083901"
"2019/11/29","30500","200","0.66","30600","30650","30150","161610","4907229050","1497058980500","49083901"
"2019/11/28","30300","50","0.17","30300","31300","30150","224109","6843384400","1487242200300","49083901"
"2019/11/27","30250","-450","-1.47","30900","30950","30050","196475","5951004050","1484788005250","49083901"
"2019/11/26","30700","-300","-0.97","31350","31500","30700","251423","7812214700","1506875760700","49083901"
"2019/11/25","31000","150","0.49","31150","31200","30400","173703","5334964500","1521600931000","49083901"
"2019/11/22","30850","150","0.49","31000","31450","30550","265760","8230362700","1514238345850","49083901"
"2019/11/21","30700","-100","-0.32","31050","31350","30300","305037","9372280350","1506875760700","49083901"
"2019/11/20","30800","-1800","-5.52","32600","32600","30700","451020","14102022350","1511784150800","49083901"
"2019/11/19","32600","50","0.15","32600","32850","31650","181129","5848214600","1600135172600","49083901"
"2019/11/18","32550","-350","-1.06","33250","33300","32300","157458","5151468750","1597680977550","49083901"
"2019/11/15","32900","300","0.92","32350","33650","32250","372315","12315550150","1614860342900","49083901"
"2019/11/14","32600","1500","4.82","31600","32600","31500","277515","8896626350","1600135172600","49083901"
"2019/11/13","31100","-500","-1.58","31600","31750","30900","202647","6319355450","1526509321100","49083901"
"2019/11/12","31600","150","0.48","31650","31800","31000","187000","5886012300","1551051271600","49083901"
"2019/11/11","31450","550","1.78","31100","31650","30850","214291","6690652250","1543688686450","49083901"
"2019/11/08","30900","-1550","-4.78","32500","33000","30850","418841","13149201600","1516692540900","49083901"
"2019/11/07","32450","250","0.78","32150","32800","31500","257853","8335948050","1592772587450","49083901"
"2019/11/06","32200","-950","-2.87","31450","32700","30250","1108956","35141830950","1580501612200","49083901"
"2019/11/05","33150","-800","-2.36","34100","34100","33000","253800","8416081450","1627131318150","49083901"
"2019/11/04","33950","1400","4.30","32950","34200","32850","402127","13625235800","1666398438950","49083901"
"2019/11/01","32550","-600","-1.81","33050","33550","32300","270149","8815336562","1597680977550","49083901"
"2019/10/31","33150","200","0.61","33500","35000","33100","611407","20897012650","1627131318150","49083901"
"2019/10/30","32950","-150","-0.45","33300","33700","32150","520577","17068308900","1617314537950","49083901"
"2019/10/29","33100","-600","-1.78","34000","34600","32900","509563","17219747050","1624677123100","49083901"
"2019/10/28","33700","900","2.74","33250","34250","33100","573050","19349212950","1654127463700","49083901"
"2019/10/25","32800","800","2.50","32500","33300","31950","432084","14132837500","1609951952800","49083901"
"2019/10/24","32000","-400","-1.23","32100","32300","30900","571843","17985556450","1570684832000","49083901"
"2019/10/23","32400","200","0.62","32100","32600","31550","329470","10591527950","1590318392400","49083901"
"2019/10/22","32200","650","2.06","31750","32250","31250","397543","12653364950","1580501612200","49083901"
"2019/10/21","31550","600","1.94","30950","31850","30600","293025","9155653500","1548597076550","49083901"
"2019/10/18","30950","-450","-1.43","31500","31650","30550","327090","10184623200","1519146735950","49083901"
"2019/10/17","31400","150","0.48","31250","31650","31050","326515","10225507450","1541234491400","49083901"
"2019/10/16","31250","150","0.48","31500","31550","30750","277338","8633880850","1533871906250","49083901"
"2019/10/15","31100","1350","4.54","29900","31250","29700","595994","18390399800","1526509321100","49083901"
"2019/10/14","29750","550","1.88","29450","30350","29200","326398","9745786200","1460246054750","49083901"
"2019/10/11","29200","50","0.17","29600","29700","29050","159865","4683302700","1433249909200","49083901"
"2019/10/10","29150","-700","-2.35","29500","29650","28750","585360","17018231650","1430795714150","49083901"
"2019/10/08","29850","650","2.23","29250","29850","28800","365548","10740119950","1465154444850","49083901"
"2019/10/07","29200","450","1.57","29100","29500","28700","340470","9896763700","1433249909200","49083901"
"2019/10/04","28750","-50","-0.17","28500","29150","28450","175379","5068250950","1411162153750","49083901"
"2019/10/02","28800","-450","-1.54","28850","29250","28600","203026","5887096800","1413616348800","49083901"
"2019/10/01","29250","350","1.21","29250","29350","28550","240182","6983629500","1435704104250","49083901"
"2019/09/30","28900","400","1.40","28200","28900","28050","237429","6791377200","1418524738900","49083901"
"2019/09/27","28500","-50","-0.18","28550","28750","27950","274587","7799040250","1398891178500","49083901"
"2019/09/26","28550","0","0.00","28950","29250","28200","227556","6524929350","1401345373550","49083901"
"2019/09/25","28550","950","3.44","27500","29100","27400","506421","14455119900","1401345373550","49083901"
"2019/09/24","27600","-450","-1.60","28400","29400","27550","543400","15419824450","1354715667600","49083901"
"2019/09/23","28050","-150","-0.53","27950","28550","27850","178517","5023857150","1376803423050","49083901"
"2019/09/20","28200","500","1.81","28050","28200","27650","274242","7683430350","1384166008200","49083901"
"2019/09/19","27700","450","1.65","27150","28200","27000","366875","10188068250","1359624057700","49083901"
"2019/09/18","27250","900","3.42","26300","27400","26300","276284","7469224800","1337536302250","49083901"
"2019/09/17","26350","-400","-1.50","26700","26750","26200","170501","4508195450","1293360791350","49083901"
"2019/09/16","26750","150","0.56","27000","27000","26350","248516","6605634500","1312994351750","49083901"
"2019/09/11","26600","-800","-2.92","27400","27500","26150","419268","11168518800","1305631766600","49083901"
"2019/09/10","27400","350","1.29","27100","27850","27050","212960","5827498300","1344898887400","49083901"
"2019/09/09","27050","-300","-1.10","27800","27950","26950","287753","7877130950","1327719522050","49083901"
"2019/09/06","27350","500","1.86","27150","27650","26850","441671","12076676600","1342444692350","49083901"
"2019/09/05","26850","1150","4.47","26100","27400","26000","847967","22740059000","1317902741850","49083901"
"2019/09/04","25700","1800","7.53","24700","25750","24300","642610","16165854050","1261456255700","49083901"
"2019/09/03","23900","-300","-1.24","24000","24300","23850","122782","2960813400","1173105233900","49083901"
"2019/09/02","24200","700","2.98","23650","24200","23300","206076","4919543750","1187830404200","49083901"
"2019/08/30","23500","900","3.98","23200","23650","22950","261707","6104404900","1153471673500","49083901"
"2019/08/29","22600","-900","-3.83","23450","23700","22300","431983","9808261450","1109296162600","49083901"
"2019/08/28","23500","300","1.29","23200","23500","22950","238442","5529559550","1153471673500","49083901"
"2019/08/27","23200","550","2.43","23400","24050","23200","418970","9875494150","1138746503200","49083901"
"2019/08/26","22650","-1600","-6.60","23300","23600","22500","379908","8710878650","1111750357650","49083901"
"2019/08/23","24250","150","0.62","23850","24350","23750","126657","3055773950","1190284599250","49083901"
"2019/08/22","24100","-400","-1.63","24850","24850","23850","222581","5398016000","1182922014100","49083901"
"2019/08/21","24500","150","0.62","24200","24550","24150","167562","4082080900","1202555574500","49083901"
"2019/08/20","24350","450","1.88","24200","24450","23750","162465","3922614900","1195192989350","49083901"
"2019/08/19","23900","-500","-2.05","24800","24800","23750","247208","5954812700","1173105233900","49083901"
"2019/08/16","24400","550","2.31","23850","24400","23450","258928","6231299750","1197647184400","49083901"
"2019/08/14","23850","800","3.47","23650","24600","23450","348332","8322443200","1170651038850","49083901"
"2019/08/13","23050","-400","-1.71","23100","23450","23050","198539","4605109100","1131383918050","49083901"
"2019/08/12","23450","50","0.21","23400","23600","23050","164435","3840476350","1151017478450","49083901"
"2019/08/09","23400","50","0.21","23400","23700","23100","226942","5290693200","1148563283400","49083901"
"2019/08/08","23350","400","1.74","23250","23750","23050","197857","4613869200","1146109088350","49083901"
"2019/08/07","22950","1200","5.52","21800","23000","21800","408678","9238838350","1126475527950","49083901"
"2019/08/06","21750","-1400","-6.05","23150","23300","21050","607979","13577435350","1067574846750","49083901"
"2019/08/05","23150","-750","-3.14","24950","24950","23100","420270","10182163100","1136292308150","49083901"
"2019/08/02","23900","250","1.06","23400","24450","23000","321943","7710390050","1173105233900","49083901"
"2019/08/01","23650","-1200","-4.83","24500","24650","23650","268968","6468152750","1160834258650","49083901"
"2019/07/31","24850","800","3.33","24100","25200","23550","419225","10249183150","1219734939850","49083901"
"2019/07/30","24050","850","3.66","23600","24150","23400","185774","4431514100","1180467819050","49083901"
"2019/07/29","23200","-1200","-4.92","24250","24300","23100","274075","6428556550","1138746503200","49083901"
"2019/07/26","24400","-600","-2.40","24800","24950","23800","371548","8972115850","1197647184400","49083901"
"2019/07/25","25000","-350","-1.38","25400","25600","24250","313871","7788158800","1227097525000","49083901"
"2019/07/24","25350","-150","-0.59","25450","26100","25200","406610","10427106700","1244276890350","49083901"
"2019/07/23","25500","-550","-2.11","26250","26450","25300","409730","10571178650","1251639475500","49083901"
"2019/07/22","26050","1200","4.83","25100","26100","24600","610991","15775130700","1278635621050","49083901"
"2019/07/19","24850","150","0.61","24850","24900","24100","254201","6255875900","1219734939850","49083901"
"2019/07/18","24700","1000","4.22","24950","25600","24600","982655","24551942100","1212372354700","49083901"
"2019/07/17","23700","-800","-3.27","24500","24500","23450","254121","6021394500","1163288453700","49083901"
"2019/07/16","24500","100","0.41","24650","24850","24300","214900","5290873650","1202555574500","49083901"
"2019/07/15","24400","-250","-1.01","24700","24700","23850","259070","6266085600","1197647184400","49083901"
"2019/07/12","24650","350","1.44","24650","24700","24150","255999","6259900300","1209918159650","49083901"
"2019/07/11","24300","600","2.53","24100","24700","23750","325656","7957680950","1192738794300","49083901"
"2019/07/10","23700","900","3.95","23100","23800","23100","252210","5946489400","1163288453700","49083901"
"2019/07/09","22800","250","1.11","22600","23350","22500","272551","6264217650","1119112942800","49083901"
"2019/07/08","22550","-1900","-7.77","24200","24200","22550","424897","9845662950","1106841967550","49083901"
"2019/07/05","24450","-400","-1.61","24850","24950","23950","207450","5065265800","1200101379450","49083901"
"2019/07/04","24850","600","2.47","24600","25500","24000","644771","15931132200","1219734939850","49083901"
"2019/07/03","24250","100","0.41","24300","24550","23850","242796","5880004300","1190284599250","49083901"
"2019/07/02","24150","-150","-0.62","24300","24300","23700","161183","3877375600","1185376209150","49083901"
"2019/07/01","24300","350","1.46","24150","24350","23700","247725","5955471950","1192738794300","49083901"
"2019/06/28","23950","-350","-1.44","24550","24600","23550","362520","8665780050","1175559428950","49083901"
"2019/06/27","24300","1000","4.29","23600","24450","23350","586823","14161556100","1192738794300","49083901"
"2019/06/26","23300","200","0.87","23150","23650","23000","220623","5145527200","1143654893300","49083901"
"2019/06/25","23100","-450","-1.91","23450","23600","23050","190270","4419664750","1133838113100","49083901"
"2019/06/24","23550","-100","-0.42","23850","24250","23400","326957","7774100500","1155925868550","49083901"
"2019/06/21","23650","-250","-1.05","24000","24150","23150","343327","8138489450","1160834258650","49083901"
"2019/06/20","23900","700","3.02","23400","23950","23050","254842","6002085350","1173105233900","49083901"
"2019/06/19","23200","300","1.31","23650","23950","23000","488134","11408529900","1138746503200","49083901"
"2019/06/18","22900","400","1.78","22650","23050","22600","230667","5272755800","1124021332900","49083901"
"2019/06/17","22500","-400","-1.75","22900","22900","22400","315269","7132581250","1104387772500","49083901"
"2019/06/14","22900","-100","-0.43","23000","23250","22750","305321","6990520300","1124021332900","49083901"
"2019/06/13","23000","-850","-3.56","23650","23750","22650","712511","16385246600","1128929723000","49083901"
"2019/06/12","23850","-550","-2.25","24400","24600","23800","228037","5472749150","1170651038850","49083901"
"2019/06/11","24400","1000","4.27","23650","24500","23650","384099","9309004050","1197647184400","49083901"
"2019/06/10","23400","450","1.96","23050","23500","22900","286605","6693941250","1148563283400","49083901"
"2019/06/07","22950","-550","-2.34","23500","23650","22800","444121","10238363600","1126475527950","49083901"
"2019/06/05","23500","600","2.62","23600","24350","23450","590085","14096215000","1153471673500","49083901"
"2019/06/04","22900","0","0.00","22900","23200","22450","284745","6477826150","1124021332900","49083901"
"2019/06/03","22900","800","3.62","21800","22900","21650","260446","5844903050","1124021332900","49083901"
"2019/05/31","22100","-100","-0.45","22350","22500","22100","260467","5808036650","1084754212100","49083901"
"2019/05/30","22200","300","1.37","22050","22500","21800","337008","7477614800","1089662602200","49083901"
"2019/05/29","21900","-350","-1.57","22250","22250","21550","291440","6364890950","1074937431900","49083901"
"2019/05/28","22250","500","2.30","21750","22400","21600","317173","6988030900","1092116797250","49083901"
"2019/05/27","21750","300","1.40","21500","21800","20850","274441","5891692800","1067574846750","49083901"
"2019/05/24","21450","-350","-1.61","21600","21950","21350","270902","5853825100","1052849676450","49083901"
"2019/05/23","21800","-1250","-5.42","23200","23300","21700","685935","15118619700","1070029041800","49083901"
"2019/05/22","23050","-350","-1.50","23650","23750","22900","260329","6042389450","1131383918050","49083901"
"2019/05/21","23400","350","1.52","22950","24000","22950","249618","5867821050","1148563283400","49083901"
"2019/05/20","23050","-1150","-4.75","24200","24550","23050","326787","7743369000","1131383918050","49083901"
"2019/05/17","24200","100","0.41","24200","25100","24000","245005","6030436800","1187830404200","49083901"
"2019/05/16","24100","-550","-2.23","25000","25150","23650","324725","7847901150","1182922014100","49083901"
"2019/05/15","24650","150","0.61","24850","25000","24300","336088","8312200350","1209918159650","49083901"
"2019/05/14","24500","250","1.03","23700","25000","23550","443453","10826413750","1202555574500","49083901"
"2019/05/13","24250","-1150","-4.53","25250","25400","24000","385452","9527134950","1190284599250","49083901"
"2019/05/10","25400","-150","-0.59","25500","25750","24700","394151","9939762225","1246731085400","49083901"
"2019/05/09","25550","-450","-1.73","26050","26400","25350","403992","10400418300","1254093670550","49083901"
"2019/05/08","26000","-1250","-4.59","26700","26850","25750","822560","21457385050","1276181426000","49083901"
"2019/05/07","27250","-250","-0.91","27400","27850","27000","329367","9047344150","1337536302250","49083901"
"2019/05/03","27500","-50","-0.18","27550","28000","27400","322127","8926021100","1349807277500","49083901"
"2019/05/02","27550","-400","-1.43","28250","28300","27400","395864","10981585550","1352261472550","49083901"
"2019/04/30","27950","500","1.82","27600","28050","26850","430799","11877204800","1371895032950","49083901"
"2019/04/29","27450","1200","4.57","26450","27450","26400","263597","7127150650","1347353082450","49083901"
"2019/04/26","26250","-1050","-3.85","27000","27400","26200","417904","11053057200","1288452401250","49083901"
"2019/04/25","27300","600","2.25","27250","28200","27100","547084","15119368800","1339990497300","49083901"
"2019/04/24","26700","-400","-1.48","27350","27550","26450","270291","7247494050","1310540156700","49083901"
"2019/04/23","27100","100","0.37","27150","27850","27050","464753","12679667450","1330173717100","49083901"
"2019/04/22","27000","-600","-2.17","27450","27650","26650","282089","7635141200","1325265327000","49083901"
"2019/04/19","27600","550","2.03","27100","27950","26650","487077","13383672900","1354715667600","49083901"
"2019/04/18","27050","200","0.74","27150","28200","26650","1274574","34995713750","1327719522050","49083901"
"2019/04/17","26850","1850","7.40","25200","27150","25200","1149289","30568996750","1317902741850","49083901"
"2019/04/16","25000","-400","-1.57","25550","25550","25000","174126","4381084100","1227097525000","49083901"
"2019/04/15","25400","350","1.40","25050","25700","25000","238161","6049189350","1246731085400","49083901"
"2019/04/12","25050","-150","-0.60","25050","25400","24800","205884","5165343750","1229551720050","49083901"
"2019/04/11","25200","300","1.20","25000","25350","25000","226609","5699305600","1236914305200","49083901"
"2019/04/10","24900","-500","-1.97","25150","25200","24650","394587","9841766650","1222189134900","49083901"
"2019/04/09","25400","300","1.20","25100","25550","24900","279704","7051795650","1246731085400","49083901"
"2019/04/08","25100","-800","-3.09","26150","26150","25050","207569","5248161200","1232005915100","49083901"
"2019/04/05","25900","100","0.39","25800","25950","25100","275236","7041264150","1271273035900","49083901"
"2019/04/04","25800","500","1.98","25300","26500","25050","738504","19183226350","1266364645800","49083901"
"2019/04/03","25300","950","3.90","24350","25300","24250","378497","9435159200","1241822695300","49083901"
"2019/04/02","24350","-150","-0.61","24900","24900","24300","266718","6567593750","1195192989350","49083901"
"2019/04/01","24500","1100","4.70","23500","24750","23500","396450","9659693150","1202555574500","49083901"
"2019/03/29","23400","500","2.18","23250","23600","22900","423605","9813602100","1148563283400","49083901"
"2019/03/28","22900","-850","-3.58","23650","24100","22900","403537","9331344450","1124021332900","49083901"
"2019/03/27","23750","-300","-1.25","24150","24200","23350","218217","5213522500","1165742648750","49083901"
"2019/03/26","24050","150","0.63","23950","24400","23350","411222","9813772300","1180467819050","49083901"
"2019/03/25","23900","-2050","-7.90","25450","25600","23850","666066","16201034950","1173105233900","49083901"
"2019/03/22","25950","250","0.97","26400","26750","25600","389580","10139647850","1273727230950","49083901"
"2019/03/21","25700","500","1.98","25600","26950","25400","929934","24458531700","1261456255700","49083901"
"2019/03/20","25200","600","2.44","24700","25450","24450","355843","8882607550","1236914305200","49083901"
"2019/03/19","24600","-1300","-5.02","25900","25900","24500","557903","13956194400","1207463964600","49083901"
"2019/03/18","25900","-150","-0.58","26250","26300","25550","309590","8035272650","1271273035900","49083901"
"2019/03/15","26050","0","0.00","25900","26200","25450","467541","12053889300","1278635621050","49083901"
"2019/03/14","26050","1200","4.83","24750","27050","24600","1576911","41345156825","1278635621050","49083901"
"2019/03/13","24850","1150","4.85","24000","24950","23800","621177","15236657900","1219734939850","49083901"
"2019/03/12","23700","300","1.28","23350","24000","23200","508438","12065327150","1163288453700","49083901"
"2019/03/11","23400","1500","6.85","22050","23400","21900","439826","10015479500","1148563283400","49083901"
"2019/03/08","21900","150","0.69","21450","22250","21450","314268","6885996550","1074937431900","49083901"
"2019/03/07","21750","-600","-2.68","22200","22600","21500","413633","9181875250","1067574846750","49083901"
"2019/03/06","22350","250","1.13","22250","22900","21900","458612","10232002250","1097025187350","49083901"
"2019/03/05","22100","-950","-4.12","22700","22850","21800","542353","12048799650","1084754212100","49083901"
"2019/03/04","23050","0","0.00","23250","23500","22850","260169","6045415450","1131383918050","49083901"
"2019/02/28","23050","-1000","-4.16","24250","24250","23050","479476","11258556500","1131383918050","49083901"
"2019/02/27","24050","-200","-0.82","24300","24400","23900","169460","4084398250","1180467819050","49083901"
"2019/02/26","24250","-650","-2.61","24950","25150","24100","363784","8886469050","1190284599250","49083901"
"2019/02/25","24900","1050","4.40","24000","25450","24000","980329","24511956500","1222189134900","49083901"
"2019/02/22","23850","-200","-0.83","24000","24450","23650","360536","8638876400","1170651038850","49083901"
"2019/02/21","24050","150","0.63","24200","24650","23500","544039","13172973800","1180467819050","49083901"
"2019/02/20","23900","250","1.06","23350","24250","22700","832747","19571281150","1173105233900","49083901"
"2019/02/19","23650","300","1.28","23450","24000","23250","509234","11997275050","976116761400","41273436"
"2019/02/18","23350","100","0.43","23200","24100","23000","534732","12563082550","963734730600","41273436"
"2019/02/15","23250","-1900","-7.55","25150","25150","22900","868680","20546295650","959607387000","41273436"
"2019/02/14","25150","1050","4.36","24150","25200","23550","519305","12712803050","1038026915400","41273436"
"2019/02/13","24100","50","0.21","24200","25000","24000","406154","9951068350","994689807600","41273436"
"2019/02/12","24050","650","2.78","23450","24600","23300","461748","11162670650","992626135800","41273436"
"2019/02/11","23400","-700","-2.90","23750","23900","22850","582843","13565158650","965798402400","41273436"
"2019/02/08","24100","-650","-2.63","24750","24750","23750","348356","8413001600","994689807600","41273436"
"2019/02/07","24750","1700","7.38","23350","24950","23150","604619","14728327400","1021517541000","41273436"
"2019/02/01","23050","150","0.66","22700","24000","22600","648844","15171328550","951352699800","41273436"
"2019/01/31","22900","100","0.44","22800","23300","22200","461253","10507529850","945161684400","41273436"
"2019/01/30","22800","1100","5.07","21600","23200","21350","756727","17108731700","941034340800","41273436"
"2019/01/29","21700","400","1.88","21000","22150","20700","921836","20022988700","895633561200","41273436"
"2019/01/28","21300","1200","5.97","20250","21550","19700","817502","17031146150","879124186800","41273436"
"2019/01/25","20100","450","2.29","19900","20450","19850","551798","11123111300","829596063600","41273436"
"2019/01/24","19650","400","2.08","19250","19900","19150","338656","6660361700","811023017400","41273436"
"2019/01/23","19250","-600","-3.02","19400","19700","19050","349074","6748265900","794513643000","41273436"
"2019/01/22","19850","-250","-1.24","20000","20000","19450","387585","7625719850","819277704600","41273436"
"2019/01/21","20100","1600","8.65","18700","20250","18650","928048","18280346800","829596063600","41273436"
"2019/01/18","18500","600","3.35","18050","18500","17950","241610","4400869600","763558566000","41273436"
"2019/01/17","17900","50","0.28","18000","18450","17850","271757","4943510000","738794504400","41273436"
"2019/01/16","17850","50","0.28","17950","18100","17700","245449","4387803050","736730832600","41273436"
"2019/01/15","17800","250","1.42","17700","18050","17550","371943","6635162450","734667160800","41273436"
"2019/01/14","17550","-1050","-5.65","18600","18750","17450","451606","8042068600","724348801800","41273436"
"2019/01/11","18600","200","1.09","18550","19300","18400","292393","5503482350","767685909600","41273436"
"2019/01/10","18400","0","0.00","18450","18900","18000","263572","4888166400","759431222400","41273436"
"2019/01/09","18400","1200","6.98","17300","18650","17200","473580","8607852950","759431222400","41273436"
"2019/01/08","17200","300","1.78","16950","17550","16800","374504","6470017950","709903099200","41273436"
"2019/01/07","16900","100","0.60","17050","17300","16800","376914","6428302150","697521068400","41273436"
"2019/01/04","16800","-1250","-6.93","17850","18000","16100","990269","16485079400","693393724800","41273436"
"2019/01/03","18050","-1400","-7.20","19400","19700","18000","314235","5917753200","744985519800","41273436"
"2019/01/02","19450","-650","-3.23","20050","20050","19350","187786","3702477300","802768330200","41273436"
"2018/12/28","20100","400","2.03","19900","20200","19650","162641","3251820550","829596063600","41273436"
"2018/12/27","19700","100","0.51","20000","20150","19600","135645","2681330000","813086689200","41273436"
"2018/12/26","19600","-700","-3.45","19800","20200","19300","250634","4929227100","808959345600","41273436"
"2018/12/24","20300","100","0.50","20200","20350","19700","144112","2885868900","837850750800","41273436"
"2018/12/21","20200","400","2.02","19650","20200","19650","126108","2516085050","833723407200","41273436"
"2018/12/20","19800","-550","-2.70","19950","20200","19600","175499","3477142850","817214032800","41273436"
"2018/12/19","20350","450","2.26","19950","20550","19750","197209","4011579000","839914422600","41273436"
"2018/12/18","19900","-50","-0.25","19550","19950","19550","106576","2111171850","821341376400","41273436"
"2018/12/17","19950","100","0.50","19700","20200","19600","149031","2977121650","823405048200","41273436"
"2018/12/14","19850","-950","-4.57","21000","21000","19600","405280","8082200950","819277704600","41273436"
"2018/12/13","20800","400","1.96","20450","21200","20150","424681","8821883200","858487468800","41273436"
"2018/12/12","20400","1000","5.15","19600","20450","19600","285357","5773983750","841978094400","41273436"
"2018/12/11","19400","50","0.26","19550","19750","19400","191386","3747514500","800704658400","41273436"
"2018/12/10","19350","-1150","-5.61","20000","20100","19250","433767","8480492050","798640986600","41273436"
"2018/12/07","20500","250","1.23","20600","20850","20150","278188","5698821500","846105438000","41273436"
"2018/12/06","20250","-1950","-8.78","21850","22050","20200","609921","12681734250","835787079000","41273436"
"2018/12/05","22200","700","3.26","21150","22400","20750","370687","8034081650","916270279200","41273436"
"2018/12/04","21500","-950","-4.23","22450","22550","21500","280403","6197366850","887378874000","41273436"
"2018/12/03","22450","600","2.75","22100","22500","22100","219055","4888058100","926588638200","41273436"
"2018/11/30","21850","-300","-1.35","22150","22300","21550","295706","6427877650","901824576600","41273436"
"2018/11/29","22150","250","1.14","22300","22650","22100","535238","11981544900","914206607400","41273436"
"2018/11/28","21900","500","2.34","21450","22650","21300","979497","21625611950","903888248400","41273436"
"2018/11/27","21400","1200","5.94","20300","21400","20000","608147","12649721150","883251530400","41273436"
"2018/11/26","20200","200","1.00","19800","20500","19800","458767","9334179250","833723407200","41273436"
"2018/11/23","20000","-100","-0.50","20200","20250","19800","379459","7623082350","825468720000","41273436"
"2018/11/22","20100","-750","-3.60","20900","20900","20050","504769","10271424500","829596063600","41273436"
"2018/11/21","20850","1450","7.47","19250","20900","19200","855914","17462121550","860551140600","41273436"
"2018/11/20","19400","-200","-1.02","19300","19950","19200","472588","9258025750","800704658400","41273436"
"2018/11/19","19600","-100","-0.51","19550","19700","19250","360220","7023423100","808959345600","41273436"
"2018/11/16","19700","-350","-1.75","20100","20300","19400","295757","5858605450","813086689200","41273436"
"2018/11/15","20050","550","2.82","19400","20050","19350","242953","4794038100","827532391800","41273436"
"2018/11/14","19500","-350","-1.76","20200","20450","19450","316851","6276729650","804832002000","41273436"
"2018/11/13","19850","-150","-0.75","19700","20050","19100","375537","7306732150","819277704600","41273436"
"2018/11/12","20000","450","2.30","19450","20300","19300","610203","12217534750","825468720000","41273436"
"2018/11/09","19550","800","4.27","18800","19800","18800","466985","9081926800","806895673800","41273436"
"2018/11/08","18750","300","1.63","18800","19250","18600","357302","6772104500","773876925000","41273436"
"2018/11/07","18450","-1000","-5.14","19650","19650","18300","462161","8761779700","761494894200","41273436"
"2018/11/06","19450","550","2.91","19050","19500","18900","426178","8205783150","802768330200","41273436"
"2018/11/05","18900","-200","-1.05","18950","19100","18450","336056","6300922100","780067940400","41273436"
"2018/11/02","19100","1200","6.70","18250","19100","18100","626790","11684227250","788322627600","41273436"
"2018/11/01","17900","-1100","-5.79","19000","19050","17800","602898","11091534500","738794504400","41273436"
"2018/10/31","19000","-600","-3.06","19600","19600","18850","492159","9387307700","784195284000","41273436"
"2018/10/30","19600","1850","10.42","17900","20050","17900","1139500","21884645200","808959345600","41273436"
"2018/10/29","17750","-300","-1.66","18050","18900","17650","334207","6091778600","732603489000","41273436"
"2018/10/26","18050","-300","-1.63","18550","18550","17650","218435","3948450600","744985519800","41273436"
"2018/10/25","18350","-200","-1.08","18000","18550","17850","194153","3535365950","757367550600","41273436"
"2018/10/24","18550","0","0.00","18900","19200","18400","248123","4659088450","765622237800","41273436"
"2018/10/23","18550","-800","-4.13","19400","19600","18350","203996","3854423800","765622237800","41273436"
"2018/10/22","19350","-200","-1.02","19550","19550","18800","150709","2874513850","798640986600","41273436"
"2018/10/19","19550","750","3.99","18550","19550","18450","232322","4444834400","806895673800","41273436"
"2018/10/18","18800","-1000","-5.05","19900","19900","18600","270915","5158569050","775940596800","41273436"
"2018/10/17","19800","700","3.66","19650","20200","19350","295531","5834817100","817214032800","41273436"
"2018/10/16","19100","600","3.24","18600","19450","18600","272234","5184577200","788322627600","41273436"
"2018/10/15","18500","-550","-2.89","19150","19200","18400","216157","4053980550","763558566000","41273436"
"2018/10/12","19050","450","2.42","18400","19350","18400","246843","4677796250","786258955800","41273436"
"2018/10/11","18600","-1200","-6.06","19250","19850","18550","437887","8339885900","767685909600","41273436"
"2018/10/10","19800","-50","-0.25","19850","20050","19400","303499","5995358600","817214032800","41273436"
"2018/10/08","19850","-850","-4.11","20400","21150","19850","297264","6045639250","819277704600","41273436"
"2018/10/05","20700","-300","-1.43","20750","21250","20550","188838","3941154250","854360125200","41273436"
"2018/10/04","21000","-550","-2.55","21700","21900","20950","198241","4217725200","866742156000","41273436"
"2018/10/02","21550","-250","-1.15","22000","22200","21500","254911","5557007150","889442545800","41273436"
"2018/10/01","21800","-600","-2.68","22350","22500","21800","280580","6158658100","899760904800","41273436"
"2018/09/28","22400","-550","-2.40","23000","23200","22300","320501","7267240350","924524966400","41273436"
"2018/09/27","22950","750","3.38","22400","23250","22350","354873","8137761250","947225356200","41273436"
"2018/09/21","22200","-950","-4.10","23200","23300","22050","554503","12362473650","916270279200","41273436"
"2018/09/20","23150","-850","-3.54","24150","24200","22950","520398","12112998350","955480043400","41273436"
"2018/09/19","24000","-100","-0.41","24450","24450","23900","193119","4650989000","990562464000","41273436"
"2018/09/18","24100","0","0.00","23900","24350","23650","135339","3257966300","994689807600","41273436"
"2018/09/17","24100","-150","-0.62","24250","24350","23950","149105","3589488600","994689807600","41273436"
"2018/09/14","24250","800","3.41","23950","24250","23500","332561","7950270900","1000880823000","41273436"
"2018/09/13","23450","-750","-3.10","24050","24050","23400","438574","10353483550","967862074200","41273436"
"2018/09/12","24200","-650","-2.62","25000","25000","24050","315030","7652504350","998817151200","41273436"
"2018/09/11","24850","250","1.02","24900","25000","24550","227381","5636098100","1025644884600","41273436"
"2018/09/10","24600","-300","-1.20","24900","25000","24500","256728","6336198750","1015326525600","41273436"
"2018/09/07","24900","-1400","-5.32","25700","25750","24500","534139","13320999500","1027708556400","41273436"
"2018/09/06","26300","-500","-1.87","26750","26800","26150","148293","3908973000","1085491366800","41273436"
"2018/09/05","26800","-200","-0.74","27300","27500","26750","261751","7090732850","1106128084800","41273436"
"2018/09/04","27000","300","1.12","26800","27200","26700","200564","5419142350","1114382772000","41273436"
"2018/09/03","26700","0","0.00","26700","26800","26250","191752","5098123850","1102000741200","41273436"
"2018/08/31","26700","850","3.29","25850","27250","25400","423146","11271349350","1102000741200","41273436"
"2018/08/30","25850","-500","-1.90","26750","27050","25750","258434","6809246300","1066918320600","41273436"
"2018/08/29","26350","1250","4.98","25300","27400","25100","912812","24126780700","1087555038600","41273436"
"2018/08/28","25100","-250","-0.99","25900","25900","25100","177748","4530192900","1035963243600","41273436"
"2018/08/27","25350","700","2.84","24750","25450","24500","262612","6577513050","1046281602600","41273436"
"2018/08/24","24650","-350","-1.40","25000","25000","24450","248928","6126986650","1017390197400","41273436"
"2018/08/23","25000","-350","-1.38","25500","25500","24600","262294","6503017700","1031835900000","41273436"
"2018/08/22","25350","-100","-0.39","25650","25800","25200","128582","3275193200","1046281602600","41273436"
"2018/08/21","25450","900","3.67","24550","25800","24500","217023","5484281800","1050408946200","41273436"
"2018/08/20","24550","-700","-2.77","25400","25550","24250","246130","6097375700","1013262853800","41273436"
"2018/08/17","25250","-950","-3.63","26300","26350","25050","269881","6861306600","1042154259000","41273436"
"2018/08/16","26200","300","1.16","25300","26300","24700","223243","5716556550","1081364023200","41273436"
"2018/08/14","25900","600","2.37","25050","26400","25050","180419","4680429000","1068981992400","41273436"
"2018/08/13","25300","-1800","-6.64","26650","26650","25200","308236","7946493600","1044217930800","41273436"
"2018/08/10","27100","-1000","-3.56","28150","28300","26500","387888","10506465950","1118510115600","41273436"
"2018/08/09","28100","-400","-1.40","29150","29550","28050","278817","7968725250","1159783551600","41273436"
"2018/08/08","28500","550","1.97","27950","29600","27850","379781","10910451900","1176292926000","41273436"
"2018/08/07","27950","150","0.54","27800","28550","27700","132108","3704319800","1153592536200","41273436"
"2018/08/06","27800","-900","-3.14","29100","29100","27650","175149","4933244200","1147401520800","41273436"
"2018/08/03","28700","1150","4.17","27750","29600","27750","473963","13731844250","1184547613200","41273436"
"2018/08/02","27550","-1250","-4.34","28500","28700","27550","308521","8642882817","1137083161800","41273436"
"2018/08/01","28800","-600","-2.04","29400","29400","28400","242507","6958179850","1188674956800","41273436"
"2018/07/31","29400","500","1.73","28700","29400","28450","145618","4229052500","1213439018400","41273436"
"2018/07/30","28900","200","0.70","28750","29450","28350","208803","6064811900","1192802300400","41273436"
"2018/07/27","28700","2950","11.46","26000","29350","25900","749899","21230493650","1184547613200","41273436"
"2018/07/26","25750","1200","4.89","24950","25900","24450","306629","7696519700","1062790977000","41273436"
"2018/07/25","24550","-1250","-4.84","25800","26200","24000","527575","12972199100","1013262853800","41273436"
"2018/07/24","25800","-900","-3.37","26600","27200","25650","230701","6077258200","1064854648800","41273436"
"2018/07/23","26700","-1500","-5.32","28400","28400","26700","239891","6517643900","1102000741200","41273436"
"2018/07/20","28200","-900","-3.09","28850","29200","28000","150122","4270829800","1163910895200","41273436"
"2018/07/19","29100","300","1.04","28900","29750","28900","244347","7209661950","1201056987600","41273436"
"2018/07/18","28800","-100","-0.35","29050","29600","28700","141731","4132594400","1188674956800","41273436"
"2018/07/17","28900","600","2.12","28300","29300","28050","172870","4963500900","1192802300400","41273436"
"2018/07/16","28300","-300","-1.05","28850","28850","28150","77874","2209627850","1168038238800","41273436"
"2018/07/13","28600","450","1.60","28300","28750","28300","81915","2338035300","1180420269600","41273436"
"2018/07/12","28150","-150","-0.53","28500","28650","27950","169779","4796237200","1161847223400","41273436"
"2018/07/11","28300","-150","-0.53","28200","29400","28200","234264","6776050106","1168038238800","41273436"
"2018/07/10","28450","-550","-1.90","29500","29500","28000","168341","4777767500","1174229254200","41273436"
"2018/07/09","29000","50","0.17","29000","29500","28800","73273","2126062800","1196929644000","41273436"
"2018/07/06","28950","650","2.30","28450","28950","28000","124223","3536654550","1194865972200","41273436"
"2018/07/05","28300","50","0.18","28300","28400","27700","115495","3237597700","1168038238800","41273436"
"2018/07/04","28250","400","1.44","28200","28250","27500","92313","2577123000","1165974567000","41273436"
"2018/07/03","27850","850","3.15","27800","28250","27550","182912","5099154050","1149465192600","41273436"
"2018/07/02","27000","-1100","-3.91","28200","28550","26950","210417","5834691000","1114382772000","41273436"
"2018/06/29","28100","350","1.26","28200","28450","27250","169239","4728391150","1159783551600","41273436"
"2018/06/28","27750","-1600","-5.45","28850","29450","27600","280240","7869786850","1145337849000","41273436"
"2018/06/27","29350","-1350","-4.40","31000","31100","29150","208046","6175362300","1211375346600","41273436"
"2018/06/26","30700","1600","5.50","28450","30700","28300","244403","7199378400","1267094485200","41273436"
"2018/06/25","29100","-50","-0.17","29050","29150","28100","136557","3895518900","1201056987600","41273436"
"2018/06/22","29150","-500","-1.69","29600","29600","28200","269286","7716218200","1203120659400","41273436"
"2018/06/21","29650","-900","-2.95","30500","30550","29500","149087","4450081700","1223757377400","41273436"
"2018/06/20","30550","1650","5.71","28800","30550","28800","291159","8748559550","1260903469800","41273436"
"2018/06/19","28900","-700","-2.36","30000","30100","28650","264578","7743370000","1192802300400","41273436"
"2018/06/18","29600","-1600","-5.13","30750","30950","29100","420637","12525554850","1221693705600","41273436"
"2018/06/15","31200","-2500","-7.42","33400","33450","30950","531249","16874976825","1287731203200","41273436"
"2018/06/14","33700","-700","-2.03","34400","35000","33350","328595","11181916250","1390914793200","41273436"
"2018/06/12","34400","300","0.88","33800","34800","33800","243767","8413129150","1419806198400","41273436"
"2018/06/11","34100","1350","4.12","32450","34100","32450","160614","5406116300","1407424167600","41273436"
"2018/06/08","32750","-1300","-3.82","33900","33900","32500","165112","5451172800","1351705029000","41273436"
"2018/06/07","34050","250","0.74","33550","34700","33550","204303","6992900500","1405360495800","41273436"
"2018/06/05","33800","1550","4.81","32200","34500","32200","226647","7672106600","1395042136800","41273436"
"2018/06/04","32250","-950","-2.86","32800","33150","32200","128347","4198977150","1331068311000","41273436"
"2018/06/01","33200","-900","-2.64","34100","34200","33000","176504","5916394600","1370278075200","41273436"
"2018/05/31","34100","100","0.29","34300","34300","33550","117324","3983462750","1407424167600","41273436"
"2018/05/30","34000","0","0.00","33900","34150","33200","143005","4805227750","1403296824000","41273436"
"2018/05/29","34000","-300","-0.87","34050","34300","33850","162000","5517700100","1403296824000","41273436"
"2018/05/28","34300","150","0.44","33900","34400","33700","178683","6099242400","1415678854800","41273436"
"2018/05/25","34150","1300","3.96","32850","34200","32600","305101","10337200900","1409487839400","41273436"
"2018/05/24","32850","200","0.61","33000","33550","32700","284550","9459709000","1355832372600","41273436"
"2018/05/23","32650","1950","6.35","31050","32850","30850","346639","11179923050","1347577685400","41273436"
"2018/05/21","30700","-1300","-4.06","31700","31700","30500","306917","9479601600","1267094485200","41273436"
"2018/05/18","32000","0","0.00","31650","32250","31300","218054","6899866550","1320749952000","41273436"
"2018/05/17","32000","450","1.43","31500","32350","31200","134752","4283158950","1320749952000","41273436"
"2018/05/16","31550","-500","-1.56","31950","32400","31300","110769","3535293950","1302176905800","41273436"
"2018/05/15","32050","50","0.16","32050","32300","31650","134461","4289241850","1322813623800","41273436"
"2018/05/14","32000","-650","-1.99","32550","32900","31950","109273","3515902600","1320749952000","41273436"
"2018/05/11","32650","350","1.08","32600","32900","32250","138298","4494136350","1347577685400","41273436"
"2018/05/10","32300","-400","-1.22","32700","33300","32050","95207","3072772700","1333131982800","41273436"
"2018/05/09","32700","950","2.99","32100","32950","31300","188319","6040286850","1349641357200","41273436"
"2018/05/08","31750","-350","-1.09","32500","33150","31700","239828","7803580300","1310431593000","41273436"
"2018/05/04","32100","-250","-0.77","31900","32700","31800","347917","11180234850","1324877295600","41273436"
"2018/05/03","32350","-800","-2.41","32850","33100","32050","254015","8231328050","1335195654600","41273436"
"2018/05/02","33150","-1050","-3.07","33900","34450","33150","297411","9933937010","1368214403400","41273436"
"2018/04/30","34200","-650","-1.87","34850","34850","33800","194321","6638234200","1411551511200","41273436"
"2018/04/27","34850","1350","4.03","33550","34850","33550","241750","8313658400","1438379244600","41273436"
"2018/04/26","33500","850","2.60","32700","33850","32550","269773","9039390100","1382660106000","41273436"
"2018/04/25","32650","0","0.00","32700","32850","31800","150368","4876830970","1347577685400","41273436"
"2018/04/24","32650","-1050","-3.12","33900","34100","32350","289774","9484476800","1347577685400","41273436"
"2018/04/23","33700","-50","-0.15","34000","34450","33700","119359","4060593600","1390914793200","41273436"
"2018/04/20","33750","-300","-0.88","33500","34000","33300","126331","4260366400","1392978465000","41273436"
"2018/04/19","34050","50","0.15","34000","34650","33850","264675","9049815200","1405360495800","41273436"
"2018/04/18","34000","-50","-0.15","34600","34600","34000","123268","4217231100","1403296824000","41273436"
"2018/04/17","34050","-700","-2.01","34800","34850","34000","109729","3754514300","1405360495800","41273436"
"2018/04/16","34750","150","0.43","34600","34850","33800","157436","5426760700","1434251901000","41273436"
"2018/04/13","34600","600","1.76","34450","34700","33750","153955","5301312850","1428060885600","41273436"
"2018/04/12","34000","750","2.26","33300","34300","32850","258722","8768489050","1403296824000","41273436"
"2018/04/11","33250","100","0.30","33500","34050","33150","185167","6204350500","1372341747000","41273436"
"2018/04/10","33150","50","0.15","32900","33300","32650","88654","2923274700","1368214403400","41273436"
"2018/04/09","33100","100","0.30","32900","33150","32400","112876","3699592550","1366150731600","41273436"
"2018/04/06","33000","150","0.46","32500","33000","32150","141832","4641981900","1362023388000","41273436"
"2018/04/05","32850","2050","6.66","31150","32900","31150","304245","9811256850","1355832372600","41273436"
"2018/04/04","30800","-800","-2.53","31800","32000","30800","263686","8212817200","1271221828800","41273436"
"2018/04/03","31600","-500","-1.56","31500","31750","31250","291701","9172653950","1304240577600","41273436"
"2018/04/02","32100","-1200","-3.60","33150","33200","32000","268053","8642446450","1324877295600","41273436"
"2018/03/30","33300","450","1.37","32700","33300","32150","165535","5446849300","1374405418800","41273436"
"2018/03/29","32850","1250","3.96","31700","32850","31400","186380","5929706800","1355832372600","41273436"
"2018/03/28","31600","-950","-2.92","32000","32500","31200","222070","7049058800","1304240577600","41273436"
"2018/03/27","32550","-900","-2.69","33550","33700","32550","192391","6317994950","1343450341800","41273436"
"2018/03/26","33450","1150","3.56","32300","33550","31700","174836","5722776050","1380596434200","41273436"
"2018/03/23","32300","-2000","-5.83","33350","34200","32200","345234","11459050200","1333131982800","41273436"
"2018/03/22","34300","-850","-2.42","35200","36250","34300","255470","8938141100","1415678854800","41273436"
"2018/03/21","35150","-450","-1.26","35300","35900","35100","110482","3908722600","1450761275400","41273436"
"2018/03/20","35600","200","0.56","35400","35600","34900","136100","4786722850","1469334321600","41273436"
"2018/03/19","35400","50","0.14","35250","36200","35200","107361","3835466200","1461079634400","41273436"
"2018/03/16","35350","100","0.28","35300","35650","34500","181481","6360780800","1459015962600","41273436"
"2018/03/15","35250","-900","-2.49","36050","36100","34800","366254","12859086650","1454888619000","41273436"
"2018/03/14","36150","-850","-2.30","36650","36950","36050","190142","6888140700","1492034711400","41273436"
"2018/03/13","37000","500","1.37","36500","37250","36050","216217","7945938250","1527117132000","41273436"
"2018/03/12","36500","400","1.11","36200","36850","36150","167866","6118407650","1506480414000","41273436"
"2018/03/09","36100","400","1.12","35700","36800","35600","153717","5564623000","1489971039600","41273436"
"2018/03/08","35700","150","0.42","36250","36250","35200","144908","5175619800","1473461665200","41273436"
"2018/03/07","35550","-1300","-3.53","36750","36950","35450","179877","6487185050","1467270649800","41273436"
"2018/03/06","36850","1600","4.54","35600","37100","35500","336676","12247591473","1520926116600","41273436"
"2018/03/05","35250","-200","-0.56","35200","35850","34650","135372","4784503200","1454888619000","41273436"
"2018/03/02","35450","-150","-0.42","35100","35600","34950","208737","7373228425","1463143306200","41273436"
"2018/02/28","35600","-400","-1.11","36050","36200","35100","266018","9454676264","1469334321600","41273436"
"2018/02/27","36000","-1200","-3.23","37500","37800","35900","231600","8503803350","1485843696000","41273436"
"2018/02/26","37200","-50","-0.13","36150","37850","36150","184445","6878890775","1535371819200","41273436"
"2018/02/23","37250","700","1.92","36550","37400","35800","250709","9245219700","1537435491000","41273436"
"2018/02/22","36550","-100","-0.27","36300","36950","36050","256210","9360242750","1508544085800","41273436"
"2018/02/21","36650","1150","3.24","35450","37600","35450","598970","22183315100","1512671429400","41273436"
"2018/02/20","35500","-1800","-4.83","36900","36900","35450","439047","15815168250","1465206978000","41273436"
"2018/02/19","37300","700","1.91","37500","37500","36400","407553","15085616100","1539499162800","41273436"
"2018/02/14","36600","2250","6.55","34350","36600","34350","420346","14984582500","1510607757600","41273436"
"2018/02/13","34350","-550","-1.58","35250","35500","34350","250261","8750692700","1417742526600","41273436"
"2018/02/12","34900","1350","4.02","33750","35800","33750","341722","11955409350","1440442916400","41273436"
"2018/02/09","33550","-1150","-3.31","33350","34400","33250","401663","13553760850","1384723777800","41273436"
"2018/02/08","34700","1200","3.58","33800","35400","33500","696746","24345824450","1432188229200","41273436"
"2018/02/07","33500","-500","-1.47","35000","35200","33500","683825","23657453650","1382660106000","41273436"
"2018/02/06","34000","2000","6.25","30950","34600","30750","542955","17715912400","1403296824000","41273436"
"2018/02/05","32000","-700","-2.14","31500","32800","31400","245552","7814167700","1320749952000","41273436"
"2018/02/02","32700","-1500","-4.39","34050","34050","32300","377070","12349588800","1349641357200","41273436"
"2018/02/01","34200","1250","3.79","33250","34300","33250","276856","9409309300","1411551511200","41273436"
"2018/01/31","32950","-400","-1.20","33000","33650","32900","241753","8012749400","1359959716200","41273436"
"2018/01/30","33350","-1300","-3.75","34300","34350","33200","351415","11791999050","1376469090600","41273436"
"2018/01/29","34650","-700","-1.98","35500","35900","34300","165539","5831342200","1430124557400","41273436"
"2018/01/26","35350","-250","-0.70","35850","36400","34850","327199","11638865600","1459015962600","41273436"
"2018/01/25","35600","1000","2.89","34300","35600","34100","262526","9236828750","1469334321600","41273436"
"2018/01/24","34600","-400","-1.14","35000","35150","34200","218025","7555285100","1428060885600","41273436"
"2018/01/23","35000","2050","6.22","32950","35000","32950","298082","10178689200","1444570260000","41273436"
"2018/01/22","32950","-1250","-3.65","34200","34200","32400","294460","9732022850","1359959716200","41273436"
"2018/01/19","34200","-1250","-3.53","35800","35850","33750","433327","14840817600","1411551511200","41273436"
"2018/01/18","35450","1450","4.26","34500","35900","34400","627553","22244037250","1463143306200","41273436"
"2018/01/17","34000","350","1.04","33600","34150","33150","337312","11430170900","1403296824000","41273436"
"2018/01/16","33650","650","1.97","33000","33700","32450","303579","10127378950","1388851121400","41273436"
"2018/01/15","33000","900","2.80","32100","33700","32000","404998","13380900900","1362023388000","41273436"
"2018/01/12","32100","-50","-0.16","32700","32700","31050","381300","12046942650","1324877295600","41273436"
"2018/01/11","32150","2000","6.63","30450","32150","30400","514361","16261259750","1326940967400","41273436"
"2018/01/10","30150","-1100","-3.52","31650","31650","30150","517876","15797791350","1244394095400","41273436"
"2018/01/09","31250","-400","-1.26","31300","32450","31200","416925","13244215650","1289794875000","41273436"
"2018/01/08","31650","-1350","-4.09","33000","33100","31300","506528","16024853650","1306304249400","41273436"
"2018/01/05","33000","400","1.23","32700","33200","32600","220897","7267257850","1362023388000","41273436"
"2018/01/04","32600","-800","-2.40","33700","33900","32500","221529","7323526400","1345514013600","41273436"
"2018/01/03","33400","850","2.61","32900","33850","32800","268856","8968871850","1378532762400","41273436"
"2018/01/02","32550","-850","-2.54","33400","33400","32350","224444","7321061950","1343450341800","41273436"
"2017/12/28","33400","-300","-0.89","33700","33700","32950","120267","3996917200","1378532762400","41273436"
"2017/12/27","33700","150","0.45","33600","33700","32500","144291","4802325750","1390914793200","41273436"
"2017/12/26","33550","900","2.76","32500","33650","32450","229880","7660297000","1384723777800","41273436"
"2017/12/22","32650","650","2.03","32100","32650","31100","318696","10255426400","1347577685400","41273436"
"2017/12/21","32000","-1800","-5.33","34100","34100","31700","327345","10634112450","1320749952000","41273436"
"2017/12/20","33800","250","0.75","33700","33950","33500","222371","7512762600","1395042136800","41273436"
"2017/12/19","33550","1050","3.23","32900","34000","32900","353495","11806717600","1384723777800","41273436"
"2017/12/18","32500","-2000","-5.80","34350","34450","32500","324200","10795558150","1341386670000","41273436"
"2017/12/15","34500","-1000","-2.82","35550","35550","33850","329296","11289933750","1423933542000","41273436"
"2017/12/14","35500","800","2.31","34950","35500","34200","312951","10989854322","1465206978000","41273436"
"2017/12/13","34700","350","1.02","34350","35250","34250","160302","5576000300","1432188229200","41273436"
"2017/12/12","34350","-1050","-2.97","35600","35650","34350","143675","4978315700","1417742526600","41273436"
"2017/12/11","35400","1350","3.96","34300","35400","33550","223050","7707897950","1461079634400","41273436"
"2017/12/08","34050","-150","-0.44","34050","34600","33800","110814","3779846350","1405360495800","41273436"
"2017/12/07","34200","500","1.48","34400","34600","33100","304324","10275952350","1411551511200","41273436"
"2017/12/06","33700","-1550","-4.40","34900","35600","33700","254040","8764079300","1390914793200","41273436"
"2017/12/05","35250","50","0.14","34800","35800","34300","162914","5741847750","1454888619000","41273436"
"2017/12/04","35200","150","0.43","35300","35400","34000","200287","6949373400","1452824947200","41273436"
"2017/12/01","35050","450","1.30","34600","35750","34400","276665","9702620400","1446633931800","41273436"
"2017/11/30","34600","-1350","-3.76","35500","35500","34300","417563","14529018650","1428060885600","41273436"
"2017/11/29","35950","-250","-0.69","36300","37250","35950","335322","12226423850","1483780024200","41273436"
"2017/11/28","36200","-1400","-3.72","37500","37600","35950","415638","15210123700","1494098383200","41273436"
"2017/11/27","37600","-1150","-2.97","39000","39250","37350","265769","10093746250","1551881193600","41273436"
"2017/11/24","38750","50","0.13","38850","38950","38000","203940","7876558950","1599345645000","41273436"
"2017/11/23","38700","-350","-0.90","38950","39150","38200","210515","8114698050","1597281973200","41273436"
"2017/11/22","39050","700","1.83","38500","39300","38050","293851","11385472750","1611727675800","41273436"
"2017/11/21","38350","250","0.66","38250","39300","37450","313941","12036548500","1582836270600","41273436"
"2017/11/20","38100","0","0.00","38100","38450","37250","216772","8182041950","1572517911600","41273436"
"2017/11/17","38100","-1200","-3.05","38850","39000","37500","474557","18022295850","1572517911600","41273436"
"2017/11/16","39300","-850","-2.12","39750","40000","38550","478629","18725538600","1622046034800","41273436"
"2017/11/15","40150","1250","3.21","39450","40400","38650","468987","18702244400","1657128455400","41273436"
"2017/11/14","38900","1400","3.73","37900","39850","37900","908285","35565472650","1605536660400","41273436"
"2017/11/13","37500","750","2.04","37600","37600","36750","299723","11154898175","1547753850000","41273436"
"2017/11/10","36750","550","1.52","36050","36900","36050","313652","11416834700","1516798773000","41273436"
"2017/11/09","36200","-700","-1.90","37000","37100","36000","149110","5441665600","1494098383200","41273436"
"2017/11/08","36900","50","0.14","37200","37200","36450","92770","3416395200","1522989788400","41273436"
"2017/11/07","36850","350","0.96","36850","36900","35750","245286","8893685700","1520926116600","41273436"
"2017/11/06","36500","-750","-2.01","37300","38050","36350","395872","14797664100","1506480414000","41273436"
"2017/11/03","37250","500","1.36","36750","37300","36150","191463","7038018750","1537435491000","41273436"
"2017/11/02","36750","750","2.08","35800","37250","35650","289768","10642571650","1516798773000","41273436"
"2017/11/01","36000","-250","-0.69","36750","36750","35350","257877","9241928725","1485843696000","41273436"
"2017/10/31","36250","1000","2.84","35500","36350","35350","256189","9201932425","1496162055000","41273436"
"2017/10/30","35250","900","2.62","34500","35500","34500","263509","9301210325","1454888619000","41273436"
"2017/10/27","34350","500","1.48","33900","34450","33850","164735","5614732200","1417742526600","41273436"
"2017/10/26","33850","-1500","-4.24","35650","36350","33750","273193","9502111200","1397105808600","41273436"
"2017/10/25","35350","450","1.29","35000","35500","33950","207751","7263497750","1459015962600","41273436"
"2017/10/24","34900","50","0.14","34900","35550","34600","128935","4512947950","1440442916400","41273436"
"2017/10/23","34850","-450","-1.27","35300","35300","34400","159561","5549888100","1438379244600","41273436"
"2017/10/20","35300","700","2.02","34900","35900","34800","199974","7031295900","1456952290800","41273436"
"2017/10/19","34600","1700","5.17","32650","35000","32650","316095","10826287300","1428060885600","41273436"
"2017/10/18","32900","-150","-0.45","33250","33300","32500","157890","5186405250","1357896044400","41273436"
"2017/10/17","33050","1550","4.92","32200","33850","32100","628472","20808525250","1364087059800","41273436"
"2017/10/16","31500","-3450","-9.87","34550","34600","31400","794029","25683353700","1300113234000","41273436"
"2017/10/13","34950","-1500","-4.12","36700","36700","34350","426754","15005872050","1442506588200","41273436"
"2017/10/12","36450","-450","-1.22","36900","36950","36200","200227","7314328750","1504416742200","41273436"
"2017/10/11","36900","1500","4.24","35750","37000","35600","437741","15975417500","1522989788400","41273436"
"2017/10/10","35400","1300","3.81","34400","35500","34200","261542","9193687850","1461079634400","41273436"
"2017/09/29","34100","-650","-1.87","34950","35250","33950","187693","6483966900","1407424167600","41273436"
"2017/09/28","34750","-100","-0.29","35400","35400","34600","234086","8190916050","1434251901000","41273436"
"2017/09/27","34850","1450","4.34","33800","35700","33600","567328","19821780900","1438379244600","41273436"
"2017/09/26","33400","-550","-1.62","33650","34250","33200","182671","6145505200","1378532762400","41273436"
"2017/09/25","33950","250","0.74","33200","34400","33200","198081","6728775550","1401233152200","41273436"
"2017/09/22","33700","-200","-0.59","33700","34700","33550","255739","8685866950","1390914793200","41273436"
"2017/09/21","33900","-450","-1.31","34550","34550","33100","264132","8957980050","1399169480400","41273436"
"2017/09/20","34350","-50","-0.15","34100","34800","34000","270358","9307190550","1417742526600","41273436"
"2017/09/19","34400","-400","-1.15","34800","34900","33700","319850","10965314550","1419806198400","41273436"
"2017/09/18","34800","250","0.72","34750","34800","34400","221830","7689026800","1436315572800","41273436"
"2017/09/15","34550","150","0.44","34000","34650","33850","185444","6361348200","1425997213800","41273436"
"2017/09/14","34400","50","0.15","34350","34600","33800","337005","11561864950","1419806198400","41273436"
"2017/09/13","34350","1000","3.00","33500","34950","33450","538156","18488497050","1417742526600","41273436"
"2017/09/12","33350","300","0.91","33200","33900","32650","392801","13103749900","1376469090600","41273436"
"2017/09/11","33050","450","1.38","32550","33400","32350","485104","15996183150","1364087059800","41273436"
"2017/09/08","32600","2100","6.89","30550","32600","30550","978388","31436836050","1345514013600","41273436"
"2017/09/07","30500","800","2.69","29700","30900","29650","307208","9397538700","1258839798000","41273436"
"2017/09/06","29700","-50","-0.17","29750","30150","29300","220801","6563030400","1225821049200","41273436"
"2017/09/05","29750","250","0.85","29500","29900","28850","215980","6325145700","1227884721000","41273436"
"2017/09/04","29500","-1100","-3.59","29350","30000","29350","204387","6073452150","1217566362000","41273436"
"2017/09/01","30600","200","0.66","30650","30950","30400","144925","4439240050","1262967141600","41273436"
"2017/08/31","30400","-150","-0.49","30800","30800","30200","156719","4765197050","1254712454400","41273436"
"2017/08/30","30550","250","0.83","30600","30600","30300","175743","5362303550","1260903469800","41273436"
"2017/08/29","30300","150","0.50","29950","30650","29950","244850","7421353350","1250585110800","41273436"
"2017/08/28","30150","-350","-1.15","30500","30900","29950","162845","4942803950","1244394095400","41273436"
"2017/08/25","30500","-150","-0.49","30700","31000","30300","212999","6510230100","1258839798000","41273436"
"2017/08/24","30650","-1300","-4.07","32050","32050","30650","404930","12631416200","1265030813400","41273436"
"2017/08/23","31950","650","2.08","31550","32050","31400","249330","7936972000","1318686280200","41273436"
"2017/08/22","31300","250","0.81","31300","31400","30600","162074","5040701500","1291858546800","41273436"
"2017/08/21","31050","-400","-1.27","31400","31500","30950","178883","5581621850","1281540187800","41273436"
"2017/08/18","31450","300","0.96","30600","31600","30200","281902","8744426250","1298049562200","41273436"
"2017/08/17","31150","500","1.63","30700","31450","30350","175495","5426770900","1285667531400","41273436"
"2017/08/16","30650","850","2.85","30550","30650","30000","241145","7332367250","1265030813400","41273436"
"2017/08/14","29800","250","0.85","29950","30100","29600","186941","5570453500","1229948392800","41273436"
"2017/08/11","29550","-950","-3.11","29650","30550","29400","354422","10538240700","1219630033800","41273436"
"2017/08/10","30500","-450","-1.45","30700","31500","30100","264980","8171487400","1258839798000","41273436"
"2017/08/09","30950","-1250","-3.88","31700","31800","30950","299869","9392005450","1277412844200","41273436"
"2017/08/08","32200","1350","4.38","31300","32300","31250","326136","10367389000","1329004639200","41273436"
"2017/08/07","30850","-50","-0.16","31300","31550","30750","233665","7269964200","1273285500600","41273436"
"2017/08/04","30900","-200","-0.64","31000","32050","30400","548727","17153564950","1275349172400","41273436"
"2017/08/03","31100","-2100","-6.33","33100","33100","30900","456904","14367667800","1283603859600","41273436"
"2017/08/02","33200","1200","3.75","32350","33750","32350","296950","9857488400","1370278075200","41273436"
"2017/08/01","32000","-700","-2.14","32500","33200","32000","149404","4842292550","1320749952000","41273436"
"2017/07/31","32700","300","0.93","31800","33200","31350","285867","9244145100","1349641357200","41273436"
"2017/07/28","32400","-1750","-5.12","33650","34050","32150","387577","12672987700","1337259326400","41273436"
"2017/07/27","34150","50","0.15","33900","34400","33550","256542","8712507600","1409487839400","41273436"
"2017/07/26","34100","-500","-1.45","34650","34700","33150","427730","14449169650","1407424167600","41273436"
"2017/07/25","34600","-800","-2.26","35400","35650","34300","266567","9266819750","1428060885600","41273436"
"2017/07/24","35400","-200","-0.56","36000","36200","35200","211202","7514632050","1461079634400","41273436"
"2017/07/21","35600","-50","-0.14","35600","35750","34650","254584","8965281150","1469334321600","41273436"
"2017/07/20","35650","650","1.86","35350","35700","34100","404151","14264094650","1471397993400","41273436"
"2017/07/19","35000","1500","4.48","33800","35100","33600","529077","18356084000","1444570260000","41273436"
"2017/07/18","33500","750","2.29","32700","33900","32250","498915","16643137200","1382660106000","41273436"
"2017/07/17","32750","200","0.61","33100","33100","32300","353826","11560254750","1351705029000","41273436"
"2017/07/14","32550","1800","5.85","31000","32550","30900","919791","29607432329","1343450341800","41273436"
"2017/07/13","30750","1000","3.36","29950","31050","29950","373077","11461335650","1269158157000","41273436"
"2017/07/12","29750","-450","-1.49","30350","30600","29700","194856","5875938850","1227884721000","41273436"
"2017/07/11","30200","250","0.83","30500","30650","30000","135978","4118726550","1246457767200","41273436"
"2017/07/10","29950","-450","-1.48","30700","30700","29900","190897","5765934700","1236139408200","41273436"
"2017/07/07","30400","1150","3.93","29350","30400","28800","361941","10878490500","1254712454400","41273436"
"2017/07/06","29250","150","0.52","29450","29450","28750","191322","5594281700","1207248003000","41273436"
"2017/07/05","29100","1100","3.93","28000","29100","27800","271357","7810414250","1201056987600","41273436"
"2017/07/04","28000","-800","-2.78","28800","29400","27750","506161","14462555550","1155656208000","41273436"
"2017/07/03","28800","-850","-2.87","29950","29950","28300","325171","9399041850","1188674956800","41273436"
"2017/06/30","29650","-100","-0.34","29500","29650","29150","231207","6778949400","1223757377400","41273436"
"2017/06/29","29750","-650","-2.14","30750","30800","29300","343941","10286258950","1227884721000","41273436"
"2017/06/28","30400","-700","-2.25","30750","31250","30300","259805","7993113000","1254712454400","41273436"
"2017/06/27","31100","200","0.65","31000","31550","30350","306174","9522720750","1283603859600","41273436"
"2017/06/26","30900","700","2.32","30250","31250","30000","361461","11159190550","1275349172400","41273436"
"2017/06/23","30200","900","3.07","29300","30350","29250","317914","9535665650","1246457767200","41273436"
"2017/06/22","29300","-200","-0.68","29500","29950","29050","184158","5466264150","1209311674800","41273436"
"2017/06/21","29500","-200","-0.67","29600","29600","28800","174607","5076505850","1217566362000","41273436"
"2017/06/20","29700","-600","-1.98","30550","30550","29500","181102","5382868350","1225821049200","41273436"
"2017/06/19","30300","600","2.02","29700","30300","29300","200918","6031597650","1250585110800","41273436"
"2017/06/16","29700","150","0.51","29650","30050","29600","160211","4772236200","1225821049200","41273436"
"2017/06/15","29550","-550","-1.83","30200","30200","29150","217966","6418699800","1219630033800","41273436"
"2017/06/14","30100","800","2.73","29600","30950","29600","499100","15161388950","1242330423600","41273436"
"2017/06/13","29300","300","1.03","28800","29600","28750","362507","10610588400","1209311674800","41273436"
"2017/06/12","29000","-1850","-6.00","30350","30350","29000","560746","16566950400","1196929644000","41273436"
"2017/06/09","30850","-550","-1.75","31400","31500","30600","236293","7281176100","1273285500600","41273436"
"2017/06/08","31400","150","0.48","31350","31700","31000","230360","7224248294","1295985890400","41273436"
"2017/06/07","31250","-300","-0.95","31500","31500","30550","406330","12597731838","1289794875000","41273436"
"2017/06/05","31550","300","0.96","31550","31600","30900","213853","6709021550","1302176905800","41273436"
"2017/06/02","31250","500","1.63","31000","31250","30250","330844","10221137950","1289794875000","41273436"
"2017/06/01","30750","1450","4.95","29400","30750","29050","568085","17150515108","1269158157000","41273436"
"2017/05/31","29300","250","0.86","28800","29400","28650","222370","6457317880","1209311674800","41273436"
"2017/05/30","29050","150","0.52","29250","29400","28700","138550","4016078050","1198993315800","41273436"
"2017/05/29","28900","600","2.12","28700","29500","28550","449426","13102373500","1192802300400","41273436"
"2017/05/26","28300","0","0.00","28500","28800","28250","261690","7444247414","1168038238800","41273436"
"2017/05/25","28300","-650","-2.25","28950","29000","28100","417645","11848565510","1168038238800","41273436"
"2017/05/24","28950","150","0.52","28900","29300","28800","211779","6132807200","1194865972200","41273436"
"2017/05/23","28800","-300","-1.03","29100","29300","28750","146151","4217018300","1188674956800","41273436"
"2017/05/22","29100","900","3.19","28150","29500","28150","259365","7539455400","1201056987600","41273436"
"2017/05/19","28200","0","0.00","28400","28600","28100","153147","4349216250","1163910895200","41273436"
"2017/05/18","28200","-250","-0.88","27700","28250","27600","286571","8000027700","1163910895200","41273436"
"2017/05/17","28450","-50","-0.18","28750","28850","28000","251120","7102243000","1174229254200","41273436"
"2017/05/16","28500","-700","-2.40","29550","29650","28250","434431","12580214150","1176292926000","41273436"
"2017/05/15","29200","1350","4.85","27900","29400","27750","498680","14467821350","1205184331200","41273436"
"2017/05/12","27850","0","0.00","28200","28300","27550","252928","7067078325","1149465192600","41273436"
"2017/05/11","27850","800","2.96","27100","28300","27050","446958","12511058750","1149465192600","41273436"
"2017/05/10","27050","-200","-0.73","27400","27750","27050","231723","6335274900","1116446443800","41273436"
"2017/05/08","27250","350","1.30","26900","27300","26500","267341","7181284100","1124701131000","41273436"
"2017/05/04","26900","150","0.56","26850","27100","26650","201559","5419384550","1110255428400","41273436"
"2017/05/02","26750","850","3.28","26050","27050","26050","343858","9206979750","1104064413000","41273436"
"2017/04/28","25900","0","0.00","25750","26200","25650","324076","8392567800","1068981992400","41273436"
"2017/04/27","25900","0","0.00","25850","26050","25450","230964","5954795200","1068981992400","41273436"
"2017/04/26","25900","-100","-0.38","26000","26050","25800","135360","3507579350","1068981992400","41273436"
"2017/04/25","26000","300","1.17","25600","26100","25600","111969","2906243850","1073109336000","41273436"
"2017/04/24","25700","-350","-1.34","26050","26350","25450","155996","4051738850","1060727305200","41273436"
"2017/04/21","26050","-350","-1.33","26200","26300","25800","152042","3957391500","1075173007800","41273436"
"2017/04/20","26400","200","0.76","26450","26800","25750","288872","7623046350","1089618710400","41273436"
"2017/04/19","26200","-400","-1.50","26500","27000","26200","365816","9733520670","1081364023200","41273436"
"2017/04/18","26600","400","1.53","26250","26900","26050","325483","8598735100","1097873397600","41273436"
"2017/04/17","26200","800","3.15","25600","26400","25600","230843","6033812100","1081364023200","41273436"
"2017/04/14","25400","-200","-0.78","25400","25700","25250","89423","2284346600","1048345274400","41273436"
"2017/04/13","25600","400","1.59","25450","25600","25350","107087","2727495950","1056599961600","41273436"
"2017/04/12","25200","100","0.40","25100","25300","24950","64915","1631042850","1040090587200","41273436"
"2017/04/11","25100","-200","-0.79","25400","25600","24700","180868","4547269050","1035963243600","41273436"
"2017/04/10","25300","-600","-2.32","26050","26200","25300","201292","5194422550","1044217930800","41273436"
"2017/04/07","25900","600","2.37","25450","26150","25250","280542","7249063150","1068981992400","41273436"
"2017/04/06","25300","-450","-1.75","25750","25750","25050","149430","3782662350","1044217930800","41273436"
"2017/04/05","25750","150","0.59","25700","25850","25450","140826","3608443400","1062790977000","41273436"
"2017/04/04","25600","100","0.39","25700","25950","25350","230777","5954101050","1056599961600","41273436"
"2017/04/03","25500","600","2.41","25000","25600","24750","167411","4241864250","1052472618000","41273436"
"2017/03/31","24900","-300","-1.19","25200","25250","24750","92404","2302458600","1027708556400","41273436"
"2017/03/30","25200","-200","-0.79","25400","25400","24850","121944","3058561550","1040090587200","41273436"
"2017/03/29","25400","800","3.25","24550","25600","24550","304373","7702559250","1048345274400","41273436"
"2017/03/28","24600","100","0.41","24550","24650","24250","105616","2576532050","1015326525600","41273436"
"2017/03/27","24500","-250","-1.01","24600","24900","24250","75003","1841614600","1011199182000","41273436"
"2017/03/24","24750","350","1.43","24250","24850","24250","168111","4139272850","1021517541000","41273436"
"2017/03/23","24400","100","0.41","24400","24950","24150","151333","3711976850","1007071838400","41273436"
"2017/03/22","24300","-900","-3.57","24950","25050","24100","278488","6787296900","1002944494800","41273436"
"2017/03/21","25200","100","0.40","25100","25250","24650","192450","4792119700","1040090587200","41273436"
"2017/03/20","25100","-350","-1.38","25450","25500","25000","70758","1778693100","1035963243600","41273436"
"2017/03/17","25450","400","1.60","25100","25450","24700","254255","6397312624","1050408946200","41273436"
"2017/03/16","25050","0","0.00","25150","25500","24650","272180","6806083082","1033899571800","41273436"
"2017/03/15","25050","300","1.21","24900","25700","24800","630512","15934963021","1033899571800","41273436"
"2017/03/14","24750","700","2.91","24250","24900","24250","405248","9978023100","1021517541000","41273436"
"2017/03/13","24050","50","0.21","24000","24100","23850","121127","2903906450","992626135800","41273436"
"2017/03/10","24000","0","0.00","24000","24200","23500","153442","3656927500","990562464000","41273436"
"2017/03/09","24000","500","2.13","23650","24300","23500","279883","6717732650","990562464000","41273436"
"2017/03/08","23500","-50","-0.21","23600","23650","23350","102085","2404878550","969925746000","41273436"
"2017/03/07","23550","150","0.64","23450","23600","23050","159709","3742762950","971989417800","41273436"
"2017/03/06","23400","800","3.54","22450","23400","22350","260589","6042221850","965798402400","41273436"
"2017/03/03","22600","400","1.80","22250","22650","22250","283709","6358257250","932779653600","41273436"
"2017/03/02","22200","-200","-0.89","22550","22600","22100","159793","3557590750","916270279200","41273436"
"2017/02/28","22400","-100","-0.44","22600","22650","22250","88587","1984302471","924524966400","41273436"
"2017/02/27","22500","0","0.00","22450","22650","22050","145219","3247465450","928652310000","41273436"
"2017/02/24","22500","-250","-1.10","22750","22950","22200","271002","6090638800","928652310000","41273436"
"2017/02/23","22750","-1150","-4.81","23850","23850","22700","293568","6754731000","938970669000","41273436"
"2017/02/22","23900","150","0.63","23800","24050","23500","177129","4230503650","986435120400","41273436"
"2017/02/21","23750","-50","-0.21","23900","23900","23300","142612","3362609650","980244105000","41273436"
"2017/02/20","23800","900","3.93","22850","23800","22850","258378","6073380250","982307776800","41273436"
"2017/02/17","22900","50","0.22","22700","23200","22650","98540","2264210300","945161684400","41273436"
"2017/02/16","22850","250","1.11","22600","23250","22600","163515","3751263950","943098012600","41273436"
"2017/02/15","22600","-350","-1.53","22900","23200","22550","167889","3830450600","932779653600","41273436"
"2017/02/14","22950","-450","-1.92","23200","23400","22900","168856","3896421400","947225356200","41273436"
"2017/02/13","23400","700","3.08","22700","23400","22350","261879","6044076300","965798402400","41273436"
"2017/02/10","22700","350","1.57","22450","22750","22400","172132","3878824200","936906997200","41273436"
"2017/02/09","22350","250","1.13","22250","22600","22150","196336","4395381000","922461294600","41273436"
"2017/02/08","22100","-250","-1.12","22350","22500","22000","342531","7632442100","912142935600","41273436"
"2017/02/07","22350","-700","-3.04","22900","23200","22100","344843","7754043100","922461294600","41273436"
"2017/02/06","23050","-300","-1.28","23300","23300","22700","268882","6181750900","951352699800","41273436"
"2017/02/03","23350","300","1.30","23300","23450","22500","299164","6838286700","963734730600","41273436"
"2017/02/02","23050","-600","-2.54","23700","23700","23050","220566","5156656000","951352699800","41273436"
"2017/02/01","23650","-150","-0.63","24000","24100","23500","326394","7743100190","976116761400","41273436"
"2017/01/31","23800","-150","-0.63","23950","24000","23400","258556","6108177200","982307776800","41273436"
"2017/01/26","23950","1100","4.81","23050","23950","22950","416759","9831405450","988498792200","41273436"
"2017/01/25","22850","-150","-0.65","23000","23150","22450","234685","5329560750","943098012600","41273436"
"2017/01/24","23000","-250","-1.08","23200","23400","22600","327384","7490413450","949289028000","41273436"
"2017/01/23","23250","200","0.87","23050","23650","22950","246330","5761523300","959607387000","41273436"
"2017/01/20","23050","-800","-3.35","23800","23950","22900","469246","10871768100","951352699800","41273436"
"2017/01/19","23850","-350","-1.45","24550","24550","23650","219003","5247050850","984371448600","41273436"
"2017/01/18","24200","100","0.41","24050","24550","23750","286603","6900562000","998817151200","41273436"
"2017/01/17","24100","150","0.63","23850","24450","23850","260935","6283745400","994689807600","41273436"
"2017/01/16","23950","-1500","-5.89","25300","25350","23850","542849","13119564800","988498792200","41273436"
"2017/01/13","25450","50","0.20","25200","25500","24700","320102","8032763113","1050408946200","41273436"
"2017/01/12","25400","-800","-3.05","26350","26350","25150","281143","7180815400","1048345274400","41273436"
"2017/01/11","26200","400","1.55","26000","26250","25700","266408","6927077150","1081364023200","41273436"
"2017/01/10","25800","200","0.78","25550","26150","25250","366485","9485585850","1064854648800","41273436"
"2017/01/09","25600","600","2.40","25250","25700","24950","198917","5058810250","1056599961600","41273436"
"2017/01/06","25000","250","1.01","25000","25350","24700","256679","6427863050","1031835900000","41273436"
"2017/01/05","24750","-700","-2.75","25400","25400","24650","372218","9258255550","1021517541000","41273436"
"2017/01/04","25450","-800","-3.05","26250","26350","25100","414977","10565995550","1050408946200","41273436"
"2017/01/03","26250","250","0.96","26000","26250","25450","345420","8916379350","1083427695000","41273436"
"2017/01/02","26000","-200","-0.76","26300","26450","25800","245141","6393102850","1073109336000","41273436"
"2016/12/29","26200","750","2.95","25250","26350","25000","403983","10488297700","1081364023200","41273436"
"2016/12/28","25450","200","0.79","25400","25600","25100","170750","4325004750","1050408946200","41273436"
"2016/12/27","25250","400","1.61","24950","25600","24850","331995","8361209200","1042154259000","41273436"
"2016/12/26","24850","-650","-2.55","25650","25700","24800","228600","5722381650","1025644884600","41273436"
"2016/12/23","25500","-100","-0.39","25600","25800","24950","246278","6250548000","1052472618000","41273436"
"2016/12/22","25600","600","2.40","25100","25850","24850","474063","12116271550","1056599961600","41273436"
"2016/12/21","25000","850","3.52","24350","25200","24300","418559","10435510600","1031835900000","41273436"
"2016/12/20","24150","-600","-2.42","24750","24800","24150","276988","6733397500","996753479400","41273436"
"2016/12/19","24750","-200","-0.80","24850","24950","24350","153029","3773547900","1021517541000","41273436"
"2016/12/16","24950","850","3.53","24350","24950","24050","317785","7833970150","1029772228200","41273436"
"2016/12/15","24100","-250","-1.03","24100","24900","24050","380566","9338054850","994689807600","41273436"
"2016/12/14","24350","650","2.74","23950","24400","23700","446233","10767744700","1005008166600","41273436"
"2016/12/13","23700","1400","6.28","22400","23900","22350","543017","12638096150","978180433200","41273436"
"2016/12/12","22300","300","1.36","22050","22450","22050","272500","6082865924","920397622800","41273436"
"2016/12/09","22000","250","1.15","21750","22250","21500","249643","5468306350","908015592000","41273436"
"2016/12/08","21750","1050","5.07","21050","22100","20900","572740","12422823700","897697233000","41273436"
"2016/12/07","20700","-100","-0.48","20850","21100","20650","190893","3980047550","854360125200","41273436"
"2016/12/06","20800","100","0.48","20800","21200","20650","228754","4781463800","858487468800","41273436"
"2016/12/05","20700","-450","-2.13","21050","21250","20550","226077","4700415700","854360125200","41273436"
"2016/12/02","21150","-100","-0.47","20900","21600","20800","178561","3794084300","872933171400","41273436"
"2016/12/01","21250","0","0.00","21300","21400","20600","318317","6697376050","877060515000","41273436"
"2016/11/30","21250","-100","-0.47","21350","21600","21250","152932","3273706350","877060515000","41273436"
"2016/11/29","21350","-250","-1.16","21600","21800","21250","219141","4721682400","881187858600","41273436"
"2016/11/28","21600","-500","-2.26","22300","22300","21500","168076","3677648450","891506217600","41273436"
"2016/11/25","22100","150","0.68","21500","22250","21500","131821","2888926700","912142935600","41273436"
"2016/11/24","21950","50","0.23","21600","22300","21300","294247","6423952350","905951920200","41273436"
"2016/11/23","21900","-700","-3.10","22700","22700","21900","247053","5483131150","903888248400","41273436"
"2016/11/22","22600","-450","-1.95","23200","23250","22600","117913","2681990800","932779653600","41273436"
"2016/11/21","23050","0","0.00","23150","23200","22200","132257","3032655350","951352699800","41273436"
"2016/11/18","23050","0","0.00","23250","23350","22850","173518","3995061200","951352699800","41273436"
"2016/11/17","23050","100","0.44","23200","23250","22950","128952","2970314000","951352699800","41273436"
"2016/11/16","22950","250","1.10","22900","23350","22550","376556","8644992700","947225356200","41273436"
"2016/11/15","22700","100","0.44","22250","22800","22200","142113","3213584950","936906997200","41273436"
"2016/11/14","22600","250","1.12","22350","22900","22100","227356","5113831450","932779653600","41273436"
"2016/11/11","22350","-1050","-4.49","22900","23100","22350","327106","7391374200","922461294600","41273436"
"2016/11/10","23400","250","1.08","23300","23700","22900","270258","6286832850","965798402400","41273436"
"2016/11/09","23150","-250","-1.07","23500","23650","22200","591786","13590451700","955480043400","41273436"
"2016/11/08","23400","-400","-1.68","24050","24100","23250","356423","8409990750","965798402400","41273436"
"2016/11/07","23800","250","1.06","23850","23850","22100","799083","18441314650","982307776800","41273436"
"2016/11/04","23550","-50","-0.21","23350","23900","23350","172043","4067264900","971989417800","41273436"
"2016/11/03","23600","200","0.85","23400","23900","23100","212502","5021576200","974053089600","41273436"
"2016/11/02","23400","-300","-1.27","23500","23600","23250","258843","6065172550","965798402400","41273436"
"2016/11/01","23700","400","1.72","23200","23700","22900","290851","6840644180","978180433200","41273436"
"2016/10/31","23300","100","0.43","23450","23600","23000","317179","7394321500","961671058800","41273436"
"2016/10/28","23200","450","1.98","22800","23800","22650","672649","15705379450","957543715200","41273436"
"2016/10/27","22750","1750","8.33","21200","23300","21200","601598","13482424650","938970669000","41273436"
"2016/10/26","21000","0","0.00","21000","21450","20100","526610","10803358100","866742156000","41273436"
"2016/10/25","21000","-1000","-4.55","22000","22050","20950","454299","9606423050","866742156000","41273436"
"2016/10/24","22000","-500","-2.22","22400","22650","21850","218978","4854732900","908015592000","41273436"
"2016/10/21","22500","-100","-0.44","22500","22850","22150","185004","4161404150","928652310000","41273436"
"2016/10/20","22600","250","1.12","22400","22850","22400","127200","2877475950","932779653600","41273436"
"2016/10/19","22350","-600","-2.61","22950","23000","22300","314068","7086401050","922461294600","41273436"
"2016/10/18","22950","50","0.22","22800","23150","22650","179059","4097476150","947225356200","41273436"
"2016/10/17","22900","-700","-2.97","23600","23750","22650","281646","6471149800","945161684400","41273436"
"2016/10/14","23600","750","3.28","23050","23650","22800","200255","4676827450","974053089600","41273436"
"2016/10/13","22850","-450","-1.93","23450","23550","22800","159884","3692056050","943098012600","41273436"
"2016/10/12","23300","-100","-0.43","23100","23700","23100","165295","3842731050","961671058800","41273436"
"2016/10/11","23400","-250","-1.06","23400","24100","23100","196047","4592247350","965798402400","41273436"
"2016/10/10","23650","-1000","-4.06","24500","24600","23650","343228","8221312800","976116761400","41273436"
"2016/10/07","24650","-150","-0.60","24650","24700","24350","149276","3652661150","1017390197400","41273436"
"2016/10/06","24800","-100","-0.40","24900","25000","24250","220853","5426905350","1023581212800","41273436"
"2016/10/05","24900","-550","-2.16","25350","25500","24600","252152","6283257000","1027708556400","41273436"
"2016/10/04","25450","-50","-0.20","25750","25750","25150","247749","6290333650","1050408946200","41273436"
"2016/09/30","25500","700","2.82","24550","25500","24500","458141","11547929550","1052472618000","41273436"
"2016/09/29","24800","250","1.02","24800","24900","24450","194647","4809240750","1023581212800","41273436"
"2016/09/28","24550","-350","-1.41","25000","25450","24400","412808","10319265550","1013262853800","41273436"
"2016/09/27","24900","250","1.01","24300","24950","24050","213380","5218070800","1027708556400","41273436"
"2016/09/26","24650","-350","-1.40","25200","25200","24550","181003","4470483350","1017390197400","41273436"
"2016/09/23","25000","300","1.21","24950","25150","24550","314963","7831343700","1031835900000","41273436"
"2016/09/22","24700","800","3.35","24500","25000","24000","551139","13554891100","1019453869200","41273436"
"2016/09/21","23900","200","0.84","23850","24000","23500","187960","4467361850","986435120400","41273436"
"2016/09/20","23700","350","1.50","23350","23800","23150","223867","5277334000","978180433200","41273436"
"2016/09/19","23350","200","0.86","22950","23650","22700","279326","6498922600","963734730600","41273436"
"2016/09/13","23150","100","0.43","23600","23950","22450","395360","9138259950","955480043400","41273436"
"2016/09/12","23050","450","1.99","23050","24100","22900","1166089","27519344600","951352699800","41273436"
"2016/09/09","22600","50","0.22","22500","22800","22100","262023","5852210250","932779653600","41273436"
"2016/09/08","22550","-450","-1.96","22800","23200","22450","534611","12166426250","930715981800","41273436"
"2016/09/07","23000","-900","-3.77","23700","23900","22700","713506","16468074050","949289028000","41273436"
"2016/09/06","23900","250","1.06","23800","24000","23500","313367","7448079700","986435120400","41273436"
"2016/09/05","23650","650","2.83","23100","23750","22850","311688","7262965900","976116761400","41273436"
"2016/09/02","23000","-500","-2.13","23500","23550","22750","381725","8779386050","949289028000","41273436"
"2016/09/01","23500","200","0.86","22900","23650","22850","285175","6682459050","969925746000","41273436"
"2016/08/31","23300","-700","-2.92","23650","23700","22850","465312","10787277300","961671058800","41273436"
"2016/08/30","24000","300","1.27","23800","24550","23800","274949","6650799950","990562464000","41273436"
"2016/08/29","23700","-850","-3.46","24450","24450","23100","607102","14271752300","978180433200","41273436"
"2016/08/26","24550","-450","-1.80","24850","24850","24250","262369","6424317300","1013262853800","41273436"
"2016/08/25","25000","-600","-2.34","25600","25600","24750","379993","9512720050","1031835900000","41273436"
"2016/08/24","25600","350","1.39","25400","25900","25300","424411","10912614950","1056599961600","41273436"
"2016/08/23","25250","-50","-0.20","25450","25500","24900","192448","4864130550","1042154259000","41273436"
"2016/08/22","25300","1000","4.12","24350","25550","24250","440267","11024452100","1044217930800","41273436"
"2016/08/19","24300","-200","-0.82","24500","24900","24300","210521","5168635850","1002944494800","41273436"
"2016/08/18","24500","450","1.87","24250","24550","23750","375226","9105406750","1011199182000","41273436"
"2016/08/17","24050","1200","5.25","22750","24250","22650","690453","16405498600","992626135800","41273436"
"2016/08/16","22850","-650","-2.77","23350","23500","22500","382397","8803058300","943098012600","41273436"
"2016/08/12","23500","-100","-0.42","23600","23900","23300","185267","4364777950","969925746000","41273436"
"2016/08/11","23600","-250","-1.05","23700","23950","23450","234004","5540569650","974053089600","41273436"
"2016/08/10","23850","50","0.21","23800","24150","23150","481994","11324324950","984371448600","41273436"
"2016/08/09","23800","-650","-2.66","24500","24550","23550","600728","14305247200","982307776800","41273436"
"2016/08/08","24450","-1050","-4.12","25700","25900","24400","351643","8737809750","1009135510200","41273436"
"2016/08/05","25500","150","0.59","25400","25900","25150","228034","5793424450","1052472618000","41273436"
"2016/08/04","25350","-500","-1.93","26100","26450","25050","436433","11125843850","1046281602600","41273436"
"2016/08/03","25850","-150","-0.58","25750","26350","25600","359170","9323572600","1066918320600","41273436"
"2016/08/02","26000","1000","4.00","25000","26200","24850","981461","25318793000","1073109336000","41273436"
"2016/08/01","25000","150","0.60","25300","25400","24700","289146","7220748550","1031835900000","41273436"
"2016/07/29","24850","650","2.69","24000","24850","23750","339079","8296403050","1025644884600","41273436"
"2016/07/28","24200","-350","-1.43","24650","24650","23700","362027","8669483950","998817151200","41273436"
"2016/07/27","24550","100","0.41","24600","25400","24200","406032","10073042700","1013262853800","41273436"
"2016/07/26","24450","-650","-2.59","25150","25200","24300","459319","11265695900","1009135510200","41273436"
"2016/07/25","25100","1350","5.68","24200","25250","24000","889618","22163039400","1035963243600","41273436"
"2016/07/22","23750","-400","-1.66","24150","24450","23550","412753","9835677700","980244105000","41273436"
"2016/07/21","24150","1800","8.05","22550","24950","22550","1602219","38399561250","996753479400","41273436"
"2016/07/20","22350","200","0.90","22050","22500","21700","278074","6111167150","922461294600","41273436"
"2016/07/19","22150","-350","-1.56","22300","22600","22050","254937","5694986350","914206607400","41273436"
"2016/07/18","22500","-100","-0.44","22650","23000","22250","242251","5441295300","928652310000","41273436"
"2016/07/15","22600","-700","-3.00","23400","23500","22600","312231","7161628200","932779653600","41273436"
"2016/07/14","23300","-300","-1.27","23600","23750","23150","254118","5926494250","961671058800","41273436"
"2016/07/13","23600","-50","-0.21","23700","24000","23350","226383","5349440800","974053089600","41273436"
"2016/07/12","23650","-250","-1.05","23950","23950","23200","421925","9920166400","976116761400","41273436"
"2016/07/11","23900","1550","6.94","22450","23900","22450","594821","13944899450","986435120400","41273436"
"2016/07/08","22350","-50","-0.22","22450","22550","21950","219315","4883273100","922461294600","41273436"
"2016/07/07","22400","-50","-0.22","22700","22950","22300","184446","4166485150","924524966400","41273436"
"2016/07/06","22450","-200","-0.88","22800","23300","22150","296861","6741900200","926588638200","41273436"
"2016/07/05","22650","-650","-2.79","23300","23450","22550","184234","4195132050","934843325400","41273436"
"2016/07/04","23300","400","1.75","23100","23300","22750","288078","6599461400","961671058800","41273436"
"2016/07/01","22900","50","0.22","22850","23650","22700","333336","7736982600","945161684400","41273436"
"2016/06/30","22850","0","0.00","23000","23150","22750","284483","6518993950","943098012600","41273436"
"2016/06/29","22850","550","2.47","22600","23200","22350","339833","7778151150","943098012600","41273436"
"2016/06/28","22300","300","1.36","21700","22350","21450","294151","6465682000","920397622800","41273436"
"2016/06/27","22000","-300","-1.35","21700","22100","21650","296732","6478210300","908015592000","41273436"
"2016/06/24","22300","-250","-1.11","22750","22950","21050","497001","10969635950","920397622800","41273436"
"2016/06/23","22550","-50","-0.22","22850","23150","22250","280974","6370706300","930715981800","41273436"
"2016/06/22","22600","-300","-1.31","22450","23000","22100","350083","7874093250","932779653600","41273436"
"2016/06/21","22900","300","1.33","22850","23000","22500","189942","4323573750","945161684400","41273436"
"2016/06/20","22600","50","0.22","22950","23100","22450","276870","6287078650","932779653600","41273436"
"2016/06/17","22550","-900","-3.84","23800","23900","22500","461013","10546592150","930715981800","41273436"
"2016/06/16","23450","-550","-2.29","24250","24350","23050","238544","5667942500","967862074200","41273436"
"2016/06/15","24000","450","1.91","23750","24650","23600","726199","17589816600","990562464000","41273436"
"2016/06/14","23550","350","1.51","23200","23600","22750","301217","6964243300","971989417800","41273436"
"2016/06/13","23200","-100","-0.43","23100","23800","22550","237648","5517384750","957543715200","41273436"
"2016/06/10","23300","-500","-2.10","23900","24000","23000","356100","8320014200","961671058800","41273436"
"2016/06/09","23800","-650","-2.66","24350","24450","23500","510681","12193442100","982307776800","41273436"
"2016/06/08","24450","600","2.52","23550","24550","22300","1280180","29802335750","1009135510200","41273436"
"2016/06/07","23850","-800","-3.25","24650","25000","23600","476965","11454747400","984371448600","41273436"
"2016/06/03","24650","550","2.28","24250","24800","23750","610313","14907111550","1017390197400","41273436"
"2016/06/02","24100","1350","5.93","22950","24150","22950","714242","16984722700","994689807600","41273436"
"2016/06/01","22750","550","2.48","22200","23100","22200","441879","10095518300","938970669000","41273436"
"2016/05/31","22200","-950","-4.10","23150","23200","22200","805575","18172422200","916270279200","41273436"
"2016/05/30","23150","350","1.54","22500","23800","22500","463562","10805418350","955480043400","41273436"
"2016/05/27","22800","-750","-3.18","23400","23500","22800","539781","12404223750","941034340800","41273436"
"2016/05/26","23550","150","0.64","23550","24250","22200","976991","22580758550","971989417800","41273436"
"2016/05/25","23400","1400","6.36","22200","23900","21750","1697747","39415757250","965798402400","41273436"
"2016/05/24","22000","1250","6.02","20900","22000","20750","1356120","29308275700","908015592000","41273436"
"2016/05/23","20750","400","1.97","20350","20950","20050","642829","13260647000","856423797000","41273436"
"2016/05/20","20350","1150","5.99","19250","20500","18900","838831","16528710200","839914422600","41273436"
"2016/05/19","19200","-650","-3.27","19950","20050","19050","807577","15625076550","792449971200","41273436"
"2016/05/18","19850","0","0.00","19900","20300","19200","798105","15865451850","819277704600","41273436"
"2016/05/17","19850","-450","-2.22","20400","20450","19300","1129696","22217478500","819277704600","41273436"
"2016/05/16","20300","750","3.84","19600","20500","19550","1105077","22064659450","837850750800","41273436"
"2016/05/13","19550","500","2.62","18950","19700","18800","1176400","22830862050","806895673800","41273436"
"2016/05/12","19050","900","4.96","18100","19300","17850","1280895","23882237050","786258955800","41273436"
"2016/05/11","18150","300","1.68","17950","18350","17700","763921","13753629650","749112863400","41273436"
"2016/05/10","17850","-50","-0.28","18000","18150","17600","753750","13500894350","736730832600","41273436"
"2016/05/09","17900","-50","-0.28","17950","18150","17350","1002894","17807296900","738794504400","41273436"
"2016/05/04","17950","750","4.36","17100","18350","16800","2585367","46372133950","740858176200","41273436"
"2016/05/03","17200","550","3.30","16850","17400","16200","2039838","34665140200","709903099200","41273436"
"2016/05/02","16650","-1900","-10.24","18550","18600","16000","5172035","88746223250","687202709400","41273436"